0 0.5 23.32041015625 45.20381562782353 113.72802734375 0.68603515625 0 0
10 1.2 0.6993001302083334 0.0655626555906538 113.72802734375 0.591796875 23.32041015625 5
20 1.2 0.7477010091145834 0.07748183042137842 113.72802734375 0.572021484375 7.352567784926471 17
30 0.7 0.7540108816964286 0.04179806006405183 113.72802734375 0.572021484375 4.619519463900862 29
40 1.6 0.7473602294921875 0.07096912332188417 113.72802734375 0.572021484375 3.867892795138889 36
50 1.6 0.7811431884765625 0.17472498624492755 113.72802734375 0.542236328125 2.9077289287860575 52
60 3.1 0.7246881300403226 0.09166481058107696 113.72802734375 0.531982421875 2.4073558134191178 68
70 5.1 0.6823538985906863 0.1512734542111219 113.72802734375 0.516845703125 1.8804598721590908 99
80 3.8 0.8622725637335527 0.8345558452733479 113.72802734375 0.516845703125 1.4731038411458333 150
90 4.8 0.7163441975911459 0.16018159394111484 113.72802734375 0.516845703125 1.3496379446476063 188
100 7.6 0.702064915707237 0.11621814185891557 113.72802734375 0.516845703125 1.220832436771716 236
110 9.6 0.6185938517252604 0.0965150577442942 113.72802734375 0.486083984375 1.0944659893329327 312
120 3.2 0.6200714111328125 0.05353324062464816 113.72802734375 0.486083984375 0.9824960746017157 408
130 0 0 0 113.72802734375 0.486083984375 0.9561379172585227 440
140 0 0 0 113.72802734375 0.486083984375 0.9561379172585227 440
150 0 0 0 113.72802734375 0.486083984375 0.9561379172585227 440
160 0 0 0 113.72802734375 0.486083984375 0.9561379172585227 440
170 0 0 0 113.72802734375 0.486083984375 0.9561379172585227 440
180 0 0 0 113.72802734375 0.486083984375 0.9561379172585227 440
190 0 0 0 113.72802734375 0.486083984375 0.9561379172585227 440
200 0 0 0 113.72802734375 0.486083984375 0.9561379172585227 440
210 0 0 0 113.72802734375 0.486083984375 0.9561379172585227 440
220 0 0 0 113.72802734375 0.486083984375 0.9561379172585227 440
230 0 0 0 113.72802734375 0.486083984375 0.9561379172585227 440
240 0 0 0 113.72802734375 0.486083984375 0.9561379172585227 440
250 0 0 0 113.72802734375 0.486083984375 0.9561379172585227 440
260 0 0 0 113.72802734375 0.486083984375 0.9561379172585227 440
270 0 0 0 113.72802734375 0.486083984375 0.9561379172585227 440
280 0 0 0 113.72802734375 0.486083984375 0.9561379172585227 440
290 0 0 0 113.72802734375 0.486083984375 0.9561379172585227 440
300 0 0 0 113.72802734375 0.486083984375 0.9561379172585227 440
303 0 0 0 113.72802734375 0.486083984375 0.9561379172585227 440
