0 0.1 3161.59375 0 3161.59375 3161.59375 0 0
10 0.1 3160.84765625 0.0 3161.59375 3160.84765625 3161.59375 1
20 0.1 3158.68359375 0.0 3161.59375 3158.68359375 3161.220703125 2
30 0.1 3158.0859375 0.0 3161.59375 3158.0859375 3160.375 3
40 0.1 3158.12890625 0.0 3161.59375 3158.0859375 3159.802734375 4
50 0.1 3156.44140625 0.0 3161.59375 3156.44140625 3159.46796875 5
60 0.1 3156.73828125 0.0 3161.59375 3156.44140625 3158.9635416666665 6
70 0.1 3156.375 0.0 3161.59375 3156.375 3158.6456473214284 7
80 0.1 3153.23828125 0.0 3161.59375 3153.23828125 3158.36181640625 8
90 0.1 3151.79296875 0.0 3161.59375 3151.79296875 3157.792534722222 9
100 0.1 3151.5625 0.0 3161.59375 3151.5625 3157.192578125 10
110 0.1 3150.39453125 0.0 3161.59375 3150.39453125 3156.680752840909 11
120 0.1 3149.52734375 0.0 3161.59375 3149.52734375 3156.1569010416665 12
130 0.1 3149.40625 0.0 3161.59375 3149.40625 3155.646935096154 13
140 0.1 3149.3046875 0.0 3161.59375 3149.3046875 3155.201171875 14
150 0.1 3149.0859375 0.0 3161.59375 3149.0859375 3154.808072916667 15
160 0.1 3148.73828125 0.0 3161.59375 3148.73828125 3154.450439453125 16
170 0.1 3148.26171875 0.0 3161.59375 3148.26171875 3154.114430147059 17
180 0.1 3148.30078125 0.0 3161.59375 3148.26171875 3153.7892795138887 18
190 0.1 3147.796875 0.0 3161.59375 3147.796875 3153.5004111842104 19
200 0.1 3147.68359375 0.0 3161.59375 3147.68359375 3153.215234375 20
210 0.1 3147.57421875 0.0 3161.59375 3147.57421875 3152.9518229166665 21
220 0.1 3147.09765625 0.0 3161.59375 3147.09765625 3152.7073863636365 22
230 0.1 3147.1328125 0.0 3161.59375 3147.09765625 3152.463485054348 23
240 0.1 3147.0 0.0 3161.59375 3147.0 3152.2413736979165 24
250 0.1 3147.0390625 0.0 3161.59375 3147.0 3152.03171875 25
260 0.1 3146.88671875 0.0 3161.59375 3146.88671875 3151.8396935096152 26
270 0.1 3146.92578125 0.0 3161.59375 3146.88671875 3151.65625 27
280 0.1 3146.79296875 0.0 3161.59375 3146.79296875 3151.4873046875 28
290 0.1 3146.55859375 0.0 3161.59375 3146.55859375 3151.325431034483 29
300 0.1 3146.8125 0.0 3161.59375 3146.55859375 3151.166536458333 30
