0 1 13.6529296875 36.238107594498224 122.36083984375 1.016845703125 0 0
10 0.9 1.6335720486111112 0.3091859876854851 122.36083984375 1.016845703125 13.6529296875 10
20 1.1 1.9139959161931819 0.7599941129641037 122.36083984375 1.016845703125 7.9595497532894735 19
30 1.7 1.5391343060661764 0.35092083349846637 122.36083984375 1.016845703125 5.7428466796875 30
40 1.9 1.5719315378289473 0.36924289027676604 122.36083984375 1.016845703125 4.222354970079787 47
50 1.6 1.62420654296875 0.4464803865710158 122.36083984375 1.016845703125 3.459354285037879 66
60 2.2 2.639071377840909 4.470054951597195 122.36083984375 1.016845703125 3.101276676829268 82
70 3.2 1.85333251953125 0.760571094513282 122.36083984375 0.969970703125 3.0035024789663463 104
80 3.5 1.69921875 0.6359325988516397 122.36083984375 0.969970703125 2.7328742532169117 136
90 7.4 1.4719535209037162 0.4769736388817607 122.36083984375 0.94482421875 2.521307337353801 171
100 8.4 1.4862816220238093 0.42767328650368236 122.36083984375 0.94482421875 2.204359654017857 245
110 7.9 1.549934483781646 0.6611184786010652 122.36083984375 0.93896484375 2.0210205820193767 329
120 12.1 1.7818754842458675 2.4660919726308297 122.36083984375 0.93017578125 1.9298053816253065 408
130 17.5 2.0627371651785706 2.442482579068953 122.36083984375 0.892822265625 1.8959688644553403 529
140 15.5 1.6424395161290326 0.9014159592790988 122.36083984375 0.86083984375 1.937424052845348 704
150 29.7 1.537421743476431 0.5730228714117303 122.36083984375 0.86083984375 1.8841963424949069 859
160 32.9 1.635964808130699 1.0597042669753822 122.36083984375 0.86083984375 1.7951028685256272 1156
170 32.3 1.614869297842492 0.8321847045418771 122.36083984375 0.85302734375 1.7598460187815657 1485
180 50.1 1.6787382266716562 3.7500919724119868 122.36083984375 0.83203125 1.7339458634368086 1808
190 61.5 1.5427785981961388 0.9593983015623229 122.36083984375 0.824951171875 1.721967073476072 2309
200 59.3 1.4905172158252527 1.2952403793896745 122.36083984375 0.824951171875 1.6842786629777273 2924
210 104 1.537892972506009 1.6158687650847152 122.36083984375 0.7900390625 1.6516086208505119 3517
220 124.5 1.433932017131026 1.101579477307939 122.36083984375 0.7900390625 1.625656399152403 4557
230 126.5 1.4713261178359687 0.9245723290134927 122.36083984375 0.7900390625 1.5845159552336483 5802
240 192.1 1.815312637257613 1.7979926069914571 122.36083984375 0.77685546875 1.5642548622227432 7067
250 221.2 2.331739208366295 3.166664461497143 122.36083984375 0.77685546875 1.617913294114375 8988
260 221 2.2348195347850677 3.455417571952239 122.36083984375 0.77685546875 1.7588939121791292 11200
270 304.8 3.4456510769100634 4.140791686874507 122.36083984375 0.697998046875 1.8373275904758573 13410
280 323.8 3.559851323034088 4.112220764066238 122.36083984375 0.679931640625 2.1351869893488344 16458
290 329.5 3.4245769217090287 3.7378691368807475 122.36083984375 0.679931640625 2.3694001855548077 19696
300 78.1 3.561521249299775 4.238002989229016 122.36083984375 0.679931640625 2.520624897208418 22991
310 0 0 0 122.36083984375 0.679931640625 2.554822274416198 23772
313 0 0 0 122.36083984375 0.679931640625 2.554822274416198 23772
