0 0.1 2.8361288333875687 0 2.8361288333875687 2.8361288333875687 0 0
10 0.1 2.4630541871921183 0.0 2.8361288333875687 2.4630541871921183 2.8361288333875687 1
20 0.1 1.477832512315271 0.0 2.8361288333875687 1.477832512315271 2.6495915102898433 2
30 0.1 1.282051282051282 0.0 2.8361288333875687 1.282051282051282 2.259005177631652 3
40 0.1 1.582591493570722 0.0 2.8361288333875687 1.282051282051282 2.0147667037365595 4
50 0.1 1.8682399213372665 0.0 2.8361288333875687 1.282051282051282 1.9283316617033919 5
60 0.1 1.4763779527559056 0.0 2.8361288333875687 1.282051282051282 1.918316371642371 6
70 0.1 1.87192118226601 0.0 2.8361288333875687 1.282051282051282 1.8551823118014474 7
80 0.1 2.171767028627838 0.0 2.8361288333875687 1.282051282051282 1.8572746706095178 8
90 0.1 2.1653543307086616 0.0 2.8361288333875687 1.282051282051282 1.8922182659448867 9
100 0.1 4.223968565815324 0.0 4.223968565815324 1.282051282051282 1.9195318724212644 10
110 0.1 4.023552502453385 0.0 4.223968565815324 1.282051282051282 2.1290261172752696 11
120 0.1 3.8348082595870205 0.0 4.223968565815324 1.282051282051282 2.2869033160401124 12
130 0.1 5.325443786982249 0.0 5.325443786982249 1.282051282051282 2.4059729270821824 13
140 0.1 7.066795740561471 0.0 7.066795740561471 1.282051282051282 2.6145065599321873 14
150 0.1 6.102362204724409 0.0 7.066795740561471 1.282051282051282 2.9113258386408063 15
160 0.1 11.165523996082271 0.0 11.165523996082271 1.282051282051282 3.1107656115210314 16
170 0.1 12.5 0.0 12.5 1.282051282051282 3.584574928259928 17
180 0.1 11.251212415130942 0.0 12.5 1.282051282051282 4.0798763211343765 18
190 0.1 20.49808429118774 0.0 20.49808429118774 1.282051282051282 4.457315062923669 19
200 0.1 20.29126213592233 0.0 20.49808429118774 1.282051282051282 5.2593535243368725 20
210 0.1 21.00760456273764 0.0 21.00760456273764 1.282051282051282 5.975158696317133 21
220 0.1 35.38315988647114 0.0 35.38315988647114 1.282051282051282 6.658451690245338 22
230 0.1 34.476190476190474 0.0 35.38315988647114 1.282051282051282 7.907352046602981 23
240 0.1 35.91160220994475 0.0 35.91160220994475 1.282051282051282 9.014386981169126 24
250 0.1 47.08994708994709 0.0 47.08994708994709 1.282051282051282 10.090275590320152 25
260 0.1 47.37302977232925 0.0 47.37302977232925 1.282051282051282 11.513339878767342 26
270 0.1 48.010160880609654 0.0 48.010160880609654 1.282051282051282 12.841476541491856 27
280 0.1 51.82539682539683 0.0 51.82539682539683 1.282051282051282 14.097500982174635 28
290 0.1 51.85185185185185 0.0 51.85185185185185 1.282051282051282 15.398462907802985 29
300 0.1 44.87072560467056 0.0 51.85185185185185 1.282051282051282 16.613575872604613 30
310 0.1 3.140333660451423 0.0 51.85185185185185 1.282051282051282 17.525096831703518 31
