0 1 24.3322265625 36.593150296790434 134.06396484375 10.72119140625 0 0
10 0.9 12.225206163194445 1.0938433780537793 134.06396484375 10.72119140625 24.3322265625 10
20 1.1 12.917702414772727 1.2903089332978321 134.06396484375 9.93115234375 18.59732216282895 19
30 1.7 11.714973000919118 1.2838860684634796 134.06396484375 9.39013671875 16.514794921875 30
40 1.9 11.922800164473685 1.3280746487711874 134.06396484375 9.39013671875 14.778689120678191 47
50 1.6 11.792724609375 1.2351848263604717 134.06396484375 9.39013671875 13.956539269649621 66
60 2.2 13.247125799005682 4.805025174796427 134.06396484375 9.385009765625 13.53433153105945 82
70 3.2 12.790992736816406 1.9997721849266936 134.06396484375 9.385009765625 13.47357647235577 104
80 3.5 12.380461774553572 1.9390802821828712 134.06396484375 9.385009765625 13.3129685345818 136
90 7.4 11.903541358741554 2.056389586000441 134.06396484375 8.677001953125 13.122104577850877 171
100 8.4 11.626842680431546 1.617683627820737 134.06396484375 8.35498046875 12.754048748405612 245
110 7.9 11.674919031843356 1.7370950078674567 134.06396484375 8.35498046875 12.466251454454786 329
120 12.1 11.77868147920971 2.9789755949590058 134.06396484375 8.304931640625 12.313027774586397 408
130 17.5 13.269547991071434 3.971619896530521 134.06396484375 8.304931640625 12.190804897950143 529
140 15.5 12.222615297379033 2.3148068899985925 134.06396484375 8.304931640625 12.458958365700465 704
150 29.7 11.758788240477687 2.6534345717832153 134.06396484375 8.304931640625 12.41631206117215 859
160 32.9 12.361456502897033 4.345146099111833 134.06396484375 8.304931640625 12.247380768139058 1156
170 32.3 11.677584716041016 2.1921498461528754 134.06396484375 8.304931640625 12.272654112742003 1485
180 50.1 11.607290302208087 7.087571994213942 139.3369140625 8.0400390625 12.16634470171633 1808
190 61.2 11.683374741498168 2.7187574534678127 139.3369140625 8.0400390625 12.04504272936742 2309
200 59.6 11.395933829697986 2.578836722858567 139.3369140625 8.0400390625 11.96926703317571 2921
210 103.9 12.792311990570857 17.580378515642476 332.550048828125 7.89697265625 11.872108492012012 3517
220 124.4 11.107544730330595 3.0440407633833777 332.550048828125 7.89697265625 12.081961748158335 4556
230 126.6 11.235939736991515 2.5373813563115637 332.550048828125 7.89697265625 11.872966098127696 5800
240 192.2 12.946876930768742 4.477629825220239 332.550048828125 7.89697265625 11.758831457142925 7066
250 220.9 18.69617732588986 64.55059380680747 1329.9130859375 7.89697265625 12.01288390488534 8988
260 220.9 14.151196985344043 6.701822564414789 1329.9130859375 7.89697265625 13.331397360900251 11197
270 304.7 18.493759230390598 7.2571029988896365 1329.9130859375 7.89697265625 13.466481455365143 13406
280 324.3 18.950936316561602 7.022110758358634 1329.9130859375 7.848876953125 14.397504088350164 16453
290 328.9 18.399368188706703 6.514825000804899 1329.9130859375 7.848876953125 15.14723909627511 19696
300 78.7 18.103746426302386 6.898060131843074 1329.9130859375 7.848876953125 15.612597050811004 22985
310 0 0 0 1329.9130859375 7.848876953125 15.69506947881503 23772
313 0 0 0 1329.9130859375 7.848876953125 15.69506947881503 23772
