10 0.1 243 0 243 243 0 0
20 0.1 195.0 0.0 243 195 243.0 1
30 0.1 195.0 0.0 243 195 219.0 2
40 0.1 441.0 0.0 441 195 211.0 3
50 0.1 354.0 0.0 441 195 268.5 4
60 0.1 304.0 0.0 441 195 285.6 5
70 0.1 524.0 0.0 524 195 288.6666666666667 6
80 0.1 718.0 0.0 718 195 322.2857142857143 7
90 0.1 700.0 0.0 718 195 371.75 8
100 0.1 1783.0 0.0 1783 195 408.22222222222223 9
110 0.1 1627.0 0.0 1783 195 545.7 10
120 0.1 1649.0 0.0 1783 195 644.0 11
130 0.1 2984.0 0.0 2984 195 727.75 12
140 0.1 3599.0 0.0 3599 195 901.3076923076923 13
150 0.1 3067.0 0.0 3599 195 1094.0 14
160 0.1 6830.0 0.0 6830 195 1225.5333333333333 15
170 0.1 6466.0 0.0 6830 195 1575.8125 16
180 0.1 6286.0 0.0 6830 195 1863.4705882352941 17
190 0.1 12383.0 0.0 12383 195 2109.1666666666665 18
200 0.1 12539.0 0.0 12539 195 2649.8947368421054 19
210 0.1 12720.0 0.0 12720 195 3144.35 20
220 0.1 25274.0 0.0 25274 195 3600.3333333333335 21
230 0.1 24416.0 0.0 25274 195 4585.5 22
240 0.1 25918.0 0.0 25918 195 5447.695652173913 23
250 0.1 39118.0 0.0 39118 195 6300.625 24
260 0.1 39715.0 0.0 39715 195 7613.32 25
270 0.1 40647.0 0.0 40647 195 8848.0 26
280 0.1 46102.0 0.0 46102 195 10025.74074074074 27
290 0.1 44755.0 0.0 46102 195 11314.17857142857 28
300 0.1 35624.0 0.0 46102 195 12467.310344827587 29
310 0.1 542.0 0.0 46102 195 13239.2 30
