0 0.7 1291.3920200892858 1108.8370598251963 3626.114990234375 81.984130859375 0 0
10 1.2 2229.1998901367188 2301.833211168737 8658.128173828125 28.096923828125 1291.3920200892858 7
20 0.8 1784.9926147460938 1800.9250496098512 8658.128173828125 28.096923828125 1883.6917274876644 19
30 1.9 1578.5929019325658 1935.628013493413 8658.128173828125 28.096923828125 1854.4475459346065 27
40 1.9 1894.2857216282894 1657.5453656272573 8658.128173828125 28.096923828125 1740.5075842815897 46
50 1.6 1583.598892211914 1055.2933986150776 8658.128173828125 28.096923828125 1785.458116736779 65
60 1.9 1610.1287649054277 1277.238647642928 8658.128173828125 15.116943359375 1745.584689670139 81
70 3.1 1094.2812815020163 876.1380716107565 8658.128173828125 15.116943359375 1719.8480639648437 100
80 3.3 2461.450720584754 2938.321259838113 15069.320068359375 15.116943359375 1571.8131765118083 131
90 6.5 2103.567750901442 2119.005623591164 15069.320068359375 15.116943359375 1750.8256091606327 164
100 8.5 1783.8444450827205 1540.143548998596 15069.320068359375 15.116943359375 1850.9489245019104 229
110 7.7 2122.4234634993913 2072.986248587542 15069.320068359375 15.116943359375 1832.783699181429 314
120 11.2 1857.2689470563619 1732.1283558539296 15069.320068359375 15.116943359375 1889.8227320522299 391
130 17.5 1823.1403515625 1780.5457983573326 15069.320068359375 15.116943359375 1882.5741755521558 503
140 15.4 1930.7623465401787 1987.435498038198 15069.320068359375 14.0458984375 1867.2335867642653 678
150 26.3 1592.6983721482886 1791.0824707939323 16321.071044921875 13.049072265625 1878.992515857403 832
160 32.5 1984.1422618689896 1995.6961226756282 16321.071044921875 13.049072265625 1810.229630199415 1095
170 31.4 2204.8082493095644 2261.5629302291923 16321.071044921875 13.049072265625 1850.0335775885783 1420
180 46.6 1780.6882507586172 1694.1372366664646 16321.071044921875 13.049072265625 1914.2776646245584 1734
190 59.1 1986.4130388443834 2040.6856198418027 16321.071044921875 13.049072265625 1885.9809978693181 2200
200 60.9 2029.378055967132 2023.3957227633682 16321.071044921875 13.049072265625 1907.247689455224 2791
210 98.3 1674.8325267337714 1609.9124249277577 16321.071044921875 13.049072265625 1929.1233933392687 3400
220 123.5 1924.700143716789 1810.7999405601242 16334.035888671875 13.049072265625 1872.0921540344082 4383
230 124.6 2024.5627596198453 2094.099541242162 16648.1611328125 13.049072265625 1883.6569221472134 5618
240 177.2 1934.7866434136045 1861.2038422796445 16648.1611328125 13.049072265625 1909.2351088446053 6864
250 217.4 2027.6285894511498 1945.2935059837007 16648.1611328125 13.049072265625 1914.4779665630242 8636
260 221.4 2008.9727472238076 1930.274385262034 16648.1611328125 13.049072265625 1937.2336977525513 10810
270 289.3 1912.5331149373205 1906.4042625728869 17407.320068359375 13.049072265625 1949.4288955051127 13024
280 322.6 1975.2992896158646 1935.1980109736105 17407.320068359375 13.049072265625 1942.7228897764815 15917
290 316.7 2022.056959541883 1972.6515726150278 17441.839111328125 13.049072265625 1948.2127015030576 19143
300 144.8 2933.898569855241 2299.174450933878 17441.839111328125 13.049072265625 1958.695210028784 22310
310 1.4 11545.557425362724 3522.3390313471355 20606.490966796875 13.049072265625 2018.131798337089 23758
313 0 0 0 20606.490966796875 13.049072265625 2023.7427674931703 23772
