0 1.4453125 1.4453125
10 1.30078125 2.74609375
20 1.58984375 4.3359375
30 2.45703125 6.79296875
40 2.74609375 9.5390625
50 2.3125 11.8515625
60 3.1796875 15.03125
70 4.625 19.65625
80 5.05859375 24.71484375
90 10.6953125 35.41015625
100 12.140625 47.55078125
110 11.41796875 58.96875
120 17.48828125 76.45703125
130 25.29296875 101.75
140 22.40234375 124.15234375
150 42.92578125 167.078125
160 47.55078125 214.62890625
170 46.68359375 261.3125
180 72.41015625 333.72265625
190 88.88671875 422.609375
200 85.70703125 508.31640625
210 150.3125 658.62890625
220 179.94140625 838.5703125
230 182.83203125 1021.40234375
240 277.64453125 1299.046875
250 319.703125 1618.75
260 319.4140625 1938.1640625
270 440.53125 2378.6953125
280 467.9921875 2846.6875
290 476.23046875 3322.91796875
300 112.87890625 3435.796875
310 0 3435.796875
313 0 3435.796875
