0 193.97890625 193.97890625
10 175.5625 369.54140625
20 214.03984375 583.58125
30 331.9078125 915.4890625
40 369.5484375 1285.0375
50 310.23515625 1595.27265625
60 427.26953125 2022.5421875
70 625.3484375 2647.890625
80 685.4546875 3333.3453125
90 1457.7421875 4791.0875
100 1647.625 6438.7125
110 1554.69140625 7993.40390625
120 2365.00625 10358.41015625
130 3439.67734375 13798.0875
140 3056.75390625 16854.84140625
150 5835.5625 22690.40390625
160 6505.0171875 29195.42109375
170 6360.11796875 35555.5390625
180 9888.109375 45443.6484375
190 12107.35390625 57551.00234375
200 11773.9828125 69324.98515625
210 20469.03203125 89794.0171875
220 24479.62890625 114273.64609375
230 24924.10390625 139197.75
240 37758.04609375 176955.79609375
250 43385.69140625 220341.4875
260 43467.66015625 263809.14765625
270 59974.37890625 323783.5265625
280 63759.32109375 387542.84765625
290 64657.18671875 452200.034375
300 15427.25703125 467627.29140625
310 0 467627.29140625
313 0 467627.29140625
