0 0.9 13.523844401041666 35.823507306309295 114.847900390625 0.796875 0 0
10 1.5 0.8954915364583333 0.07916716525272172 114.847900390625 0.796875 13.523844401041666 9
20 0.6 0.8694254557291666 0.033845386833825195 114.847900390625 0.796875 5.631123860677083 24
30 0.9 0.9463704427083334 0.08353376127591615 114.847900390625 0.796875 4.6787841796875 30
40 2.4 0.8777058919270834 0.03706215760164168 114.847900390625 0.782958984375 3.8174579326923075 39
50 2.1 0.9288271949404762 0.10231673152818593 114.847900390625 0.782958984375 2.6975523933531744 63
60 3.4 0.8738367417279411 0.05657577853517326 114.847900390625 0.68603515625 2.25537109375 84
70 3.9 0.8505233373397436 0.07573242062276911 114.847900390625 0.554931640625 1.8573018736758475 118
80 4.9 1.0287687340561225 1.129517629201565 114.847900390625 0.554931640625 1.6072103901273886 157
90 7.8 0.8722894130608975 0.20710590491009578 114.847900390625 0.552978515625 1.4696198991201457 206
100 7.2 0.8638170030381944 0.4098487521572768 114.847900390625 0.535888671875 1.3055643430897887 284
110 8 0.8324249267578125 0.11938875027893198 114.847900390625 0.513916015625 1.2162221844276686 356
120 14.4 0.8012898763020834 0.32846998630255086 114.847900390625 0.513916015625 1.1458006692588876 436
130 17.5 0.7610463169642857 0.11940222070218659 114.847900390625 0.513916015625 1.0602669551454742 580
140 14.7 0.9577836017219385 0.6977178057189798 114.847900390625 0.513916015625 0.9909111780836093 755
150 27 0.7496591073495369 0.19647142566686673 114.847900390625 0.513916015625 0.9855123380335366 902
160 31.3 0.7097854370507188 0.12551403935509062 114.847900390625 0.51123046875 0.9311775493947312 1172
170 33.3 0.7432051191816815 0.311465907839524 114.847900390625 0.509033203125 0.8845137573653199 1485
180 57 0.7294746265076753 0.5394448977145212 114.847900390625 0.50390625 0.8586304919554455 1818
190 59.7 0.7254276754868092 0.5802317467658281 114.847900390625 0.50390625 0.8278018306048471 2388
200 60.2 0.9399592504152824 1.0134567868936193 114.847900390625 0.50390625 0.8073269995812395 2985
210 110.4 0.784713081691576 0.8983752203336763 114.847900390625 0.50390625 0.8295864406189016 3587
220 121.2 0.836483593427702 0.8732825259545571 114.847900390625 0.50390625 0.8190257524381795 4691
230 121.8 0.8134364737274223 1.6631554189949866 114.847900390625 0.492919921875 0.8226101846386371 5903
240 211.6 0.7271551986723174 0.47882912959111934 114.847900390625 0.47900390625 0.8210410819999825 7121
250 239 0.6854257240455035 0.9766772517562676 114.847900390625 0.47900390625 0.7995338254100355 9237
260 242 1.1620210001291316 20.30396468883619 998.8369140625 0.47900390625 0.7760782167180916 11627
270 426.8 0.8510709010001761 1.1544858239811198 998.8369140625 0.475830078125 0.842567967971364 14047
280 469.3 0.8593347347445661 1.5247909651500224 998.8369140625 0.475830078125 0.8445494322447449 18315
290 469.6 0.9805370636246235 1.5164646780341542 998.8369140625 0.475830078125 0.847565227821573 23008
297 105.2 0.7951759947570105 0.5857636911784198 998.8369140625 0.475830078125 0.8701047795444694 27704
