0 0.1 4.797589291971314 0 4.797589291971314 4.797589291971314 0 0
10 0.1 1.7769002961500493 0.0 4.797589291971314 1.7769002961500493 4.797589291971314 1
20 0.1 0.9891196834817012 0.0 4.797589291971314 0.9891196834817012 3.2872447940606815 2
30 0.1 0.9871668311944718 0.0 4.797589291971314 0.9871668311944718 2.5212030905343545 3
40 0.1 1.1846001974333662 0.0 4.797589291971314 0.9871668311944718 2.1376940256993837 4
50 0.1 1.0912698412698412 0.0 4.797589291971314 0.9871668311944718 1.94707526004618 5
60 0.1 1.089108910891089 0.0 4.797589291971314 0.9871668311944718 1.804441023583457 6
70 0.1 1.6798418972332017 0.0 4.797589291971314 0.9871668311944718 1.7022507217702614 7
80 0.1 1.8774703557312251 0.0 4.797589291971314 0.9871668311944718 1.699449618703129 8
90 0.1 1.5810276679841897 0.0 4.797589291971314 0.9871668311944718 1.7192297005951396 9
100 0.1 2.7722772277227725 0.0 4.797589291971314 0.9871668311944718 1.7054094973340448 10
110 0.1 2.180376610505451 0.0 4.797589291971314 0.9871668311944718 1.802397472823929 11
120 0.1 2.083333333333333 0.0 4.797589291971314 0.9871668311944718 1.8338957342973892 12
130 0.1 3.5856573705179287 0.0 4.797589291971314 0.9871668311944718 1.8530832419155385 13
140 0.1 3.869047619047619 0.0 4.797589291971314 0.9871668311944718 1.9768385368157093 14
150 0.1 3.751233958538993 0.0 4.797589291971314 0.9871668311944718 2.1029858089645033 15
160 0.1 6.4484126984126995 0.0 6.4484126984126995 0.9871668311944718 2.206001318312909 16
170 0.1 6.772908366533864 0.0 6.772908366533864 0.9871668311944718 2.455554928907014 17
180 0.1 7.07876370887338 0.0 7.07876370887338 0.9871668311944718 2.695407897664061 18
190 0.1 10.285132382892057 0.0 10.285132382892057 0.9871668311944718 2.926110835096131 19
200 0.1 10.552763819095476 0.0 10.552763819095476 0.9871668311944718 3.294061912485927 20
210 0.1 12.324649298597194 0.0 12.324649298597194 0.9871668311944718 3.6397143842292388 21
220 0.1 20.62374245472837 0.0 20.62374245472837 0.9871668311944718 4.034484153064145 22
230 0.1 20.038910505836576 0.0 20.62374245472837 0.9871668311944718 4.755756253136504 23
240 0.1 20.42900919305414 0.0 20.62374245472837 0.9871668311944718 5.392554346999007 24
250 0.1 32.205128205128204 0.0 32.205128205128204 0.9871668311944718 5.994012540841212 25
260 0.1 32.30134158926729 0.0 32.30134158926729 0.9871668311944718 7.002132374083019 26
270 0.1 33.70558375634518 0.0 33.70558375634518 0.9871668311944718 7.939140122793548 27
280 0.1 44.476190476190474 0.0 44.476190476190474 0.9871668311944718 8.859370252563249 28
290 0.1 44.89402697495183 0.0 44.89402697495183 0.9871668311944718 10.087536467171084 29
297 0.1 34.57142857142857 0.0 44.89402697495183 0.9871668311944718 11.247752817430442 30
