0 0.1 0.0 0 0.0 0.0 0 0
10 0.1 0.0 0.0 0.0 0.0 0.0 1
20 0.1 0.0 0.0 0.0 0.0 0.0 2
30 0.1 0.0 0.0 0.0 0.0 0.0 3
40 0.1 0.0 0.0 0.0 0.0 0.0 4
50 0.1 0.0 0.0 0.0 0.0 0.0 5
60 0.1 0.0 0.0 0.0 0.0 0.0 6
70 0.1 0.0 0.0 0.0 0.0 0.0 7
80 0.1 0.0 0.0 0.0 0.0 0.0 8
90 0.1 0.0 0.0 0.0 0.0 0.0 9
100 0.1 0.0 0.0 0.0 0.0 0.0 10
110 0.1 0.0 0.0 0.0 0.0 0.0 11
120 0.1 0.0 0.0 0.0 0.0 0.0 12
130 0.1 0.0 0.0 0.0 0.0 0.0 13
140 0.1 0.0 0.0 0.0 0.0 0.0 14
150 0.1 0.0 0.0 0.0 0.0 0.0 15
160 0.1 0.0 0.0 0.0 0.0 0.0 16
170 0.1 0.0 0.0 0.0 0.0 0.0 17
180 0.1 0.0 0.0 0.0 0.0 0.0 18
190 0.1 0.0 0.0 0.0 0.0 0.0 19
200 0.1 0.0703125 0.0 0.0703125 0.0 0.0 20
210 0.1 0.05859375 0.0 0.0703125 0.0 0.0033482142857142855 21
220 0.1 0.05078125 0.0 0.0703125 0.0 0.005859375 22
230 0.1 0.0390625 0.0 0.0703125 0.0 0.0078125 23
240 0.1 0.0390625 0.0 0.0703125 0.0 0.009114583333333334 24
250 0.1 0.03125 0.0 0.0703125 0.0 0.0103125 25
260 0.1 0.03125 0.0 0.0703125 0.0 0.011117788461538462 26
270 0.1 0.1015625 0.0 0.1015625 0.0 0.011863425925925927 27
280 0.1 0.078125 0.0 0.1015625 0.0 0.015066964285714286 28
290 0.1 0.21875 0.0 0.21875 0.0 0.017241379310344827 29
297 0.1 0.19140625 0.0 0.21875 0.0 0.023958333333333335 30
