10 0.1 221 0 221 221 0 0
20 0.1 308.0 0.0 308 221 221.0 1
30 0.1 133.0 0.0 308 133 264.5 2
40 0.1 243.0 0.0 308 133 220.66666666666666 3
50 0.1 572.0 0.0 572 133 226.25 4
60 0.1 396.0 0.0 572 133 295.4 5
70 0.1 861.0 0.0 861 133 312.1666666666667 6
80 0.1 1033.0 0.0 1033 133 390.57142857142856 7
90 0.1 770.0 0.0 1033 133 470.875 8
100 0.1 2025.0 0.0 2025 133 504.1111111111111 9
110 0.1 1650.0 0.0 2025 133 656.2 10
120 0.1 1607.0 0.0 2025 133 746.5454545454545 11
130 0.1 3740.0 0.0 3740 133 818.25 12
140 0.1 3764.0 0.0 3764 133 1043.0 13
150 0.1 3280.0 0.0 3764 133 1237.357142857143 14
160 0.1 6674.0 0.0 6674 133 1373.5333333333333 15
170 0.1 7307.0 0.0 7307 133 1704.8125 16
180 0.1 7833.0 0.0 7833 133 2034.3529411764705 17
190 0.1 13933.0 0.0 13933 133 2356.5 18
200 0.1 13214.0 0.0 13933 133 2965.7894736842104 19
210 0.1 15837.0 0.0 15837 133 3478.2 20
220 0.1 27773.0 0.0 27773 133 4066.714285714286 21
230 0.1 26732.0 0.0 27773 133 5144.272727272727 22
240 0.1 29593.0 0.0 29593 133 6082.869565217391 23
250 0.1 42766.0 0.0 42766 133 7062.458333333333 24
260 0.1 43478.0 0.0 43478 133 8490.6 25
270 0.1 43591.0 0.0 43591 133 9836.26923076923 26
280 0.1 50221.0 0.0 50221 133 11086.444444444445 27
290 0.1 47768.0 0.0 50221 133 12484.107142857143 28
297 0.1 37395.0 0.0 50221 133 13700.793103448275 29
