10 0.1 174 0 174 174 0 0
20 0.1 248.0 0.0 248 174 174.0 1
30 0.1 108.0 0.0 248 108 211.0 2
40 0.1 202.0 0.0 248 108 176.66666666666666 3
50 0.1 459.0 0.0 459 108 183.0 4
60 0.1 342.0 0.0 459 108 238.2 5
70 0.1 749.0 0.0 749 108 255.5 6
80 0.1 802.0 0.0 802 108 326.0 7
90 0.1 621.0 0.0 802 108 385.5 8
100 0.1 1649.0 0.0 1649 108 411.6666666666667 9
110 0.1 1369.0 0.0 1649 108 535.4 10
120 0.1 1395.0 0.0 1649 108 611.1818181818181 11
130 0.1 3006.0 0.0 3006 108 676.4999999999999 12
140 0.1 3166.0 0.0 3166 108 855.6923076923075 13
150 0.1 2702.0 0.0 3166 108 1020.7142857142856 14
160 0.1 5539.0 0.0 5539 108 1132.8 15
170 0.1 5950.0 0.0 5950 108 1408.1875 16
180 0.1 6542.0 0.0 6542 108 1675.3529411764705 17
190 0.1 11516.0 0.0 11516 108 1945.7222222222222 18
200 0.1 10896.0 0.0 11516 108 2449.4210526315787 19
210 0.1 12747.0 0.0 12747 108 2871.7499999999995 20
220 0.1 22297.0 0.0 22297 108 3342.0 21
230 0.1 20971.0 0.0 22297 108 4203.590909090909 22
240 0.1 23731.0 0.0 23731 108 4932.608695652174 23
250 0.1 35465.0 0.0 35465 108 5715.875 24
260 0.1 36195.0 0.0 36195 108 6905.84 25
270 0.1 37532.0 0.0 37532 108 8032.346153846154 26
280 0.1 48192.0 0.0 48192 108 9124.925925925925 27
290 0.1 46624.0 0.0 48192 108 10520.17857142857 28
297 0.1 35955.0 0.0 48192 108 11765.137931034482 29
