0 173.11640625 173.11640625
10 288.52734375 461.64375
20 115.4109375 577.0546875
30 173.11640625 750.17109375
40 461.64375 1211.81484375
50 403.93828125 1615.753125
60 653.99453125 2269.74765625
70 750.1703125 3019.91796875
80 942.5203125 3962.43828125
90 1500.34140625 5462.7796875
100 1384.93125 6847.7109375
110 1538.8125 8386.5234375
120 2769.86015625 11156.38359375
130 3366.1515625 14522.53515625
140 2827.559375 17350.09453125
150 5174.25390625 22524.3484375
160 6039.83359375 28564.18203125
170 6405.30234375 34969.484375
180 10964.025 45933.509375
190 11464.15 57397.659375
200 11598.77421875 68996.43359375
210 21024.0078125 90020.44140625
220 23505.325 113525.76640625
230 23351.45078125 136877.2171875
240 32084.66015625 168961.87734375
250 35411.2546875 204373.13203125
260 34724.07421875 239097.20625
270 33329.2859375 272426.4921875
280 32226.19140625 304652.68359375
290 31151.66640625 335804.35
297 8772.859375 344577.209375
