0 0.96328125 0.96328125
10 1.60546875 2.56875
20 0.6421875 3.2109375
30 0.96328125 4.17421875
40 2.56875 6.74296875
50 2.24765625 8.990625
60 3.6390625 12.6296875
70 4.17421875 16.80390625
80 5.24453125 22.0484375
90 8.3484375 30.396875
100 7.70625 38.103125
110 8.5625 46.665625
120 15.4125 62.078125
130 18.73046875 80.80859375
140 15.73359375 96.5421875
150 28.8984375 125.440625
160 33.50078125 158.94140625
170 35.64140625 194.5828125
180 61.0078125 255.590625
190 63.89765625 319.48828125
200 64.4328125 383.92109375
210 118.1625 502.08359375
220 129.721875 631.80546875
230 130.3640625 762.16953125
240 226.478125 988.64765625
250 255.8046875 1244.45234375
260 259.015625 1503.46796875
270 456.809375 1960.27734375
280 502.29765625 2462.575
290 502.61875 2965.19375
297 112.596875 3077.790625
