0 0.1 3.1948239253914017 0 3.1948239253914017 3.1948239253914017 0 0
10 0.1 2.753195673549656 0.0 3.1948239253914017 2.753195673549656 3.1948239253914017 1
20 0.1 1.968503937007874 0.0 3.1948239253914017 1.968503937007874 2.9740097994705286 2
30 0.1 1.1846001974333662 0.0 3.1948239253914017 1.1846001974333662 2.6388411786496437 3
40 0.1 1.8737672583826428 0.0 3.1948239253914017 1.1846001974333662 2.2752809333455746 4
50 0.1 2.2615535889872174 0.0 3.1948239253914017 1.1846001974333662 2.194978198352988 5
60 0.1 2.75049115913556 0.0 3.1948239253914017 1.1846001974333662 2.2060740967920265 6
70 0.1 3.140333660451423 0.0 3.1948239253914017 1.1846001974333662 2.283847962841103 7
80 0.1 3.6345776031434185 0.0 3.6345776031434185 1.1846001974333662 2.390908675042393 8
90 0.1 3.155818540433925 0.0 3.6345776031434185 1.1846001974333662 2.529094111498063 9
100 0.1 5.647517039922103 0.0 5.647517039922103 1.1846001974333662 2.5917665543916493 10
110 0.1 6.866537717601548 0.0 6.866537717601548 1.1846001974333662 2.869562053076236 11
120 0.1 5.772994129158512 0.0 6.866537717601548 1.1846001974333662 3.2026433584533454 12
130 0.1 2.747791952894995 0.0 6.866537717601548 1.1846001974333662 3.400362648507589 13
140 0.1 2.3645320197044337 0.0 6.866537717601548 1.1846001974333662 3.3537504559638323 14
150 0.1 1.183431952662722 0.0 6.866537717601548 1.183431952662722 3.2878025602132057 15
160 0.1 1.3793103448275863 0.0 6.866537717601548 1.183431952662722 3.1562793972413004 16
170 0.1 1.0848126232741617 0.0 6.866537717601548 1.0848126232741617 3.0517518059228466 17
