0 3.5 15.10795200892857 20.940151189695822 135.64013671875 7.2939453125 0 0
10 5.3 11.830096550707546 4.508410165436288 135.64013671875 6.072998046875 15.10795200892857 35
20 3.5 10.981954520089285 3.9112253690351797 135.64013671875 6.072998046875 13.1337890625 88
30 5.2 12.437293419471153 4.170782380097746 135.64013671875 6.072998046875 12.52147842035061 123
40 8.3 11.407632483057228 4.474459271743466 135.64013671875 5.68505859375 12.496463448660714 175
50 10.6 11.38752487470519 4.413017401863825 135.64013671875 5.68505859375 12.146180618640988 258
60 15.2 11.569380910773026 4.575788299920829 135.64013671875 5.425048828125 11.925253396505838 364
70 17.6 11.686323686079545 4.463662013895685 135.64013671875 5.425048828125 11.820422741793847 516
80 16.5 11.549226148200768 4.612373337704419 135.64013671875 5.425048828125 11.786316623577493 692
90 28.7 12.090805851208621 4.518298798137615 135.64013671875 5.425048828125 11.740669099146736 857
100 34.8 12.073381796650493 4.97141393363955 135.64013671875 5.425048828125 11.828509350756667 1144
110 35.2 11.680819424715908 4.53152023060946 135.64013671875 5.425048828125 11.885624371648793 1492
120 20.9 10.897580087470091 4.716903991284676 135.64013671875 5.274169921875 11.846529284164859 1844
130 12.3 29.64722473640752 21.322848770806115 135.64013671875 5.274169921875 11.749924129703484 2053
140 2.7 110.44152379918981 129.86174073493416 516.31591796875 5.274169921875 12.761582206277286 2176
150 1.8 148.0982666015625 126.47490597392161 516.31591796875 5.274169921875 13.958748989304357 2203
160 1.3 76.72231820913461 106.17627496844374 516.31591796875 5.274169921875 15.045877002370835 2221
170 0.6 11.389322916666666 4.340898970167936 516.31591796875 5.274169921875 15.404781987011805 2234
171 0 0 0 516.31591796875 5.274169921875 15.39402629307338 2240
