10 0.1 435 0 435 435 0 0
20 0.1 582.0 0.0 582 435 435.0 1
30 0.1 257.0 0.0 582 257 508.5 2
40 0.1 588.0 0.0 588 257 424.6666666666667 3
50 0.1 804.0 0.0 804 257 465.5 4
60 0.1 1119.0 0.0 1119 257 533.2 5
70 0.1 1447.0 0.0 1447 257 630.8333333333334 6
80 0.1 1851.0 0.0 1851 257 747.4285714285714 7
90 0.1 1654.0 0.0 1851 257 885.375 8
100 0.1 3071.0 0.0 3071 257 970.7777777777778 9
110 0.1 3452.0 0.0 3452 257 1180.8 10
120 0.1 3592.0 0.0 3592 257 1387.2727272727273 11
130 0.1 1398.0 0.0 3592 257 1571.0 12
140 0.1 816.0 0.0 3592 257 1557.6923076923076 13
150 0.1 173.0 0.0 3592 173 1504.7142857142858 14
160 0.1 175.0 0.0 3592 173 1415.9333333333334 15
170 0.1 112.0 0.0 3592 112 1338.375 16
