0 0.1 4282.3369140625 0 4282.3369140625 4282.3369140625 0 0
10 1 8256.60361328125 2632.510019572802 11471.2900390625 3630.48193359375 4282.3369140625 1
20 0.8 10736.9208984375 5604.783991378505 22160.302001953125 1779.212158203125 7895.306640625 11
30 0.7 16325.424211774554 6422.100007637027 27346.453125 1779.212158203125 9091.77580180921 19
40 1.2 13552.498860677084 9406.115823540535 30564.317138671875 1367.10205078125 11039.296527569111 26
50 1.9 15405.919793379935 9132.087278193543 43359.912841796875 1367.10205078125 11832.939369603208 38
60 3 14906.895694986979 8277.445031581812 43359.912841796875 1367.10205078125 13023.93284419545 57
70 2.9 9469.195177801725 4687.202424107653 43359.912841796875 1367.10205078125 13673.23037895115 87
80 3.4 13065.862010282628 6063.71084173278 43359.912841796875 1367.10205078125 12622.221578663793 116
90 4.8 14380.271367390951 10233.592417761462 60073.27587890625 1367.10205078125 12722.780076497396 150
100 5.3 12255.374880232901 9093.063679004425 69447.55004882813 1367.10205078125 13124.596147017046 198
110 6.1 11804.11413774334 6599.083269229886 69447.55004882813 1367.10205078125 12941.05540144111 251
120 6.2 15110.409931798134 8658.405013548907 69447.55004882813 1367.10205078125 12718.768808218148 312
130 4.9 24493.251699019453 7959.202097361543 69447.55004882813 1367.10205078125 13115.244074693976 374
140 1.2 33612.54402669271 7205.428349526048 69447.55004882813 1367.10205078125 14433.263870419622 423
150 0.4 52584.04846191406 5401.706777070761 69447.55004882813 1367.10205078125 14962.3474609375 435
160 0.7 53229.00003487723 11124.214071001514 75943.82006835938 1367.10205078125 15305.142003087629 439
170 0.2 63319.8896484375 2741.886474609375 75943.82006835938 1367.10205078125 15900.359505828721 446
171 0 0 0 75943.82006835938 1367.10205078125 16112.05383682251 448
