0 336.81953125 336.81953125
10 397.40234375 734.221875
20 305.01484375 1039.23671875
30 367.56015625 1406.796875
40 777.57265625 2184.36953125
50 877.28046875 3061.65
60 1143.384375 4205.034375
70 1508.3296875 5713.3640625
80 1252.553125 6965.9171875
90 2235.515625 9201.4328125
100 2906.20703125 12107.63984375
110 3023.27890625 15130.91875
120 1400.790625 16531.709375
130 653.3046875 17185.0140625
140 115.7140625 17300.728125
150 152.86640625 17453.59453125
160 38.88125 17492.47578125
170 38.334375 17530.81015625
171 0 17530.81015625
