0 0.8 14.857421875 37.40429543684456 113.81982421875 0.6328125 0 0
10 0.9 0.7418891059027778 0.08757325525384188 113.81982421875 0.615966796875 14.857421875 8
20 0.9 0.7018500434027778 0.07771479917884559 113.81982421875 0.593017578125 7.384492761948529 17
30 1.3 0.745849609375 0.06411076028706364 113.81982421875 0.593017578125 5.071270282451923 26
40 1.3 0.8309420072115384 0.19915102019683595 113.81982421875 0.5849609375 3.629463391426282 39
50 2.2 0.7410111860795454 0.146668061403946 113.81982421875 0.5849609375 2.9298330453725963 52
60 4.1 0.7430032869664634 0.07628191091740545 113.81982421875 0.527099609375 2.279102222339527 74
70 4.9 0.7107581313775511 0.18221817980602759 113.81982421875 0.50390625 1.7314495584239131 115
80 3.7 0.6496648015202703 0.05892218529060394 113.81982421875 0.50390625 1.4264868759527438 164
90 7.1 0.6786043408890844 0.46616527342476377 113.81982421875 0.489013671875 1.2834897776741294 201
100 8.3 0.6267619305346387 0.0672590624225743 113.81982421875 0.489013671875 1.125596887925092 272
110 8.6 0.6948753179505814 0.22079075415168364 113.81982421875 0.489013671875 1.0089678697183098 355
120 0 0 0 113.81982421875 0.489013671875 0.94771626098356 441
130 0 0 0 113.81982421875 0.489013671875 0.94771626098356 441
140 0 0 0 113.81982421875 0.489013671875 0.94771626098356 441
150 0 0 0 113.81982421875 0.489013671875 0.94771626098356 441
160 0 0 0 113.81982421875 0.489013671875 0.94771626098356 441
170 0 0 0 113.81982421875 0.489013671875 0.94771626098356 441
180 0 0 0 113.81982421875 0.489013671875 0.94771626098356 441
190 0 0 0 113.81982421875 0.489013671875 0.94771626098356 441
200 0 0 0 113.81982421875 0.489013671875 0.94771626098356 441
210 0 0 0 113.81982421875 0.489013671875 0.94771626098356 441
220 0 0 0 113.81982421875 0.489013671875 0.94771626098356 441
230 0 0 0 113.81982421875 0.489013671875 0.94771626098356 441
240 0 0 0 113.81982421875 0.489013671875 0.94771626098356 441
250 0 0 0 113.81982421875 0.489013671875 0.94771626098356 441
260 0 0 0 113.81982421875 0.489013671875 0.94771626098356 441
270 0 0 0 113.81982421875 0.489013671875 0.94771626098356 441
280 0 0 0 113.81982421875 0.489013671875 0.94771626098356 441
290 0 0 0 113.81982421875 0.489013671875 0.94771626098356 441
299 0 0 0 113.81982421875 0.489013671875 0.94771626098356 441
