0 0.1 2.689408714058488 0 2.689408714058488 2.689408714058488 0 0
10 0.1 2.949852507374631 0.0 2.949852507374631 2.689408714058488 2.689408714058488 1
20 0.1 2.8265107212475633 0.0 2.949852507374631 2.689408714058488 2.8196306107165596 2
30 0.1 3.842364532019704 0.0 3.842364532019704 2.689408714058488 2.8219239808935606 3
40 0.1 2.6706231454005933 0.0 3.842364532019704 2.6706231454005933 3.0770341186750967 4
50 0.1 4.317958783120707 0.0 4.317958783120707 2.6706231454005933 2.995751924020196 5
60 0.1 4.682926829268292 0.0 4.682926829268292 2.6706231454005933 3.2161197338702814 6
70 0.1 3.732809430255403 0.0 4.682926829268292 2.6706231454005933 3.425663604641426 7
80 0.1 6.614785992217899 0.0 6.614785992217899 2.6706231454005933 3.4640568328431733 8
90 0.1 6.3352826510721245 0.0 6.614785992217899 2.6706231454005933 3.814137850551476 9
100 0.1 9.593023255813954 0.0 9.593023255813954 2.6706231454005933 4.066252330603541 10
110 0.1 10.601719197707736 0.0 10.601719197707736 2.6706231454005933 4.568686051077215 11
120 0.1 12.167300380228136 0.0 12.167300380228136 2.6706231454005933 5.071438813296425 12
130 0.1 7.714561234329798 0.0 12.167300380228136 2.6706231454005933 5.617274318445019 13
140 0.1 6.066536203522505 0.0 12.167300380228136 2.6706231454005933 5.767080526722503 14
150 0.1 4.121687929342492 0.0 12.167300380228136 2.6706231454005933 5.78704423850917 15
160 0.1 3.9215686274509802 0.0 12.167300380228136 2.6706231454005933 5.682959469186253 16
170 0.1 2.952755905511811 0.0 12.167300380228136 2.6706231454005933 5.579348243201825 17
180 0.1 3.149606299212598 0.0 12.167300380228136 2.6706231454005933 5.433426446663491 18
190 0.1 3.3333333333333335 0.0 12.167300380228136 2.6706231454005933 5.313225386271339 19
200 0.1 2.868447082096934 0.0 12.167300380228136 2.6706231454005933 5.214230783624438 20
210 0.1 2.747791952894995 0.0 12.167300380228136 2.6706231454005933 5.102526797837414 21
220 0.1 1.9743336623889436 0.0 12.167300380228136 1.9743336623889436 4.995493395794576 22
230 0.1 2.2571148184494603 0.0 12.167300380228136 1.9743336623889436 4.86413862477694 23
240 0.1 2.1696252465483234 0.0 12.167300380228136 1.9743336623889436 4.755512632846629 24
250 0.1 2.6470588235294117 0.0 12.167300380228136 1.9743336623889436 4.652077137394697 25
260 0.1 3.831041257367387 0.0 12.167300380228136 1.9743336623889436 4.574961048399878 26
270 0.1 2.2660098522167487 0.0 12.167300380228136 1.9743336623889436 4.547408463546823 27
280 0.1 1.87192118226601 0.0 12.167300380228136 1.87192118226601 4.465929941713607 28
290 0.1 1.7716535433070866 0.0 12.167300380228136 1.7716535433070866 4.37648136380162 29
299 0.1 1.2807881773399015 0.0 12.167300380228136 1.2807881773399015 4.289653769785136 30
