0 0.1 3160.09765625 0 3160.09765625 3160.09765625 0 0
10 0.1 3157.65625 0.0 3160.09765625 3157.65625 3160.09765625 1
20 0.1 3155.609375 0.0 3160.09765625 3155.609375 3158.876953125 2
30 0.1 3154.4375 0.0 3160.09765625 3154.4375 3157.7877604166665 3
40 0.1 3153.08203125 0.0 3160.09765625 3153.08203125 3156.9501953125 4
50 0.1 3149.859375 0.0 3160.09765625 3149.859375 3156.1765625 5
60 0.1 3148.0546875 0.0 3160.09765625 3148.0546875 3155.1236979166665 6
70 0.1 3144.9140625 0.0 3160.09765625 3144.9140625 3154.113839285714 7
80 0.1 3138.7578125 0.0 3160.09765625 3138.7578125 3152.9638671875 8
90 0.1 3136.359375 0.0 3160.09765625 3136.359375 3151.3854166666665 9
100 0.1 3133.65234375 0.0 3160.09765625 3133.65234375 3149.8828125 10
110 0.1 3131.27734375 0.0 3160.09765625 3131.27734375 3148.407315340909 11
120 0.1 3128.05859375 0.0 3160.09765625 3128.05859375 3146.9798177083335 12
130 0.1 3127.56640625 0.0 3160.09765625 3127.56640625 3145.5243389423076 13
140 0.1 3127.3515625 0.0 3160.09765625 3127.3515625 3144.241629464286 14
150 0.1 3127.23046875 0.0 3160.09765625 3127.23046875 3143.115625 15
160 0.1 3127.12109375 0.0 3160.09765625 3127.12109375 3142.122802734375 16
170 0.1 3126.765625 0.0 3160.09765625 3126.765625 3141.240349264706 17
180 0.1 3126.68359375 0.0 3160.09765625 3126.68359375 3140.4361979166665 18
190 0.1 3126.453125 0.0 3160.09765625 3126.453125 3139.7123766447367 19
200 0.1 3126.4921875 0.0 3160.09765625 3126.453125 3139.0494140625 20
210 0.1 3126.50390625 0.0 3160.09765625 3126.453125 3138.4514508928573 21
220 0.1 3126.50390625 0.0 3160.09765625 3126.453125 3137.908380681818 22
230 0.1 3126.50390625 0.0 3160.09765625 3126.453125 3137.4125339673915 23
240 0.1 3126.40625 0.0 3160.09765625 3126.40625 3136.9580078125 24
250 0.1 3125.84375 0.0 3160.09765625 3125.84375 3136.5359375 25
260 0.1 3125.71875 0.0 3160.09765625 3125.71875 3136.124699519231 26
270 0.1 3125.94140625 0.0 3160.09765625 3125.71875 3135.7392939814813 27
280 0.1 3126.359375 0.0 3160.09765625 3125.71875 3135.3893694196427 28
290 0.1 3126.46484375 0.0 3160.09765625 3125.71875 3135.077990301724 29
299 0.1 3126.48046875 0.0 3160.09765625 3125.71875 3134.7908854166667 30
