10 0.1 3049 0 3049 3049 0 0
20 0.1 4826.0 0.0 4826 3049 3049.0 1
30 0.1 11915.0 0.0 11915 3049 3937.5 2
40 0.1 7718.0 0.0 11915 3049 6596.666666666667 3
50 0.1 12517.0 0.0 12517 3049 6877.0 4
60 0.1 9333.0 0.0 12517 3049 8005.0 5
70 0.1 7985.0 0.0 12517 3049 8226.333333333334 6
80 0.1 12954.0 0.0 12954 3049 8191.857142857143 7
90 0.1 12481.0 0.0 12954 3049 8787.125 8
100 0.1 15555.0 0.0 15555 3049 9197.555555555555 9
110 0.1 9498.0 0.0 15555 3049 9833.3 10
120 0.1 12694.0 0.0 15555 3049 9802.818181818182 11
130 0.1 7608.0 0.0 15555 3049 10043.75 12
140 0.1 8570.0 0.0 15555 3049 9856.384615384615 13
150 0.1 6716.0 0.0 15555 3049 9764.5 14
160 0.1 8686.0 0.0 15555 3049 9561.266666666666 15
170 0.1 8813.0 0.0 15555 3049 9506.5625 16
180 0.1 9227.0 0.0 15555 3049 9465.764705882353 17
190 0.1 8162.0 0.0 15555 3049 9452.5 18
200 0.1 8380.0 0.0 15555 3049 9384.578947368422 19
210 0.1 7303.0 0.0 15555 3049 9334.35 20
220 0.1 4441.0 0.0 15555 3049 9237.619047619048 21
230 0.1 3942.0 0.0 15555 3049 9019.59090909091 22
240 0.1 5117.0 0.0 15555 3049 8798.826086956524 23
250 0.1 7152.0 0.0 15555 3049 8645.41666666667 24
260 0.1 10585.0 0.0 15555 3049 8585.680000000002 25
270 0.1 4718.0 0.0 15555 3049 8662.576923076926 26
280 0.1 5373.0 0.0 15555 3049 8516.481481481484 27
290 0.1 2125.0 0.0 15555 2125 8404.214285714288 28
299 0.1 260.0 0.0 15555 260 8187.689655172416 29
