10 0.1 1431 0 1431 1431 0 0
20 0.1 2104.0 0.0 2104 1431 1431.0 1
30 0.1 4858.0 0.0 4858 1431 1767.5 2
40 0.1 3213.0 0.0 4858 1431 2797.6666666666665 3
50 0.1 5052.0 0.0 5052 1431 2901.5 4
60 0.1 4065.0 0.0 5052 1431 3331.6 5
70 0.1 3498.0 0.0 5052 1431 3453.8333333333335 6
80 0.1 5313.0 0.0 5313 1431 3460.1428571428573 7
90 0.1 5553.0 0.0 5553 1431 3691.75 8
100 0.1 7418.0 0.0 7418 1431 3898.5555555555557 9
110 0.1 5626.0 0.0 7418 1431 4250.5 10
120 0.1 7227.0 0.0 7418 1431 4375.545454545455 11
130 0.1 4335.0 0.0 7418 1431 4613.166666666667 12
140 0.1 4328.0 0.0 7418 1431 4591.7692307692305 13
150 0.1 3221.0 0.0 7418 1431 4572.928571428572 14
160 0.1 3475.0 0.0 7418 1431 4482.8 15
170 0.1 3022.0 0.0 7418 1431 4419.8125 16
180 0.1 3525.0 0.0 7418 1431 4337.588235294118 17
190 0.1 3305.0 0.0 7418 1431 4292.444444444444 18
200 0.1 3411.0 0.0 7418 1431 4240.473684210527 19
210 0.1 2937.0 0.0 7418 1431 4199.0 20
220 0.1 1828.0 0.0 7418 1431 4138.9047619047615 21
230 0.1 1339.0 0.0 7418 1339 4033.8636363636356 22
240 0.1 1747.0 0.0 7418 1339 3916.6956521739125 23
250 0.1 3010.0 0.0 7418 1339 3826.291666666666 24
260 0.1 4443.0 0.0 7418 1339 3793.6399999999994 25
270 0.1 1791.0 0.0 7418 1339 3818.615384615384 26
280 0.1 1876.0 0.0 7418 1339 3743.518518518518 27
290 0.1 967.0 0.0 7418 967 3676.821428571428 28
299 0.1 124.0 0.0 7418 124 3583.379310344827 29
