0 6.03828125 6.03828125
10 10.884375 16.92265625
20 23.9953125 40.91796875
30 12.459375 53.37734375
40 18.70234375 72.0796875
50 34.99453125 107.07421875
60 15.85390625 122.928125
70 56.61015625 179.53828125
80 105.4109375 284.94921875
90 154.49375 439.44296875
100 185.946875 625.38984375
110 231.0875 856.47734375
120 167.02734375 1023.5046875
130 127.72890625 1151.23359375
140 73.71953125 1224.953125
150 32.65078125 1257.60390625
160 23.72421875 1281.328125
170 13.62421875 1294.95234375
180 15.54765625 1310.5
190 13.64765625 1324.14765625
200 6.6828125 1330.83046875
210 8.25546875 1339.0859375
220 4.6125 1343.6984375
230 6.4109375 1350.109375
240 10.10625 1360.215625
250 9.6953125 1369.9109375
260 11.15625 1381.0671875
270 3.8578125 1384.925
280 6.4015625 1391.3265625
290 1.15390625 1392.48046875
299 0.39453125 1392.875
