0 0.1 2.496892227474412 0 2.496892227474412 2.496892227474412 0 0
10 0.1 2.1632251720747298 0.0 2.496892227474412 2.1632251720747298 2.496892227474412 1
20 0.1 1.3806706114398422 0.0 2.496892227474412 1.3806706114398422 2.330058699774571 2
30 0.1 1.2807881773399015 0.0 2.496892227474412 1.2807881773399015 2.0135960036629945 3
40 0.1 1.3806706114398422 0.0 2.496892227474412 1.2807881773399015 1.830394047082221 4
50 0.1 1.8664047151277015 0.0 2.496892227474412 1.2807881773399015 1.7404493599537454 5
60 0.1 1.678183613030602 0.0 2.496892227474412 1.2807881773399015 1.7614419191494048 6
70 0.1 2.6470588235294117 0.0 2.6470588235294117 1.2807881773399015 1.7495478754181473 7
80 0.1 2.359882005899705 0.0 2.6470588235294117 1.2807881773399015 1.8617367439320553 8
90 0.1 1.968503937007874 0.0 2.6470588235294117 1.2807881773399015 1.9170862174840164 9
100 0.1 3.054187192118227 0.0 3.054187192118227 1.2807881773399015 1.922227989436402 10
110 0.1 3.43811394891945 0.0 3.43811394891945 1.2807881773399015 2.025133371498386 11
120 0.1 3.6345776031434185 0.0 3.6345776031434185 1.2807881773399015 2.142881752950142 12
130 0.1 6.5048543689320395 0.0 6.5048543689320395 1.2807881773399015 2.257627587580394 13
140 0.1 6.809338521400778 0.0 6.809338521400778 1.2807881773399015 2.561000929105511 14
150 0.1 5.859375 0.0 6.809338521400778 1.2807881773399015 2.8442234352585287 15
160 0.1 9.565217391304348 0.0 9.565217391304348 1.2807881773399015 3.0326704080548708 16
170 0.1 11.826923076923077 0.0 11.826923076923077 1.2807881773399015 3.4169378776577815 17
180 0.1 11.815561959654179 0.0 11.826923076923077 1.2807881773399015 3.8841592776169644 18
190 0.1 18.885741265344667 0.0 18.885741265344667 1.2807881773399015 4.301601524039976 19
200 0.1 17.894736842105264 0.0 18.885741265344667 1.2807881773399015 5.03080851110521 20
210 0.1 18.779790276453763 0.0 18.885741265344667 1.2807881773399015 5.643376526867117 21
220 0.1 30.23474178403756 0.0 30.23474178403756 1.2807881773399015 6.240486242757419 22
230 0.1 31.037735849056602 0.0 31.037735849056602 1.2807881773399015 7.283714744552208 23
240 0.1 32.651162790697676 0.0 32.651162790697676 1.2807881773399015 8.273465623906558 24
250 0.1 45.204262877442275 0.0 45.204262877442275 1.2807881773399015 9.248573510578202 25
260 0.1 45.36363636363636 0.0 45.36363636363636 1.2807881773399015 10.631484640072975 26
270 0.1 47.20496894409938 0.0 47.20496894409938 1.2807881773399015 11.917860629834582 27
280 0.1 49.87912973408542 0.0 49.87912973408542 1.2807881773399015 13.178114498201182 28
290 0.1 50.2815768302494 0.0 50.2815768302494 1.2807881773399015 14.443666747714433 29
300 0.1 45.193929173693085 0.0 50.2815768302494 1.2807881773399015 15.638263750465597 30
308 0.1 3.3366045142296366 0.0 50.2815768302494 1.2807881773399015 16.591672312505196 31
