0 0.1 0.0 0 0.0 0.0 0 0
10 0.1 0.0 0.0 0.0 0.0 0.0 1
20 0.1 0.0 0.0 0.0 0.0 0.0 2
30 0.1 0.0 0.0 0.0 0.0 0.0 3
40 0.1 0.0 0.0 0.0 0.0 0.0 4
50 0.1 0.0 0.0 0.0 0.0 0.0 5
60 0.1 0.0 0.0 0.0 0.0 0.0 6
70 0.1 0.0 0.0 0.0 0.0 0.0 7
80 0.1 0.0 0.0 0.0 0.0 0.0 8
90 0.1 0.0 0.0 0.0 0.0 0.0 9
100 0.1 0.0 0.0 0.0 0.0 0.0 10
110 0.1 0.0 0.0 0.0 0.0 0.0 11
120 0.1 0.0 0.0 0.0 0.0 0.0 12
130 0.1 0.0 0.0 0.0 0.0 0.0 13
140 0.1 0.0 0.0 0.0 0.0 0.0 14
150 0.1 0.0 0.0 0.0 0.0 0.0 15
160 0.1 0.0 0.0 0.0 0.0 0.0 16
170 0.1 0.0 0.0 0.0 0.0 0.0 17
180 0.1 0.0 0.0 0.0 0.0 0.0 18
190 0.1 0.078125 0.0 0.078125 0.0 0.0 19
200 0.1 0.140625 0.0 0.140625 0.0 0.00390625 20
210 0.1 0.19921875 0.0 0.19921875 0.0 0.010416666666666666 21
220 0.1 0.3203125 0.0 0.3203125 0.0 0.018998579545454544 22
230 0.1 0.3515625 0.0 0.3515625 0.0 0.032099184782608696 23
240 0.1 0.37109375 0.0 0.37109375 0.0 0.04541015625 24
250 0.1 0.390625 0.0 0.390625 0.0 0.0584375 25
260 0.1 0.328125 0.0 0.390625 0.0 0.0712139423076923 26
270 0.1 0.4296875 0.0 0.4296875 0.0 0.08072916666666667 27
280 0.1 0.640625 0.0 0.640625 0.0 0.09319196428571429 28
290 0.1 0.69140625 0.0 0.69140625 0.0 0.11206896551724138 29
300 0.1 0.66015625 0.0 0.69140625 0.0 0.13138020833333333 30
308 0.1 0.55859375 0.0 0.69140625 0.0 0.1484375 31
