10 0.1 121 0 121 121 0 0
20 0.1 174.0 0.0 174 121 121.0 1
30 0.1 151.0 0.0 174 121 147.5 2
40 0.1 226.0 0.0 226 121 148.66666666666666 3
50 0.1 358.0 0.0 358 121 168.0 4
60 0.1 379.0 0.0 379 121 206.0 5
70 0.1 817.0 0.0 817 121 234.83333333333334 6
80 0.1 682.0 0.0 817 121 318.0 7
90 0.1 475.0 0.0 817 121 363.5 8
100 0.1 1108.0 0.0 1108 121 375.8888888888889 9
110 0.1 1248.0 0.0 1248 121 449.1 10
120 0.1 1314.0 0.0 1314 121 521.7272727272727 11
130 0.1 2740.0 0.0 2740 121 587.75 12
140 0.1 2666.0 0.0 2740 121 753.3076923076923 13
150 0.1 2385.0 0.0 2740 121 889.9285714285714 14
160 0.1 4531.0 0.0 4531 121 989.6 15
170 0.1 5559.0 0.0 5559 121 1210.9375 16
180 0.1 5363.0 0.0 5559 121 1466.7058823529412 17
190 0.1 10374.0 0.0 10374 121 1683.1666666666667 18
200 0.1 9426.0 0.0 10374 121 2140.5789473684213 19
210 0.1 10248.0 0.0 10374 121 2504.8500000000004 20
220 0.1 19521.0 0.0 19521 121 2873.571428571429 21
230 0.1 19505.0 0.0 19521 121 3630.2727272727275 22
240 0.1 21910.0 0.0 21910 121 4320.478260869565 23
250 0.1 36749.0 0.0 36749 121 5053.375 24
260 0.1 36009.0 0.0 36749 121 6321.2 25
270 0.1 37578.0 0.0 37578 121 7463.038461538462 26
280 0.1 46581.0 0.0 46581 121 8578.407407407407 27
290 0.1 46124.0 0.0 46581 121 9935.642857142857 28
300 0.1 37278.0 0.0 46581 121 11183.51724137931 29
308 0.1 634.0 0.0 46581 121 12053.333333333334 30
