0 0.5 2736.935791015625 1166.1069244463085 4408.7861328125 1085.796875 0 0
10 1.1 1735.4718572443182 1302.2712963658216 4408.7861328125 273.085205078125 2736.935791015625 5
20 0.7 3134.3978445870534 2215.416744218472 6905.930908203125 273.085205078125 2048.4293365478516 16
30 1.4 1968.172084263393 1218.194811918356 6905.930908203125 273.085205078125 2378.9414911684785 23
40 2.2 1585.6389049183238 1336.478953684237 6905.930908203125 22.134033203125 2223.5152290962837 37
50 2.4 1479.7981770833333 1120.0342524664763 6905.930908203125 22.134033203125 1985.6630404197563 59
60 3.8 1791.8099750719573 1928.4268639421473 8497.030029296875 22.134033203125 1839.3888630694653 83
70 4.7 2396.3227227393613 2358.3321358251474 9143.072021484375 22.134033203125 1824.4467329545455 121
80 4 1870.9324584960937 2268.268838931696 12994.2080078125 22.134033203125 1984.4358491443452 168
90 4.3 1774.6705350654074 1794.9224083295462 12994.2080078125 22.134033203125 1962.6082740196814 208
100 7.9 2113.4828421677207 1767.8786418174248 12994.2080078125 10.074951171875 1930.4117689398656 251
110 8.6 1955.379459824673 2167.506088012403 13095.9921875 10.074951171875 1974.2378743489583 330
120 13.4 1371.356423449161 1351.1469339084495 13095.9921875 10.074951171875 1970.3392598078801 416
130 16.2 2121.8933241102422 1945.216711942722 13095.9921875 10.074951171875 1824.4052596768465 550
140 16.2 1898.2788628472222 1702.6193673980265 13095.9921875 10.074951171875 1892.0921507417486 712
150 20.4 1800.1412987802544 1716.600751344125 13095.9921875 10.074951171875 1893.238886852832 874
160 33.2 1891.2087211149285 1688.7312032613588 13095.9921875 10.074951171875 1875.6211614661845 1078
170 33.5 1994.7667589785444 2015.550325802769 16826.046875 8.06298828125 1879.2914237380874 1410
180 51 1732.1948783126531 1772.5474714328536 16826.046875 8.06298828125 1901.4600411051665 1745
190 61.8 2081.7247124829337 1973.7057473661378 16826.046875 8.06298828125 1863.1783413161725 2255
200 58.9 1977.5099330830865 2044.140768923547 16826.046875 8.06298828125 1910.1890121762694 2873
210 92.9 1908.5733675428044 1930.4403062457197 16826.046875 8.06298828125 1921.6425137401384 3462
220 121.9 1969.9930388878563 1981.25982888039 20061.365966796875 8.06298828125 1918.8774859976372 4391
230 124.8 1935.8161836281793 1952.2041985445312 20061.365966796875 8.06298828125 1929.9844127308238 5610
240 192.4 1742.599312574105 1679.0131151573892 20061.365966796875 8.06298828125 1931.0456623779369 6858
250 232.1 2025.767667639723 1945.5430692683467 20061.365966796875 8.06298828125 1889.7599897495409 8782
260 228.2 1986.2548761794067 1919.791815831675 20061.365966796875 8.06298828125 1918.1913885051126 11103
270 306.5 1913.4145557198206 1980.6708856043451 20061.365966796875 8.06298828125 1929.7954885329602 13385
280 364.4 1967.7759073133916 1960.8429325561558 20061.365966796875 8.06298828125 1926.743357282366 16450
290 357.7 2006.9731392075237 1949.9496145347161 20061.365966796875 8.06298828125 1934.1845144592874 20094
300 168.8 2712.3921364156013 2388.2539301646343 20061.365966796875 8.06298828125 1945.1838347551957 23671
308 2.1 11709.58199637277 2358.86580802006 20061.365966796875 8.06298828125 1996.252394761614 25359
