0 0.6515625 0.6515625
10 1.41171875 2.06328125
20 0.76015625 2.8234375
30 1.62890625 4.45234375
40 2.3890625 6.84140625
50 2.60625 9.44765625
60 5.10390625 14.5515625
70 4.23515625 18.78671875
80 4.01796875 22.8046875
90 6.2984375 29.103125
100 7.71015625 36.81328125
110 9.23046875 46.04375
120 16.940625 62.984375
130 17.1578125 80.1421875
140 17.48359375 97.62578125
150 24.86796875 122.49375
160 36.37890625 158.87265625
170 36.81328125 195.6859375
180 62.55 258.2359375
190 64.5046875 322.740625
200 67.328125 390.06875
210 112.82890625 502.89765625
220 131.18125 634.07890625
230 137.4796875 771.55859375
240 220.0109375 991.56953125
250 250.8515625 1242.42109375
260 251.2859375 1493.70703125
270 357.490625 1851.19765625
280 392.78359375 2243.98125
290 399.625 2643.60625
300 112.503125 2756.109375
308 0 2756.109375
