0 115.428125 115.428125
10 250.06328125 365.49140625
20 134.66875 500.16015625
30 288.52109375 788.68125
40 423.2203125 1211.9015625
50 461.71875 1673.6203125
60 904.21875 2577.8390625
70 750.31796875 3328.15703125
80 711.8375 4039.99453125
90 1115.84375 5155.83828125
100 1365.96171875 6521.8
110 1635.32578125 8157.12578125
120 3001.3125 11158.43828125
130 3020.56796875 14179.00625
140 3116.8015625 17295.8078125
150 4405.82890625 21701.63671875
160 6445.23515625 28146.871875
170 6522.19609375 34669.06796875
180 11081.546875 45750.61484375
190 11427.9828125 57178.59765625
200 11928.28671875 69106.884375
210 19969.6984375 89076.5828125
220 23239.815625 112316.3984375
230 24336.55859375 136652.95703125
240 39015.39375 175668.35078125
250 44343.98046875 220012.33125
260 44536.41953125 264548.75078125
270 63350.121875 327898.87265625
280 69544.315625 397443.18828125
290 70852.16875 468295.35703125
300 19968.84609375 488264.203125
308 0 488264.203125
