0 0.1 3142.62109375 0 3142.62109375 3142.62109375 0 0
10 0.1 3141.46875 0.0 3142.62109375 3141.46875 3142.62109375 1
20 0.1 3141.50390625 0.0 3142.62109375 3141.46875 3142.044921875 2
30 0.1 3141.6328125 0.0 3142.62109375 3141.46875 3141.8645833333335 3
40 0.1 3141.421875 0.0 3142.62109375 3141.421875 3141.806640625 4
50 0.1 3140.390625 0.0 3142.62109375 3140.390625 3141.7296875 5
60 0.1 3140.421875 0.0 3142.62109375 3140.390625 3141.5065104166665 6
70 0.1 3140.80859375 0.0 3142.62109375 3140.390625 3141.3515625 7
80 0.1 3140.21484375 0.0 3142.62109375 3140.21484375 3141.28369140625 8
90 0.1 3139.6640625 0.0 3142.62109375 3139.6640625 3141.1649305555557 9
100 0.1 3133.640625 0.0 3142.62109375 3133.640625 3141.01484375 10
110 0.1 3131.12890625 0.0 3142.62109375 3131.12890625 3140.3444602272725 11
120 0.1 3131.80078125 0.0 3142.62109375 3131.12890625 3139.5764973958335 12
130 0.1 3134.4921875 0.0 3142.62109375 3131.12890625 3138.9783653846152 13
140 0.1 3141.0234375 0.0 3142.62109375 3131.12890625 3138.6579241071427 14
150 0.1 3141.3984375 0.0 3142.62109375 3131.12890625 3138.815625 15
160 0.1 3141.45703125 0.0 3142.62109375 3131.12890625 3138.97705078125 16
168 0.1 3141.45703125 0.0 3142.62109375 3131.12890625 3139.122931985294 17
