0 2.8 19.216587611607146 21.55465137132353 128.785888671875 9.22607421875 0 0
10 3.6 18.656609429253464 11.153825122884424 128.785888671875 9.22607421875 19.216587611607146 28
20 5.6 21.06702096121652 14.438683188201548 128.785888671875 9.22607421875 18.901599884033203 64
30 4.5 17.075103081597224 5.949283313305181 128.785888671875 9.22607421875 19.912129720052082 120
40 8.2 17.392649580792682 5.7802692204376696 128.785888671875 9.22607421875 19.138395182291667 165
50 8.2 17.47099788014481 6.332850687661875 128.785888671875 9.012939453125 18.558835913777834 247
60 11.9 16.226228088891816 5.152409938998373 128.785888671875 9.012939453125 18.287703030015198 329
70 16.2 17.494757004726075 6.244870854168152 128.785888671875 9.012939453125 17.7401237487793 448
80 18.9 18.586655712632286 10.256208796873919 128.785888671875 9.011962890625 17.674960777407787 610
90 22.4 17.354767935616646 5.59484326928466 128.785888671875 8.99609375 17.890618277729978 799
100 37 18.911804529138514 7.441068338539814 128.785888671875 8.969970703125 17.77328643351357 1023
110 36.8 18.52518828018853 6.935703089166785 128.785888671875 8.718017578125 18.07569253213613 1393
120 23.7 17.882268591772167 7.241206825207987 128.785888671875 8.598876953125 18.16962463621522 1761
130 9 20.206559244791656 21.55976546621843 215.31884765625 8.598876953125 18.135538859171675 1998
140 3.4 16.554479262408087 5.169712311086926 215.31884765625 8.598876953125 18.224806979241503 2088
150 1.2 16.380513509114582 5.681862933058199 215.31884765625 8.598876953125 18.19804395267584 2122
160 0.7 17.138148716517858 6.617903486090595 215.31884765625 8.598876953125 18.187823537810452 2134
168 0.4 16.847412109375 4.4382378777343945 215.31884765625 8.598876953125 18.1843916257371 2141
