10 0.1 486 0 486 486 0 0
20 0.1 393.0 0.0 486 393 486.0 1
30 0.1 590.0 0.0 590 393 439.5 2
40 0.1 733.0 0.0 733 393 489.6666666666667 3
50 0.1 1036.0 0.0 1036 393 550.5 4
60 0.1 970.0 0.0 1036 393 647.6 5
70 0.1 1820.0 0.0 1820 393 701.3333333333334 6
80 0.1 2180.0 0.0 2180 393 861.1428571428571 7
90 0.1 2252.0 0.0 2252 393 1026.0 8
100 0.1 4141.0 0.0 4141 393 1162.2222222222222 9
110 0.1 5361.0 0.0 5361 393 1460.1 10
120 0.1 5494.0 0.0 5494 393 1814.7272727272727 11
130 0.1 1366.0 0.0 5494 393 2121.3333333333335 12
140 0.1 451.0 0.0 5494 393 2063.230769230769 13
150 0.1 165.0 0.0 5494 165 1948.0714285714282 14
160 0.1 57.0 0.0 5494 57 1829.1999999999998 15
168 0.1 43.0 0.0 5494 43 1718.4374999999998 16
