10 0.7 10300.630650111607 2564.148849539326 14078.98193359375 6283.080078125 0 0
20 1.3 13086.47079702524 5744.994889489126 22082.152099609375 4160.860107421875 10300.630650111607 7
30 0.6 15063.142822265625 6135.275265735848 25318.12109375 4160.860107421875 12111.42674560547 20
40 1.1 12014.122514204546 8654.710071144551 34924.848876953125 4160.860107421875 12792.591994065504 26
50 1.6 13353.69760131836 6376.91864229728 34924.848876953125 3511.475830078125 12561.155121674408 37
60 2.2 15700.626997514204 8192.480230213527 35890.097900390625 1833.26904296875 12800.413228736734 53
70 2.1 12056.14515904018 5852.766098148808 35890.097900390625 1833.26904296875 13651.142600911458 75
80 4.1 13112.85361089939 8756.87605896437 42987.526123046875 1833.26904296875 13302.236910502115 96
90 2.9 14639.696752087822 7663.991401465379 42987.526123046875 1833.26904296875 13245.560156606409 137
100 6.8 13933.841599408319 12189.167480042943 65434.453125 1833.26904296875 13489.114140154368 166
110 6.8 13214.845379997701 6804.811481123132 65434.453125 1833.26904296875 13618.351179595686 234
120 7.1 14505.294588330766 8213.682768310191 65434.453125 1833.26904296875 13527.49556909018 302
130 3.4 19561.38643870634 6616.748694180254 65434.453125 1833.26904296875 13713.618170607826 373
140 1.1 29533.670965021305 9025.111555373507 65434.453125 1833.26904296875 14202.129524699592 407
150 0.7 41139.574428013395 6254.905897323874 65434.453125 1833.26904296875 14605.591141550165 418
160 0.2 43044.142578125 1115.24560546875 65434.453125 1833.26904296875 15042.621454503676 425
168 0.2 52302.98498535156 1182.2459716796875 65434.453125 1833.26904296875 15173.776120188086 427
