0 577.53203125 577.53203125
10 569.76640625 1147.2984375
20 739.4875 1886.7859375
30 751.55234375 2638.33828125
40 1469.21015625 4107.5484375
50 1302.4703125 5410.01875
60 2110.7640625 7520.7828125
70 2999.88046875 10520.66328125
80 3368.8125 13889.47578125
90 5079.0984375 18968.57421875
100 8135.6984375 27104.27265625
110 8762.44140625 35866.7140625
120 3184.0609375 39050.775
130 604.03125 39654.80625
140 198.39765625 39853.20390625
150 46.62890625 39899.8328125
160 44.025 39943.8578125
168 21.409375 39965.2671875
