0 0.1 3154.0 0 3154.0 3154.0 0 0
10 0.1 3153.328125 0.0 3154.0 3153.328125 3154.0 1
20 0.1 3153.7890625 0.0 3154.0 3153.328125 3153.6640625 2
30 0.1 3154.78125 0.0 3154.78125 3153.328125 3153.7057291666665 3
40 0.1 3156.453125 0.0 3156.453125 3153.328125 3153.974609375 4
50 0.1 3158.875 0.0 3158.875 3153.328125 3154.4703125 5
60 0.1 3158.45703125 0.0 3158.875 3153.328125 3155.2044270833335 6
70 0.1 3157.0390625 0.0 3158.875 3153.328125 3155.6690848214284 7
80 0.1 3155.578125 0.0 3158.875 3153.328125 3155.84033203125 8
90 0.1 3154.16015625 0.0 3158.875 3153.328125 3155.8111979166665 9
100 0.1 3151.75390625 0.0 3158.875 3151.75390625 3155.64609375 10
110 0.1 3150.9453125 0.0 3158.875 3150.9453125 3155.2922585227275 11
120 0.1 3150.8046875 0.0 3158.875 3150.8046875 3154.9300130208335 12
130 0.1 3150.9296875 0.0 3158.875 3150.8046875 3154.6126802884614 13
140 0.1 3150.953125 0.0 3158.875 3150.8046875 3154.349609375 14
150 0.1 3151.53515625 0.0 3158.875 3150.8046875 3154.1231770833333 15
160 0.1 3151.53515625 0.0 3158.875 3150.8046875 3153.96142578125 16
170 0.1 3151.59375 0.0 3158.875 3150.8046875 3153.8187040441176 17
180 0.1 3151.6015625 0.0 3158.875 3150.8046875 3153.6950954861113 18
184 0.1 3151.60546875 0.0 3158.875 3150.8046875 3153.5849095394738 19
