0 2.7 18.62571433738426 23.971696344197017 136.10791015625 6.989990234375 0 0
10 3 12.120027669270833 4.003115067125144 136.10791015625 6.989990234375 18.62571433738426 27
20 4.7 12.248291015625 4.117101060137872 136.10791015625 6.781982421875 15.20166872258772 57
30 4.4 12.504627574573863 5.40082016652274 136.10791015625 6.154052734375 13.866969181941105 104
40 7.2 13.671044243706596 6.6526100185618775 136.10791015625 6.154052734375 13.46194870407517 148
50 8.1 11.934362340856481 5.029349164820362 136.10791015625 5.85498046875 13.530379971590909 220
60 11.7 14.060066940438034 8.22790987947028 136.10791015625 5.72802734375 13.100886855014535 301
70 20 14.149898681640625 7.768038053163237 136.10791015625 5.537841796875 13.369365491365132 418
80 18.7 13.96112289020722 7.21757649267482 136.10791015625 5.537841796875 13.621965229318366 618
90 22.9 19.763655883256007 22.470771098334495 156.98291015625 5.537841796875 13.70075092197205 805
100 31 16.90393066406249 10.082276905763576 156.98291015625 5.537841796875 15.043502601018496 1034
110 30 16.357932128906246 10.72996913275476 156.98291015625 5.537841796875 15.472619192940845 1344
120 25.4 14.33439576156496 8.268323822998429 156.98291015625 5.537841796875 15.634172648408985 1644
130 9.3 9.99186722950269 4.444533902972027 156.98291015625 5.416015625 15.46022990380499 1898
140 4.4 11.579079367897728 5.321224922405785 156.98291015625 5.416015625 15.204801612137429 1991
150 0.9 9.18112521701389 2.728538956525499 156.98291015625 5.416015625 15.12640761766738 2035
160 0.3 9.442301432291666 1.8456642680532347 156.98291015625 5.416015625 15.100229759738868 2044
170 0 0 0 156.98291015625 5.416015625 15.091937729947787 2047
180 0.3 11.286214192708334 4.614288411069824 156.98291015625 5.416015625 15.091937729947787 2047
184 0 0 0 156.98291015625 5.416015625 15.086368378429876 2050
