10 0.1 535 0 535 535 0 0
20 0.1 477.0 0.0 535 477 535.0 1
30 0.1 608.0 0.0 608 477 506.0 2
40 0.1 735.0 0.0 735 477 540.0 3
50 0.1 1069.0 0.0 1069 477 588.75 4
60 0.1 1266.0 0.0 1266 477 684.8 5
70 0.1 2260.0 0.0 2260 477 781.6666666666666 6
80 0.1 2914.0 0.0 2914 477 992.8571428571429 7
90 0.1 2988.0 0.0 2988 477 1233.0 8
100 0.1 4302.0 0.0 4302 477 1428.0 9
110 0.1 4947.0 0.0 4947 477 1715.4 10
120 0.1 5170.0 0.0 5170 477 2009.1818181818182 11
130 0.1 1925.0 0.0 5170 477 2272.5833333333335 12
140 0.1 479.0 0.0 5170 477 2245.846153846154 13
150 0.1 270.0 0.0 5170 270 2119.6428571428573 14
160 0.1 49.0 0.0 5170 49 1996.3333333333335 15
170 0.1 7.0 0.0 5170 7 1874.6250000000002 16
180 0.1 1.0 0.0 5170 1 1764.7647058823532 17
184 0.1 21.0 0.0 5170 1 1666.777777777778 18
