0 0.8 14.69464111328125 36.824140862384255 112.1220703125 0.65283203125 0 0
10 1.1 0.7838245738636364 0.061261774219176515 112.1220703125 0.652099609375 14.69464111328125 8
20 1.1 0.7959428267045454 0.06474777574607028 112.1220703125 0.652099609375 6.641010485197368 19
30 2.2 0.744873046875 0.07724803820838079 112.1220703125 0.548095703125 4.497819010416666 30
40 1.7 1.259765625 1.8152790043861147 112.1220703125 0.548095703125 2.9100341796875 52
50 1.9 0.7593287417763158 0.05119461767700222 112.1220703125 0.548095703125 2.5034462749094204 69
60 2.2 0.7488014914772727 0.060473485823075566 112.1220703125 0.548095703125 2.1268754438920454 88
70 4 0.766156005859375 0.10833433008270339 112.1220703125 0.548095703125 1.851260653409091 110
80 4.8 0.7317454020182291 0.19530265935637856 112.1220703125 0.548095703125 1.5618994140625 150
90 7.6 0.6978824013157895 0.09577628901677762 112.1220703125 0.5 1.3606499565972223 198
100 8.8 0.7208584872159093 0.22782364932108762 112.1220703125 0.5 1.176816620095803 274
110 8.4 0.6764061337425596 0.10190570643233793 112.1220703125 0.5 1.0659759690089778 362
120 0.4 0.670166015625 0.07326720764051844 112.1220703125 0.5 0.9926040717839125 446
130 0 0 0 112.1220703125 0.5 0.9897379557291667 450
140 0.1 0.9599609375 0.0 112.1220703125 0.5 0.9897379557291667 450
150 0 0 0 112.1220703125 0.5 0.9896719312985033 451
160 0 0 0 112.1220703125 0.5 0.9896719312985033 451
170 0 0 0 112.1220703125 0.5 0.9896719312985033 451
180 0 0 0 112.1220703125 0.5 0.9896719312985033 451
190 0 0 0 112.1220703125 0.5 0.9896719312985033 451
200 0 0 0 112.1220703125 0.5 0.9896719312985033 451
210 0 0 0 112.1220703125 0.5 0.9896719312985033 451
220 0 0 0 112.1220703125 0.5 0.9896719312985033 451
221 0 0 0 112.1220703125 0.5 0.9896719312985033 451
