0 0.1 3159.17578125 0 3159.17578125 3159.17578125 0 0
10 0.1 3156.6328125 0.0 3159.17578125 3156.6328125 3159.17578125 1
20 0.1 3156.296875 0.0 3159.17578125 3156.296875 3157.904296875 2
30 0.1 3155.69921875 0.0 3159.17578125 3155.69921875 3157.3684895833335 3
40 0.1 3154.875 0.0 3159.17578125 3154.875 3156.951171875 4
50 0.1 3153.91015625 0.0 3159.17578125 3153.91015625 3156.5359375 5
60 0.1 3153.4296875 0.0 3159.17578125 3153.4296875 3156.0983072916665 6
70 0.1 3153.1875 0.0 3159.17578125 3153.1875 3155.7170758928573 7
80 0.1 3152.828125 0.0 3159.17578125 3152.828125 3155.40087890625 8
90 0.1 3149.92578125 0.0 3159.17578125 3149.92578125 3155.1150173611113 9
100 0.1 3147.61328125 0.0 3159.17578125 3147.61328125 3154.59609375 10
110 0.1 3145.1796875 0.0 3159.17578125 3145.1796875 3153.9612926136365 11
120 0.1 3142.49609375 0.0 3159.17578125 3142.49609375 3153.2294921875 12
130 0.1 3142.38671875 0.0 3159.17578125 3142.38671875 3152.403846153846 13
140 0.1 3142.41796875 0.0 3159.17578125 3142.38671875 3151.6883370535716 14
150 0.1 3141.5546875 0.0 3159.17578125 3141.5546875 3151.0703125 15
160 0.1 3141.44140625 0.0 3159.17578125 3141.44140625 3150.4755859375 16
170 0.1 3141.47265625 0.0 3159.17578125 3141.44140625 3149.944163602941 17
180 0.1 3141.484375 0.0 3159.17578125 3141.44140625 3149.4735243055557 18
190 0.1 3141.3359375 0.0 3159.17578125 3141.3359375 3149.053042763158 19
200 0.1 3141.37109375 0.0 3159.17578125 3141.3359375 3148.6671875 20
210 0.1 3141.21484375 0.0 3159.17578125 3141.21484375 3148.319754464286 21
220 0.1 3143.47265625 0.0 3159.17578125 3141.21484375 3147.9968039772725 22
