10 0.1 1545 0 1545 1545 0 0
20 0.1 3.3e3 0.0 3300 1545 1545.0 1
30 0.1 2887.0 0.0 3300 1545 2422.5 2
40 0.1 6953.0 0.0 6953 1545 2577.3333333333335 3
50 0.1 2633.0 0.0 6953 1545 3671.25 4
60 0.1 5193.0 0.0 6953 1545 3463.6 5
70 0.1 5567.0 0.0 6953 1545 3751.8333333333335 6
80 0.1 3678.0 0.0 6953 1545 4011.1428571428573 7
90 0.1 9640.0 0.0 9640 1545 3969.5 8
100 0.1 4065.0 0.0 9640 1545 4599.555555555556 9
110 0.1 4829.0 0.0 9640 1545 4546.1 10
120 0.1 9989.0 0.0 9989 1545 4571.818181818182 11
130 0.1 5746.0 0.0 9989 1545 5023.25 12
140 0.1 2966.0 0.0 9989 1545 5078.846153846154 13
150 0.1 3293.0 0.0 9989 1545 4927.928571428572 14
160 0.1 5420.0 0.0 9989 1545 4818.933333333333 15
170 0.1 4267.0 0.0 9989 1545 4856.5 16
180 0.1 2042.0 0.0 9989 1545 4821.823529411765 17
190 0.1 2942.0 0.0 9989 1545 4667.388888888889 18
200 0.1 1538.0 0.0 9989 1538 4576.578947368421 19
210 0.1 4601.0 0.0 9989 1538 4424.65 20
220 0.1 3179.0 0.0 9989 1538 4433.047619047619 21
