0 1.6 32.80851745605469 34.34153753575715 132.7421875 7.383056640625 0 0
10 4.3 330.0849893259448 1127.1464590387302 5345.416015625 7.383056640625 32.80851745605469 16
20 3.3 488.2530554569128 1701.073580501756 8406.787841796875 7.383056640625 249.46764102224577 59
30 5.1 1068.7025026807596 3062.2397148329032 10801.55712890625 7.383056640625 335.1189309825068 92
40 4 3597.269854736328 2662.347174576442 10801.55712890625 7.383056640625 596.7466383713943 143
50 5 2610.63716796875 3476.5158189722547 13710.782958984375 7.383056640625 1252.5987075221994 183
60 11 2366.458531605113 3274.1966892645523 14701.55810546875 7.383056640625 1544.0232698497855 233
70 2.5 6293.815419921875 2546.717478911503 14701.55810546875 7.383056640625 1807.7780185176746 343
80 16 3833.3948837280245 3070.086578958348 17800.533935546875 7.383056640625 2112.535994156547 368
90 6.5 2835.5260329026446 3783.460642830559 18633.193115234375 0.87109375 2634.008384935783 528
100 25.8 3719.017084166062 5192.369138146641 18633.193115234375 0.64013671875 2656.097165910228 593
110 31.6 3905.4252002571216 6913.983446813313 23411.777099609375 0.64013671875 2978.3455077551225 851
120 16.1 4654.5503414935965 6709.6906766459615 27518.822998046875 0.64013671875 3229.379940343496 1167
130 4.7 14502.26438871343 3904.2315534338954 28924.131103515625 0.64013671875 3402.16038807329 1328
140 4.9 19897.4672403141 3300.995566426176 28924.131103515625 0.64013671875 3781.582124822444 1375
150 3.8 25045.18720446135 3200.936110619659 34678.9501953125 0.64013671875 4336.13154242012 1424
160 2.2 28312.155795010654 3799.8286790499133 35505.35498046875 0.64013671875 4874.397011064147 1462
170 1.2 30492.420817057293 6370.982466036705 41769.371826171875 0.64013671875 5221.857046944755 1484
180 1.5 36644.22954101562 2683.1515908849033 43669.14404296875 0.64013671875 5424.562103924268 1496
190 2.5 38061.78911132812 5171.959909160539 49534.462890625 0.64013671875 5734.4860030350355 1511
200 5.4 31297.344636140046 8637.90919897992 49534.462890625 0.64013671875 6260.646535396577 1536
210 5.1 14404.877608953737 11399.847733760638 55556.369873046875 0.64013671875 7110.9494897614495 1590
220 3 4196.188297526041 9337.797998128986 55556.369873046875 0.64013671875 7337.634641546219 1641
221 0 0 0 55556.369873046875 0.64013671875 7281.235245782841 1671
