0 4.4859375 4.4859375
10 13.43828125 17.92421875
20 11.0203125 28.94453125
30 15.871875 44.81640625
40 13.2375 58.05390625
50 19.00859375 77.0625
60 27.62734375 104.68984375
70 15.675 120.36484375
80 33.80703125 154.171875
90 32.246875 186.41875
100 54.07265625 240.49140625
110 61.99453125 302.4859375
120 41.2640625 343.75
130 19.79921875 363.54921875
140 12.3953125 375.94453125
150 10.20703125 386.1515625
160 7.75078125 393.90234375
170 5.96875 399.87109375
180 6.03828125 405.909375
190 6.9703125 412.8796875
200 12.715625 425.5953125
210 7.49921875 433.09453125
220 7.8796875 440.97421875
221 0 440.97421875
