0 1.3 9.293719951923077 28.586692984761314 108.304931640625 0.779052734375 0 0
10 0.9 0.9022352430555556 0.07961689192482638 108.304931640625 0.739990234375 9.293719951923077 13
20 0.8 0.843780517578125 0.056612525744336506 108.304931640625 0.73388671875 5.86083984375 22
30 1 0.885791015625 0.11131178351144382 108.304931640625 0.73388671875 4.522957356770833 30
40 2 1.0631835937500003 0.7691337976496556 108.304931640625 0.654052734375 3.613665771484375 40
50 1.8 0.8527425130208334 0.08216456524777735 108.304931640625 0.654052734375 2.763505045572917 60
60 3 0.9390625 0.6371459732131182 108.304931640625 0.636962890625 2.3225598457532053 78
70 4.8 0.8024546305338541 0.07037777854357914 108.304931640625 0.636962890625 1.9382550274884258 108
80 4.4 0.8652898615056818 0.11893282263856673 108.304931640625 0.636962890625 1.5887779822716346 156
90 7.8 0.8511368189102564 0.24587529596815577 108.304931640625 0.598876953125 1.429610595703125 200
100 8.6 0.9491790061773254 0.5446281049648969 108.304931640625 0.598876953125 1.2673050036533273 278
110 6.8 0.8305089613970589 0.08802213235101199 108.304931640625 0.598876953125 1.1921433668870192 364
120 14.1 0.7353446365248227 0.09149951099257986 108.304931640625 0.569091796875 1.1352194326895255 432
130 16.3 0.7387260951878835 0.07170258276696831 108.304931640625 0.569091796875 1.0368209226385252 573
140 17.5 0.7516322544642858 0.15544472153589395 108.304931640625 0.569091796875 0.9708026388417119 736
150 28.3 0.7994932572327739 0.5309301221888948 108.304931640625 0.569091796875 0.928700753807629 911
160 30.4 0.8588778847142265 0.5970302081920301 108.304931640625 0.569091796875 0.8980761964117462 1194
170 30.3 0.7336047081270629 0.20587881677531544 108.304931640625 0.569091796875 0.8901213988442924 1498
180 61.7 0.8140843420786065 1.6699709068501647 108.304931640625 0.546875 0.8637890516553304 1801
190 64.9 0.7071869883956082 0.13760397522554532 108.304931640625 0.546875 0.8511059227021298 2418
200 59 0.7083214711334748 0.25632934251940664 108.304931640625 0.546875 0.8206516063131724 3067
210 107.4 0.7322607058164571 0.44399039845236 108.304931640625 0.545166015625 0.8025288883049629 3657
220 124.7 0.8404878740226542 0.8089022103759331 108.304931640625 0.545166015625 0.7865770751591893 4731
230 124.6 0.8400130417335478 1.0638954289237805 108.304931640625 0.545166015625 0.7978227704055494 5978
240 226 0.8120658401894353 0.48713932806647925 108.304931640625 0.545166015625 0.805099774568712 7224
250 237.5 0.8371535773026311 0.7387425677566994 108.304931640625 0.545166015625 0.806759760682465 9484
260 239.1 0.8483881613341708 1.929739491430273 108.304931640625 0.545166015625 0.8128467253905258 11859
270 442.1 0.9317453829202956 1.1587055148985743 108.304931640625 0.5361328125 0.8188102042214911 14250
280 466.5 1.073811796623795 1.1912946008600274 108.304931640625 0.5361328125 0.8455514834795606 18671
290 467.1 1.0551228344606323 1.21031500876736 108.304931640625 0.5361328125 0.8911820268810798 23336
296 62.6 1.0827671818839848 0.9231875477039624 108.304931640625 0.5361328125 0.9185240311015993 28007
