0 0.1 12.68934762281522 0 12.68934762281522 12.68934762281522 0 0
10 0.1 1.9762845849802373 0.0 12.68934762281522 1.9762845849802373 12.68934762281522 1
20 0.1 0.7920792079207921 0.0 12.68934762281522 0.7920792079207921 7.332816103897729 2
30 0.1 1.0869565217391304 0.0 12.68934762281522 0.7920792079207921 5.152570471905417 3
40 0.1 0.8902077151335311 0.0 12.68934762281522 0.7920792079207921 4.136166984363845 4
50 0.1 0.9900990099009901 0.0 12.68934762281522 0.7920792079207921 3.486975130517782 5
60 0.1 1.089108910891089 0.0 12.68934762281522 0.7920792079207921 3.0708291104149836 6
70 0.1 1.288404360753221 0.0 12.68934762281522 0.7920792079207921 2.7877262247687127 7
80 0.1 1.8737672583826428 0.0 12.68934762281522 0.7920792079207921 2.6003109917667766 8
90 0.1 1.8756169792694966 0.0 12.68934762281522 0.7920792079207921 2.5195839102796507 9
100 0.1 2.571711177052423 0.0 12.68934762281522 0.7920792079207921 2.455187217178635 10
110 0.1 2.180376610505451 0.0 12.68934762281522 0.7920792079207921 2.4657803044398885 11
120 0.1 1.9860973187686197 0.0 12.68934762281522 0.7920792079207921 2.4419966632786854 12
130 0.1 3.4722222222222223 0.0 12.68934762281522 0.7920792079207921 2.4069274829317573 13
140 0.1 3.383084577114428 0.0 12.68934762281522 0.7920792079207921 2.4830199643096478 14
150 0.1 3.869047619047619 0.0 12.68934762281522 0.7920792079207921 2.5430242718299665 15
160 0.1 6.169154228855722 0.0 12.68934762281522 0.7920792079207921 2.62590073103107 16
170 0.1 5.952380952380952 0.0 12.68934762281522 0.7920792079207921 2.8343274073736966 17
180 0.1 6.493506493506493 0.0 12.68934762281522 0.7920792079207921 3.007552604318544 18
190 0.1 10.797174571140262 0.0 12.68934762281522 0.7920792079207921 3.1910238616442257 19
200 0.1 10.574018126888216 0.0 12.68934762281522 0.7920792079207921 3.5713313971190273 20
210 0.1 11.670020120724347 0.0 12.68934762281522 0.7920792079207921 3.9047926699651794 21
220 0.1 19.721115537848604 0.0 19.721115537848604 0.7920792079207921 4.257757554090596 22
230 0.1 18.82591093117409 0.0 19.721115537848604 0.7920792079207921 4.930077466427901 23
240 0.1 23.423423423423422 0.0 23.423423423423422 0.7920792079207921 5.5090705274589915 24
250 0.1 31.40495867768595 0.0 31.40495867768595 0.7920792079207921 6.225644643297569 25
260 0.1 30.697190426638915 0.0 31.40495867768595 0.7920792079207921 7.194079798466353 26
270 0.1 35.96757852077001 0.0 35.96757852077001 0.7920792079207921 8.06456537728756 27
280 0.1 42.28855721393035 0.0 42.28855721393035 0.7920792079207921 9.061101560983362 28
290 0.1 43.40344168260038 0.0 43.40344168260038 0.7920792079207921 10.206875893843604 29
296 0.1 29.3713163064833 0.0 43.40344168260038 0.7920792079207921 11.313428086802162 30
