0 0.1 3166.046875 0 3166.046875 3166.046875 0 0
10 0.1 3165.328125 0.0 3166.046875 3165.328125 3166.046875 1
20 0.1 3165.375 0.0 3166.046875 3165.328125 3165.6875 2
30 0.1 3165.390625 0.0 3166.046875 3165.328125 3165.5833333333335 3
40 0.1 3165.40625 0.0 3166.046875 3165.328125 3165.53515625 4
50 0.1 3165.421875 0.0 3166.046875 3165.328125 3165.509375 5
60 0.1 3165.44140625 0.0 3166.046875 3165.328125 3165.4947916666665 6
70 0.1 3165.44921875 0.0 3166.046875 3165.328125 3165.4871651785716 7
80 0.1 3165.4453125 0.0 3166.046875 3165.328125 3165.482421875 8
90 0.1 3163.63671875 0.0 3166.046875 3163.63671875 3165.4782986111113 9
100 0.1 3164.89453125 0.0 3166.046875 3163.63671875 3165.294140625 10
110 0.1 3164.88671875 0.0 3166.046875 3163.63671875 3165.2578125 11
120 0.1 3164.7578125 0.0 3166.046875 3163.63671875 3165.2268880208335 12
130 0.1 3164.70703125 0.0 3166.046875 3163.63671875 3165.1908052884614 13
140 0.1 3164.5 0.0 3166.046875 3163.63671875 3165.15625 14
150 0.1 3164.1796875 0.0 3166.046875 3163.63671875 3165.1125 15
160 0.1 3164.03515625 0.0 3166.046875 3163.63671875 3165.05419921875 16
170 0.1 3163.92578125 0.0 3166.046875 3163.63671875 3164.994255514706 17
180 0.1 3163.49609375 0.0 3166.046875 3163.49609375 3164.9348958333335 18
190 0.1 3162.9453125 0.0 3166.046875 3162.9453125 3164.8591694078946 19
200 0.1 3162.62109375 0.0 3166.046875 3162.62109375 3164.7634765625 20
210 0.1 3161.93359375 0.0 3166.046875 3161.93359375 3164.6614583333335 21
220 0.1 3159.5390625 0.0 3166.046875 3159.5390625 3164.5374644886365 22
230 0.1 3159.7890625 0.0 3166.046875 3159.5390625 3164.3201426630435 23
240 0.1 3157.26171875 0.0 3166.046875 3157.26171875 3164.13134765625 24
250 0.1 3154.62890625 0.0 3166.046875 3154.62890625 3163.8565625 25
260 0.1 3151.0078125 0.0 3166.046875 3151.0078125 3163.501652644231 26
270 0.1 3150.1015625 0.0 3166.046875 3150.1015625 3163.038917824074 27
280 0.1 3146.76171875 0.0 3166.046875 3146.76171875 3162.5768694196427 28
290 0.1 3144.83203125 0.0 3166.046875 3144.83203125 3162.0315193965516 29
296 0.1 3145.375 0.0 3166.046875 3144.83203125 3161.458203125 30
