0 0.1 0.1015625 0 0.1015625 0.1015625 0 0
10 0.1 0.078125 0.0 0.1015625 0.078125 0.1015625 1
20 0.1 0.0703125 0.0 0.1015625 0.0703125 0.08984375 2
30 0.1 0.05859375 0.0 0.1015625 0.05859375 0.08333333333333333 3
40 0.1 0.05078125 0.0 0.1015625 0.05078125 0.0771484375 4
50 0.1 0.0390625 0.0 0.1015625 0.0390625 0.071875 5
60 0.1 0.0390625 0.0 0.1015625 0.0390625 0.06640625 6
70 0.1 0.03125 0.0 0.1015625 0.03125 0.0625 7
80 0.1 0.03125 0.0 0.1015625 0.03125 0.05859375 8
90 0.1 0.01953125 0.0 0.1015625 0.01953125 0.05555555555555555 9
100 0.1 0.01953125 0.0 0.1015625 0.01953125 0.051953125 10
110 0.1 0.01953125 0.0 0.1015625 0.01953125 0.049005681818181816 11
120 0.1 0.01171875 0.0 0.1015625 0.01171875 0.046549479166666664 12
130 0.1 0.01171875 0.0 0.1015625 0.01171875 0.043870192307692304 13
140 0.1 0.01171875 0.0 0.1015625 0.01171875 0.04157366071428571 14
150 0.1 0.01171875 0.0 0.1015625 0.01171875 0.03958333333333333 15
160 0.1 0.01171875 0.0 0.1015625 0.01171875 0.037841796875 16
170 0.1 0.01171875 0.0 0.1015625 0.01171875 0.03630514705882353 17
180 0.1 0.0 0.0 0.1015625 0.0 0.03493923611111111 18
190 0.1 0.0 0.0 0.1015625 0.0 0.03310032894736842 19
200 0.1 0.0 0.0 0.1015625 0.0 0.0314453125 20
210 0.1 0.0 0.0 0.1015625 0.0 0.029947916666666668 21
220 0.1 0.078125 0.0 0.1015625 0.0 0.028586647727272728 22
230 0.1 0.0703125 0.0 0.1015625 0.0 0.030740489130434784 23
240 0.1 0.140625 0.0 0.140625 0.0 0.032389322916666664 24
250 0.1 0.12109375 0.0 0.140625 0.0 0.03671875 25
260 0.1 0.1015625 0.0 0.140625 0.0 0.039963942307692304 26
270 0.1 0.23828125 0.0 0.23828125 0.0 0.04224537037037037 27
280 0.1 0.28125 0.0 0.28125 0.0 0.04924665178571429 28
290 0.1 0.30859375 0.0 0.30859375 0.0 0.05724676724137931 29
296 0.1 0.33984375 0.0 0.33984375 0.0 0.065625 30
