10 0.1 286 0 286 286 0 0
20 0.1 198.0 0.0 286 198 286.0 1
30 0.1 176.0 0.0 286 176 242.0 2
40 0.1 244.0 0.0 286 176 220.0 3
50 0.1 507.0 0.0 507 176 226.0 4
60 0.1 354.0 0.0 507 176 282.2 5
70 0.1 817.0 0.0 817 176 294.1666666666667 6
80 0.1 1010.0 0.0 1010 176 368.85714285714283 7
90 0.1 881.0 0.0 1010 176 449.0 8
100 0.1 1.9e3 0.0 1900 176 497.0 9
110 0.1 1828.0 0.0 1900 176 637.3 10
120 0.1 1784.0 0.0 1900 176 745.5454545454545 11
130 0.1 3491.0 0.0 3491 176 832.0833333333334 12
140 0.1 3706.0 0.0 3706 176 1036.6153846153845 13
150 0.1 3963.0 0.0 3963 176 1227.2857142857142 14
160 0.1 6786.0 0.0 6786 176 1409.6666666666667 15
170 0.1 6605.0 0.0 6786 176 1745.6875 16
180 0.1 8002.0 0.0 8002 176 2031.5294117647059 17
190 0.1 14459.0 0.0 14459 176 2363.222222222222 18
200 0.1 14129.0 0.0 14459 176 2999.842105263158 19
210 0.1 15805.0 0.0 15805 176 3556.3 20
220 0.1 26054.0 0.0 26054 176 4139.571428571428 21
230 0.1 27872.0 0.0 27872 176 5135.681818181818 22
240 0.1 31321.0 0.0 31321 176 6124.217391304348 23
250 0.1 45183.0 0.0 45183 176 7174.083333333333 24
260 0.1 43987.0 0.0 45183 176 8694.44 25
270 0.1 47638.0 0.0 47638 176 10051.846153846154 26
280 0.1 51922.0 0.0 51922 176 11443.925925925925 27
290 0.1 50324.0 0.0 51922 176 12889.57142857143 28
296 0.1 34666.0 0.0 51922 176 14180.413793103447 29
