0 1.3 15.942758413461538 29.600368006822755 118.296875 6.489990234375 0 0
10 0.9 6.878607855902778 0.22906751446435258 118.296875 6.489990234375 15.942758413461538 13
20 0.8 6.715576171875 0.14749599823129927 118.296875 6.489990234375 12.234696821732955 22
30 1 7.47744140625 1.8246518854715148 118.296875 6.489990234375 10.762931315104167 30
40 2 7.5067626953125 1.8105015212615985 118.296875 5.76611328125 9.941558837890625 40
50 1.8 6.78271484375 0.21652552947363665 118.296875 5.76611328125 9.129960123697916 60
60 3 7.393489583333333 1.5020136918895617 118.296875 5.68994140625 8.588288136017628 78
70 4.8 7.0475718180338545 1.1049392856476692 118.296875 5.68994140625 8.25639964916088 108
80 4.4 6.906904740767046 0.8851460449491286 118.296875 5.465087890625 7.884452624198718 156
90 7.8 7.267631335136218 1.2340265508693453 118.296875 5.465087890625 7.66939208984375 200
100 8.6 8.12706667877908 2.177895161501258 118.296875 5.465087890625 7.556667849314299 278
110 6.8 7.350909064797794 1.1384735492352382 118.296875 5.465087890625 7.691432407924109 364
120 14.1 7.456797498337766 2.1117684146763374 118.296875 5.43115234375 7.637831511320893 432
130 16.3 7.528222955809049 2.8320864093287006 118.296875 5.43115234375 7.593283874618239 573
140 17.5 7.646365792410714 2.3937494049380494 118.296875 5.27587890625 7.578875002653704 736
150 28.3 7.849417858325975 2.5294934867074566 118.296875 5.27587890625 7.591839753704721 911
160 30.3 10.016407378042489 5.654243786186877 118.296875 5.15185546875 7.652890510495186 1194
170 30.4 8.2787298905222 3.237312638861565 118.296875 5.093017578125 8.131277692102955 1497
180 61.7 9.919088156528575 7.7686422246383255 118.296875 5.093017578125 8.156166902718974 1801
190 64.9 9.570530308046035 4.892802711519342 118.296875 5.093017578125 8.606010746226222 2418
200 59 9.258885477356994 4.692004543414712 118.296875 5.093017578125 8.810110255721188 3067
210 107.4 14.196168128782592 9.264114457971228 118.296875 5.093017578125 8.882513149012171 3657
220 124.7 16.550648313765524 11.410569774532542 118.296875 5.093017578125 10.088783588300574 4731
230 124.5 17.196580266378035 12.30323134704225 118.296875 5.093017578125 11.436716895870797 5978
240 215.5 381.8154359184675 238.37630636441818 599.281005859375 1.281982421875 12.429521810211309 7223
250 237.8 437.48082305163894 218.31155045617456 635.3681640625 1.2001953125 97.31186824903537 9378
260 239.1 432.119354541608 218.23759421808106 635.3681640625 1.2001953125 166.12113794285904 11756
270 441.9 239.80706183525743 285.3481967038544 649.2578125 1.2001953125 211.0777885322143 14147
280 466.4 228.2328485452905 293.4601755441492 671.81396484375 1.2001953125 217.9158074229903 18566
290 467.1 228.631909948017 298.8634286581337 678.91796875 1.2001953125 219.98720991091142 23230
296 73.2 277.0498387070953 298.8326630339042 678.91796875 1.2001953125 221.4344481415598 27901
