10 0.1 225 0 225 225 0 0
20 0.1 165.0 0.0 225 165 225.0 1
30 0.1 140.0 0.0 225 140 195.0 2
40 0.1 202.0 0.0 225 140 176.66666666666666 3
50 0.1 394.0 0.0 394 140 183.0 4
60 0.1 294.0 0.0 394 140 225.2 5
70 0.1 673.0 0.0 673 140 236.66666666666666 6
80 0.1 821.0 0.0 821 140 299.0 7
90 0.1 676.0 0.0 821 140 364.25 8
100 0.1 1530.0 0.0 1530 140 398.8888888888889 9
110 0.1 1422.0 0.0 1530 140 512.0 10
120 0.1 1391.0 0.0 1530 140 594.7272727272727 11
130 0.1 2718.0 0.0 2718 140 661.0833333333334 12
140 0.1 2959.0 0.0 2959 140 819.3076923076923 13
150 0.1 3118.0 0.0 3118 140 972.1428571428571 14
160 0.1 5459.0 0.0 5459 140 1115.2 15
170 0.1 5358.0 0.0 5459 140 1386.6875 16
180 0.1 6476.0 0.0 6476 140 1620.2941176470588 17
190 0.1 11721.0 0.0 11721 140 1890.0555555555557 18
200 0.1 11344.0 0.0 11721 140 2407.4736842105262 19
210 0.1 12681.0 0.0 12681 140 2854.3 20
220 0.1 21001.0 0.0 21001 140 3322.2380952380954 21
230 0.1 21979.0 0.0 21979 140 4125.818181818182 22
240 0.1 25523.0 0.0 25523 140 4902.04347826087 23
250 0.1 37145.0 0.0 37145 140 5761.25 24
260 0.1 36357.0 0.0 37145 140 7016.6 25
270 0.1 41372.0 0.0 41372 140 8145.076923076923 26
280 0.1 47809.0 0.0 47809 140 9375.703703703704 27
290 0.1 48082.0 0.0 48082 140 10748.32142857143 28
296 0.1 33118.0 0.0 48082 140 12035.689655172413 29
