0 1.3 18.047626201923073 30.095420090291768 122.1171875 8.43701171875 0 0
10 0.9 8.83620876736111 0.21868712246482513 122.1171875 8.43701171875 18.047626201923073 13
20 0.8 8.68377685546875 0.1446533589423407 122.1171875 8.43701171875 14.27931906960227 22
30 1 9.3565185546875 1.8394595319628653 122.1171875 8.43701171875 12.787174479166664 30
40 2.1 9.407540457589286 1.7865240851690687 122.1171875 7.759033203125 11.929510498046874 40
50 1.8 8.751600477430555 0.20594425823572685 122.1171875 7.759033203125 11.061291303790984 61
60 3 9.355061848958334 1.4848704402469037 122.1171875 7.69482421875 10.535032634493671 79
70 4.8 8.99732971191406 1.1009880324350987 122.1171875 7.69482421875 10.210270032970184 109
80 4.3 8.862577216569774 0.8964262977351362 122.1171875 7.5458984375 9.83943477557723 157
90 8 9.252737426757813 1.2275268345855785 122.1171875 7.5458984375 9.629410400390626 200
100 8.4 10.09834507533482 2.1916144175298076 122.1171875 7.5458984375 9.52178955078125 280
110 6.9 9.447867130887678 1.6392203081485792 122.1171875 7.5458984375 9.654840825678228 364
120 14.5 9.441635237068969 2.1145740030178253 122.1171875 6.89794921875 9.621858874314377 433
130 16 9.600254821777346 3.055981329280079 122.1171875 6.89794921875 9.576647062202639 578
140 17.9 9.600928279940645 2.373329683070383 122.1171875 6.89794921875 9.581765275660569 738
150 28.3 9.879654200253976 2.6363828919025347 122.1171875 6.89794921875 9.585505927532035 917
160 30.1 12.017449971449334 5.665643390575932 122.1171875 6.89794921875 9.654875895182292 1200
170 30.2 10.282858741204468 3.24204493582095 122.1171875 6.89794921875 10.12864991047635 1501
180 62.2 11.924167645322544 7.79703998625288 122.1171875 6.89794921875 10.154479675800749 1803
190 64.8 11.592768539617104 4.913092042670026 122.1171875 6.89794921875 10.608395517880153 2425
200 58.8 11.219931673841412 4.690996193371226 122.1171875 6.89794921875 10.815969132616745 3073
210 107.1 16.22941331480509 9.300292318711083 122.1171875 6.89794921875 10.880850305585907 3661
220 124.7 18.589659323000227 11.471953131765483 122.1171875 6.89794921875 12.091397850571905 4732
230 124.4 19.19656617388465 12.314806843158308 122.1171875 6.89794921875 13.446696739369049 5979
240 228.3 384.5246214162765 238.3009301722785 601.337158203125 2.6318359375 14.436982988370492 7223
250 235.2 442.1004276405392 216.7993541919119 637.39892578125 2.6318359375 103.31875013868708 9506
260 237.6 436.5083952110628 215.0189596401456 637.39892578125 2.6318359375 170.51511592417842 11858
270 450.8 235.80215196854908 285.6661506599437 651.048095703125 2.44287109375 214.91584878814058 14234
280 465.7 231.0539768342682 294.3098000457182 675.236083984375 2.44287109375 219.93961651502573 18742
290 465.1 231.34384768774524 299.05464152282957 680.60009765625 2.44287109375 222.15165873933924 23399
296 58.3 285.053898125938 297.42756434009897 680.60009765625 2.44287109375 223.67582525623894 28050
