0 250.05625 250.05625
10 173.11640625 423.17265625
20 153.88125 577.05390625
30 192.3515625 769.40546875
40 384.703125 1154.10859375
50 346.2328125 1500.34140625
60 577.0546875 2077.39609375
70 923.2875 3000.68359375
80 846.3453125 3847.02890625
90 1500.3421875 5347.37109375
100 1654.22109375 7001.5921875
110 1307.9890625 8309.58125
120 2712.15546875 11021.73671875
130 3135.3296875 14157.06640625
140 3366.15078125 17523.2171875
150 5443.54375 22966.7609375
160 5828.24921875 28795.01015625
170 5847.4859375 34642.49609375
180 11868.08515625 46510.58125
190 12483.60859375 58994.18984375
200 11348.73671875 70342.9265625
210 20658.54296875 91001.46953125
220 23986.20078125 114987.6703125
230 23947.74140625 138935.41171875
240 33248.59765625 172184.009375
250 36859.15546875 209043.16484375
260 36845.19921875 245888.3640625
270 35950.93828125 281839.30234375
280 34553.6078125 316392.91015625
290 33915.08359375 350307.99375
296 6612.43359375 356920.42734375
