0 1.41171875 1.41171875
10 0.97734375 2.3890625
20 0.86875 3.2578125
30 1.0859375 4.34375
40 2.171875 6.515625
50 1.9546875 8.4703125
60 3.2578125 11.728125
70 5.2125 16.940625
80 4.778125 21.71875
90 8.4703125 30.1890625
100 9.3390625 39.528125
110 7.384375 46.9125
120 15.31171875 62.22421875
130 17.70078125 79.925
140 19.00390625 98.92890625
150 30.73203125 129.6609375
160 33.0125 162.6734375
170 32.90390625 195.57734375
180 67.00234375 262.5796875
190 70.47734375 333.05703125
200 64.0703125 397.12734375
210 116.6296875 513.75703125
220 135.41640625 649.1734375
230 135.3078125 784.48125
240 245.421875 1029.903125
250 257.91015625 1287.81328125
260 259.64765625 1547.4609375
270 480.09296875 2027.55390625
280 506.58984375 2534.14375
290 507.24140625 3041.38515625
296 67.9796875 3109.36484375
