0 1.2 10.985331217447916 31.24461006546803 114.60595703125 1.198974609375 0 0
10 0.9 8.92822265625 18.474881836951063 114.60595703125 1.198974609375 10.985331217447916 12
20 0.9 1.53466796875 0.40455745995367337 114.60595703125 1.129150390625 10.10371326264881 21
30 1.3 1.7156137319711537 0.33635963362765187 114.60595703125 1.129150390625 7.532999674479167 30
40 2.4 1.5232137044270833 0.343535023113784 114.60595703125 0.991943359375 5.774255087209302 43
50 1.5 1.5708658854166666 0.3845462848180593 114.60595703125 0.991943359375 4.251493994869403 67
60 3.2 1.525543212890625 0.3668589123617732 114.60595703125 0.93798828125 3.761135194359756 82
70 3.5 2.1827845982142855 4.322924352517263 114.60595703125 0.93798828125 3.1336006030701755 114
80 3.9 1.6672050280448718 0.762840449665084 114.60595703125 0.93798828125 2.9102545616610738 149
90 6.9 1.65380859375 0.6135681644660306 114.60595703125 0.93798828125 2.652387903091755 188
100 7.5 1.5627897135416666 0.5155419649921645 114.60595703125 0.93798828125 2.384286843385214 257
110 7.9 1.5078557654272153 0.4461517537110479 114.60595703125 0.93798828125 2.1987076724868224 332
120 1.8 1.3990749782986112 0.3947975522182943 114.60595703125 0.93798828125 2.0659161867016422 411
130 0 0 0 114.60595703125 0.93798828125 2.0379368353001164 429
140 0 0 0 114.60595703125 0.93798828125 2.0379368353001164 429
150 0 0 0 114.60595703125 0.93798828125 2.0379368353001164 429
160 0 0 0 114.60595703125 0.93798828125 2.0379368353001164 429
168 0 0 0 114.60595703125 0.93798828125 2.0379368353001164 429
