0 0.1 3.009685173671489 0 3.009685173671489 3.009685173671489 0 0
10 0.1 2.6522593320235757 0.0 3.009685173671489 2.6522593320235757 3.009685173671489 1
20 0.1 1.9627085377821394 0.0 3.009685173671489 1.9627085377821394 2.8309722528475323 2
30 0.1 1.6765285996055226 0.0 3.009685173671489 1.6765285996055226 2.5415510144924016 3
40 0.1 1.9723865877712032 0.0 3.009685173671489 1.6765285996055226 2.3252954107706816 4
50 0.1 2.5540275049115913 0.0 3.009685173671489 1.6765285996055226 2.254713646170786 5
60 0.1 2.1696252465483234 0.0 3.009685173671489 1.6765285996055226 2.3045992892942535 6
70 0.1 3.155818540433925 0.0 3.155818540433925 1.6765285996055226 2.285317283187692 7
80 0.1 3.9138943248532287 0.0 3.9138943248532287 1.6765285996055226 2.394129940343471 8
90 0.1 4.3095004897159646 0.0 4.3095004897159646 1.6765285996055226 2.562992649733444 9
100 0.1 6.176470588235294 0.0 6.176470588235294 1.6765285996055226 2.737643433731696 10
110 0.1 7.602339181286549 0.0 7.602339181286549 1.6765285996055226 3.050264084141114 11
120 0.1 7.961165048543689 0.0 7.961165048543689 1.6765285996055226 3.4296036755699006 12
130 0.1 3.2448377581120944 0.0 7.961165048543689 1.6765285996055226 3.7781853196448076 13
140 0.1 1.6765285996055226 0.0 7.961165048543689 1.6765285996055226 3.740089065249614 14
150 0.1 1.0869565217391304 0.0 7.961165048543689 1.0869565217391304 3.602518367540008 15
160 0.1 0.9900990099009901 0.0 7.961165048543689 0.9900990099009901 3.4452957521774534 16
168 0.1 1.083743842364532 0.0 7.961165048543689 0.9900990099009901 3.3008724143964847 17
