10 0.1 669 0 669 669 0 0
20 0.1 534.0 0.0 669 534 669.0 1
30 0.1 772.0 0.0 772 534 601.5 2
40 0.1 963.0 0.0 963 534 658.3333333333334 3
50 0.1 1409.0 0.0 1409 534 734.5 4
60 0.1 1299.0 0.0 1409 534 869.4 5
70 0.1 2487.0 0.0 2487 534 941.0 6
80 0.1 3105.0 0.0 3105 534 1161.857142857143 7
90 0.1 3169.0 0.0 3169 534 1404.75 8
100 0.1 6037.0 0.0 6037 534 1600.7777777777778 9
110 0.1 8163.0 0.0 8163 534 2044.4 10
120 0.1 8343.0 0.0 8343 534 2600.6363636363635 11
130 0.1 1676.0 0.0 8343 534 3079.1666666666665 12
140 0.1 544.0 0.0 8343 534 2971.230769230769 13
150 0.1 193.0 0.0 8343 193 2797.8571428571427 14
160 0.1 58.0 0.0 8343 58 2624.2 15
168 0.1 50.0 0.0 8343 50 2463.8125 16
