0 3.1 17.343781502016128 20.51224093585287 128.785888671875 9.22607421875 0 0
10 4.3 15.597832258357558 9.342825785106273 128.785888671875 9.22607421875 17.343781502016128 31
20 6.9 17.073479251585145 10.27030644740368 128.785888671875 9.22607421875 16.32924342799831 74
30 5.1 15.049608417585784 3.863282142136302 128.785888671875 9.22607421875 16.688350223994757 143
40 9.6 14.836825052897135 2.9016773456813705 128.785888671875 9.22607421875 16.257546965608892 194
50 9.9 14.446848859690656 3.5793820308350943 128.785888671875 9.012939453125 15.787239022090517 290
60 13.8 13.974428923233695 3.1504081309838856 128.785888671875 9.012939453125 15.446111448626285 389
70 19.7 14.36353902284264 3.998337568748225 128.785888671875 9.012939453125 15.060737276891603 527
80 22.4 15.661075047084264 8.453219028447737 128.785888671875 9.011962890625 14.871030017157286 724
90 26 14.93268855168269 3.9147662423991085 128.785888671875 8.99609375 15.057707323806698 948
100 44.9 15.594453603493879 5.747303942641002 128.785888671875 8.969970703125 15.03079930993895 1208
110 43.7 15.545679995888154 5.728864280033188 128.785888671875 8.718017578125 15.18353363571213 1657
120 29.1 14.54191164626289 4.85900003427938 128.785888671875 8.598876953125 15.25911050266386 2094
130 11.8 15.380215919623941 18.632441732072042 215.31884765625 8.598876953125 15.17160322081368 2385
140 4.3 13.06005859375 1.9962897428671116 215.31884765625 8.598876953125 15.181437938536256 2503
150 1.4 14.020228794642858 2.492666945538731 215.31884765625 8.598876953125 15.14560945785055 2546
160 0.9 13.302137586805555 2.436740395823592 215.31884765625 8.598876953125 15.139455032348632 2560
168 0.5 13.452099609375 2.368095150414877 215.31884765625 8.598876953125 15.133018342192974 2569
