0 0.1 3.249844047731456 0 3.249844047731456 3.249844047731456 0 0
10 0.1 2.359882005899705 0.0 3.249844047731456 2.359882005899705 3.249844047731456 1
20 0.1 2.171767028627838 0.0 3.249844047731456 2.171767028627838 2.8048630268155805 2
30 0.1 1.968503937007874 0.0 3.249844047731456 1.968503937007874 2.5938310274196663 3
40 0.1 3.048180924287119 0.0 3.249844047731456 1.968503937007874 2.4374992548167183 4
50 0.1 4.1015625 0.0 4.1015625 1.968503937007874 2.5596355887107984 5
60 0.1 3.057199211045365 0.0 4.1015625 1.968503937007874 2.8166234072589984 6
70 0.1 4.2926829268292686 0.0 4.2926829268292686 1.968503937007874 2.8509913792284793 7
80 0.1 5.216535433070866 0.0 5.216535433070866 1.968503937007874 3.031202822678578 8
90 0.1 6.403940886699508 0.0 6.403940886699508 1.968503937007874 3.2740175571666104 9
100 0.1 9.21435499515034 0.0 9.21435499515034 1.968503937007874 3.5870098901199 10
110 0.1 9.58904109589041 0.0 9.58904109589041 1.968503937007874 4.0985867178499396 11
120 0.1 10.728346456692913 0.0 10.728346456692913 1.968503937007874 4.556124582686645 12
130 0.1 5.923000987166831 0.0 10.728346456692913 1.968503937007874 5.030910880687127 13
140 0.1 2.3645320197044337 0.0 10.728346456692913 1.968503937007874 5.094631602578535 14
148 0.1 1.085883514313919 0.0 10.728346456692913 1.085883514313919 4.912624963720261 15
