0 0.1 3155.82421875 0 3155.82421875 3155.82421875 0 0
10 0.1 3154.82421875 0.0 3155.82421875 3154.82421875 3155.82421875 1
20 0.1 3154.11328125 0.0 3155.82421875 3154.11328125 3155.32421875 2
30 0.1 3154.00390625 0.0 3155.82421875 3154.00390625 3154.9205729166665 3
40 0.1 3152.9375 0.0 3155.82421875 3152.9375 3154.69140625 4
50 0.1 3151.86328125 0.0 3155.82421875 3151.86328125 3154.340625 5
60 0.1 3151.52734375 0.0 3155.82421875 3151.52734375 3153.927734375 6
70 0.1 3150.01171875 0.0 3155.82421875 3150.01171875 3153.5848214285716 7
80 0.1 3149.4609375 0.0 3155.82421875 3149.4609375 3153.13818359375 8
90 0.1 3149.00390625 0.0 3155.82421875 3149.00390625 3152.7296006944443 9
100 0.1 3145.9921875 0.0 3155.82421875 3145.9921875 3152.35703125 10
110 0.1 3145.1328125 0.0 3155.82421875 3145.1328125 3151.778409090909 11
120 0.1 3143.76171875 0.0 3155.82421875 3143.76171875 3151.224609375 12
130 0.1 3143.3984375 0.0 3155.82421875 3143.3984375 3150.6505408653848 13
140 0.1 3143.4296875 0.0 3155.82421875 3143.3984375 3150.1325334821427 14
148 0.1 3143.4375 0.0 3155.82421875 3143.3984375 3149.6856770833333 15
