0 0.1 0.01953125 0 0.01953125 0.01953125 0 0
10 0.1 0.01953125 0.0 0.01953125 0.01953125 0.01953125 1
20 0.1 0.01953125 0.0 0.01953125 0.01953125 0.01953125 2
30 0.1 0.01171875 0.0 0.01953125 0.01171875 0.01953125 3
40 0.1 0.01171875 0.0 0.01953125 0.01171875 0.017578125 4
50 0.1 0.01171875 0.0 0.01953125 0.01171875 0.01640625 5
60 0.1 0.01171875 0.0 0.01953125 0.01171875 0.015625 6
70 0.1 0.01171875 0.0 0.01953125 0.01171875 0.015066964285714286 7
80 0.1 0.01171875 0.0 0.01953125 0.01171875 0.0146484375 8
90 0.1 0.01171875 0.0 0.01953125 0.01171875 0.014322916666666666 9
100 0.1 0.0 0.0 0.01953125 0.0 0.0140625 10
110 0.1 0.0 0.0 0.01953125 0.0 0.01278409090909091 11
120 0.1 0.0 0.0 0.01953125 0.0 0.01171875 12
130 0.1 0.0 0.0 0.01953125 0.0 0.010817307692307692 13
140 0.1 0.0 0.0 0.01953125 0.0 0.010044642857142858 14
148 0.1 0.0 0.0 0.01953125 0.0 0.009375 15
