0 0.6 1432.3179524739583 967.6865532025478 2978.845947265625 297.998046875 0 0
10 0.6 8245.161295572916 4766.2032041138345 17083.85400390625 297.998046875 1432.3179524739583 6
20 0.5 9753.459375 6165.20497407948 17083.85400390625 297.998046875 4838.7396240234375 12
30 0.9 5675.618869357639 4529.616791773448 17083.85400390625 159.126220703125 6284.245433134191 17
40 2.3 7487.266718325408 7477.945214809285 24793.26416015625 19.06494140625 6073.567007211538 26
50 1.1 10642.265891335228 8479.705904863205 30569.6220703125 19.06494140625 6737.140340999681 49
60 2.2 8991.792314009235 7149.882302498404 30569.6220703125 19.06494140625 7453.080025227865 60
70 2.8 7936.607875279017 7262.510637112708 31977.838134765625 19.06494140625 7865.9052734375 82
80 3.9 7944.8185471754805 8228.111074701184 39184.505126953125 19.06494140625 7883.902299360795 110
90 5.5 10214.4373268821 10093.038613240642 39184.505126953125 19.06494140625 7899.846820600881 149
100 6.9 7834.333124575408 7326.620443249622 39184.505126953125 19.06494140625 8523.878574745328 204
110 7.2 9734.769354926213 7962.515086286247 39184.505126953125 19.06494140625 8349.597856570514 273
120 6.3 12982.977039155503 6739.642043785286 39184.505126953125 19.06494140625 8638.677125792572 345
130 2.8 19912.007184709822 6582.755502102458 40750.795166015625 19.06494140625 9309.488141826554 408
140 0.6 28167.679524739582 4256.557748415132 40750.795166015625 19.06494140625 9990.383860176857 436
148 0.2 39708.89147949219 5076.5794677734375 44785.470947265625 19.06494140625 10237.134480057799 442
