0 0.1 2.638928336595064 0 2.638928336595064 2.638928336595064 0 0
10 0.1 2.559055118110236 0.0 2.638928336595064 2.559055118110236 2.638928336595064 1
20 0.1 1.6765285996055226 0.0 2.638928336595064 1.6765285996055226 2.59899172735265 2
30 0.1 1.4822134387351777 0.0 2.638928336595064 1.4822134387351777 2.2915040181036077 3
40 0.1 1.7716535433070866 0.0 2.638928336595064 1.4822134387351777 2.0891813732615003 4
50 0.1 1.7786561264822136 0.0 2.638928336595064 1.4822134387351777 2.0256758072706176 5
60 0.1 2.4630541871921183 0.0 2.638928336595064 1.4822134387351777 1.9845058604725503 6
70 0.1 2.9440628066732093 0.0 2.9440628066732093 1.4822134387351777 2.0528699071467744 7
80 0.1 3.43811394891945 0.0 3.43811394891945 1.4822134387351777 2.1642690195875787 8
90 0.1 4.576436222005842 0.0 4.576436222005842 1.4822134387351777 2.3058073450688976 9
100 0.1 6.51750972762646 0.0 6.51750972762646 1.4822134387351777 2.5328702327625923 10
110 0.1 6.653620352250488 0.0 6.653620352250488 1.4822134387351777 2.895110186841126 11
120 0.1 6.886517943743938 0.0 6.886517943743938 1.4822134387351777 3.2083193672919066 12
130 0.1 2.9585798816568047 0.0 6.886517943743938 1.4822134387351777 3.4912577193266783 13
140 0.1 1.8664047151277015 0.0 6.886517943743938 1.4822134387351777 3.453209302350259 14
150 0.1 1.279527559055118 0.0 6.886517943743938 1.279527559055118 3.347422329868755 15
160 0.1 1.279527559055118 0.0 6.886517943743938 1.279527559055118 3.2181789066929025 16
