0 0.1 3157.0 0 3157.0 3157.0 0 0
10 0.1 3156.05859375 0.0 3157.0 3156.05859375 3157.0 1
20 0.1 3154.88671875 0.0 3157.0 3154.88671875 3156.529296875 2
30 0.1 3154.7421875 0.0 3157.0 3154.7421875 3155.9817708333335 3
40 0.1 3154.5078125 0.0 3157.0 3154.5078125 3155.671875 4
50 0.1 3153.30859375 0.0 3157.0 3153.30859375 3155.4390625 5
60 0.1 3152.34765625 0.0 3157.0 3152.34765625 3155.083984375 6
70 0.1 3151.5078125 0.0 3157.0 3151.5078125 3154.6930803571427 7
80 0.1 3151.03515625 0.0 3157.0 3151.03515625 3154.294921875 8
90 0.1 3149.58203125 0.0 3157.0 3149.58203125 3153.9327256944443 9
100 0.1 3143.8671875 0.0 3157.0 3143.8671875 3153.49765625 10
110 0.1 3138.28515625 0.0 3157.0 3138.28515625 3152.622159090909 11
120 0.1 3137.54296875 0.0 3157.0 3137.54296875 3151.4274088541665 12
130 0.1 3137.91796875 0.0 3157.0 3137.54296875 3150.359375 13
140 0.1 3141.58984375 0.0 3157.0 3137.54296875 3149.470703125 14
150 0.1 3141.63671875 0.0 3157.0 3137.54296875 3148.9453125 15
160 0.1 3141.66015625 0.0 3157.0 3137.54296875 3148.488525390625 16
