0 0.1 0.0 0 0.0 0.0 0 0
10 0.1 0.0 0.0 0.0 0.0 0.0 1
20 0.1 0.0 0.0 0.0 0.0 0.0 2
30 0.1 0.0 0.0 0.0 0.0 0.0 3
40 0.1 0.078125 0.0 0.078125 0.0 0.0 4
50 0.1 0.05859375 0.0 0.078125 0.0 0.015625 5
60 0.1 0.05078125 0.0 0.078125 0.0 0.022786458333333332 6
70 0.1 0.05078125 0.0 0.078125 0.0 0.026785714285714284 7
80 0.1 0.0390625 0.0 0.078125 0.0 0.02978515625 8
90 0.1 0.03125 0.0 0.078125 0.0 0.030815972222222224 9
100 0.1 0.03125 0.0 0.078125 0.0 0.030859375 10
110 0.1 0.1015625 0.0 0.1015625 0.0 0.030894886363636364 11
120 0.1 0.08984375 0.0 0.1015625 0.0 0.036783854166666664 12
130 0.1 0.0703125 0.0 0.1015625 0.0 0.040865384615384616 13
140 0.1 0.05859375 0.0 0.1015625 0.0 0.04296875 14
150 0.1 0.05078125 0.0 0.1015625 0.0 0.04401041666666667 15
160 0.1 0.0390625 0.0 0.1015625 0.0 0.04443359375 16
