0 1.7 15.183837890625 27.102745741215983 122.128173828125 5.708984375 0 0
10 4.1 7.4412037919207314 2.5328284145761253 122.128173828125 5.033935546875 15.183837890625 17
20 4 8.68805541992188 3.4654877439358325 122.128173828125 5.02392578125 9.710596544989224 58
30 5.2 12.080923227163462 15.668234900729724 122.128173828125 5.02392578125 9.29323282047194 98
40 6.8 8.178736069623163 3.0747808505633034 122.128173828125 5.02392578125 10.259632161458335 150
50 9.9 8.490244239267678 3.190760157493182 122.128173828125 4.968994140625 9.61054530712443 218
60 12.9 8.954720430595932 3.221726208852968 122.128173828125 4.968994140625 9.260672102967273 317
70 15 8.293492838541667 3.1757852192079064 122.128173828125 4.948974609375 9.172179354680495 446
80 18.2 8.881277901785712 4.619171323808469 122.128173828125 4.566162109375 8.951033419410654 596
90 32 9.33256530761719 3.5148378488291754 122.128173828125 4.566162109375 8.934715290608933 778
100 34.5 10.02214744678443 4.310699122811036 122.128173828125 4.566162109375 9.050664293744308 1098
110 40.5 10.04165400752315 5.583541236524962 122.128173828125 4.566162109375 9.282931575656187 1443
120 22.5 8.73041775173612 4.353736164743332 122.128173828125 4.087890625 9.449210030691967 1848
130 8.9 8.396824525983144 3.884049687548208 122.128173828125 4.087890625 9.371193502585326 2073
140 2.7 8.225585937500002 3.588451416352244 122.128173828125 4.087890625 9.331083031300594 2162
150 1.8 8.202528211805554 3.4280678207756687 122.128173828125 4.087890625 9.317447388754857 2189
160 0.3 10.58203125 4.171185654397394 122.128173828125 4.087890625 9.308354255458488 2207
162 0 0 0 122.128173828125 4.087890625 9.310083228754245 2210
