0 1.8 14.332628038194445 26.322230402969492 122.128173828125 5.708984375 0 0
10 4.7 6.476635222739362 0.6181653937688405 122.128173828125 5.033935546875 14.332628038194445 18
20 5 6.925537109375 1.6038047219541929 122.128173828125 5.02392578125 8.652140925480769 65
30 6 10.452624511718748 14.688185486551426 122.128173828125 5.02392578125 7.901443614130435 115
40 8.2 6.760923804306403 1.3300302365430965 122.128173828125 5.02392578125 8.776134207589285 175
50 11.6 7.2274801320043105 2.0787433969689673 122.128173828125 4.968994140625 8.133148787086576 257
60 15.6 7.3838360126201925 1.3954753240830169 122.128173828125 4.968994140625 7.85149311955429 373
70 17.5 7.128701171875 1.781356488012874 122.128173828125 4.948974609375 7.7135828952032135 529
80 21.6 7.434442590784143 3.584773023793853 122.128173828125 4.566162109375 7.568193262273615 704
90 37 8.055061629011824 2.6819382582282416 122.128173828125 4.566162109375 7.5367909307065215 920
100 42 8.210797409784227 3.4760426769522654 122.128173828125 4.566162109375 7.685442216266957 1290
110 48.2 8.419529831755717 4.719040135662763 122.128173828125 4.566162109375 7.814476825201023 1710
120 28.6 6.845955802010488 2.3885940930599436 122.128173828125 4.087890625 7.947522239963507 2192
130 11.4 6.530487595942983 1.1941488643535356 122.128173828125 4.087890625 7.820384224929382 2478
140 3.4 6.506476907169118 0.9511096273425887 122.128173828125 4.087890625 7.7636526602285905 2592
150 2.2 6.688609730113637 1.739887711299773 122.128173828125 4.087890625 7.7473754417959855 2626
160 0.4 7.90252685546875 0.7136256021825175 122.128173828125 4.087890625 7.7385790499315545 2648
162 0 0 0 122.128173828125 4.087890625 7.73882633168953 2652
