0 0.1 7498.25 0 7498.25 7498.25 0 0
10 0.5 9662.85595703125 3018.092629557958 13626.35693359375 5538.343994140625 7498.25 1
20 0.9 12644.609347873264 4814.812579314481 18149.412109375 3071.950927734375 9302.088297526041 6
30 0.6 14210.326904296875 9660.362740230661 28506.406982421875 2104.098876953125 11307.600927734375 15
40 1.1 15255.922540838068 6343.018124629752 28506.406982421875 2104.098876953125 12136.951206752232 21
50 1.8 17595.312174479168 11102.079619417027 43953.30615234375 1924.6279296875 13209.097602844238 32
60 2 11564.593884277343 7220.666781139202 43953.30615234375 1924.6279296875 14788.134848632813 50
70 2.7 14683.361264829282 11505.37604791331 48674.198974609375 1924.6279296875 13867.12314453125 70
80 3.1 12826.369841544858 8958.938423910058 48674.198974609375 1924.6279296875 14094.323446057506 97
90 4.8 14113.932596842447 8543.342651097364 48674.198974609375 982.52099609375 13787.2409324646 128
100 5.6 12977.555271693638 7806.834276377967 48674.198974609375 982.52099609375 13876.338659113104 176
110 8.4 15193.125183105469 8410.40818020528 48674.198974609375 982.52099609375 13659.390944908406 232
120 7.1 16498.647433428698 7887.01783416443 48674.198974609375 982.52099609375 14067.092451264587 316
130 3.5 23129.066238839285 8866.857861206297 50955.68310546875 982.52099609375 14513.191685718468 387
140 1.1 30387.773082386364 3902.1012868934818 50955.68310546875 982.52099609375 15227.778437754554 422
150 0.8 38685.79965209961 8061.761397346381 58296.30908203125 982.52099609375 15612.905322491159 433
160 0.1 49701.1640625 0.0 58296.30908203125 982.52099609375 16031.461228697208 441
162 0 0 0 58296.30908203125 982.52099609375 16107.63702696373 442
