0 1.2 9.686279296875 29.710922613849867 108.22607421875 0.6318359375 0 0
10 0.6 0.74462890625 0.03952314250971938 108.22607421875 0.6318359375 9.686279296875 12
20 1.2 29.8924560546875 65.98282069817496 200.554931640625 0.6220703125 6.705729166666667 18
30 1.9 0.7111559416118421 0.05662078757814383 200.554931640625 0.59716796875 15.980419921875 30
40 2.5 0.697822265625 0.13183455439089295 200.554931640625 0.512939453125 10.059684909119898 49
50 1.6 0.6804656982421875 0.08208433063072886 200.554931640625 0.51220703125 6.896893475506757 74
60 3.2 0.67333984375 0.07695422292787812 200.554931640625 0.51220703125 5.791750759548611 90
70 3.3 0.7143998579545454 0.14547184056535548 200.554931640625 0.51220703125 4.449216748847336 122
80 4.1 0.6734410727896342 0.12324989781740595 200.554931640625 0.51220703125 3.6540621849798387 155
90 7.5 0.6364973958333333 0.09030079497002313 200.554931640625 0.507080078125 3.0305649115114797 196
100 7.3 0.5995959974315068 0.05383016789230853 200.554931640625 0.501953125 2.3680001008994465 271
110 6.9 0.6930267776268118 0.48408847941493677 200.554931640625 0.501953125 1.9927282998728197 344
120 1.7 0.6106675091911765 0.08538262918383582 200.554931640625 0.501953125 1.7755868833232447 413
130 0 0 0 200.554931640625 0.501953125 1.7295319313226745 430
140 0 0 0 200.554931640625 0.501953125 1.7295319313226745 430
150 0 0 0 200.554931640625 0.501953125 1.7295319313226745 430
160 0.1 0.755126953125 0.0 200.554931640625 0.501953125 1.7295319313226745 430
161 0 0 0 200.554931640625 0.501953125 1.7272711309092228 431
