0 0.1 2.3217996945165136 0 2.3217996945165136 2.3217996945165136 0 0
10 0.1 2.7559055118110236 0.0 2.7559055118110236 2.3217996945165136 2.3217996945165136 1
20 0.1 1.4763779527559056 0.0 2.7559055118110236 1.4763779527559056 2.5388526031637686 2
30 0.1 2.060843964671246 0.0 2.7559055118110236 1.4763779527559056 2.1846943863611474 3
40 0.1 2.167487684729064 0.0 2.7559055118110236 1.4763779527559056 2.153731780938672 4
50 0.1 2.549019607843137 0.0 2.7559055118110236 1.4763779527559056 2.1564829616967502 5
60 0.1 2.6548672566371683 0.0 2.7559055118110236 1.4763779527559056 2.2219057360544814 6
70 0.1 3.149606299212598 0.0 3.149606299212598 1.4763779527559056 2.2837573818520083 7
80 0.1 3.2352941176470593 0.0 3.2352941176470593 1.4763779527559056 2.3919884965220817 8
90 0.1 3.6417322834645667 0.0 3.6417322834645667 1.4763779527559056 2.4856891210915233 9
100 0.1 6.140350877192982 0.0 6.140350877192982 1.4763779527559056 2.601293437328828 10
110 0.1 6.3352826510721245 0.0 6.3352826510721245 1.4763779527559056 2.923025931861933 11
120 0.1 7.1358748778103624 0.0 7.1358748778103624 1.4763779527559056 3.207380658462782 12
130 0.1 4.166666666666666 0.0 7.1358748778103624 1.4763779527559056 3.509572521489519 13
140 0.1 2.066929133858268 0.0 7.1358748778103624 1.4763779527559056 3.5565078175736007 14
150 0.1 1.3779527559055118 0.0 7.1358748778103624 1.3779527559055118 3.4572025719925787 15
160 0.1 1.183431952662722 0.0 7.1358748778103624 1.183431952662722 3.327249458487137 16
