0 0.2 6496.5240478515625 1135.4100341796875 7631.93408203125 5361.114013671875 0 0
10 0.4 9494.045227050781 2476.193121866454 12260.494873046875 5361.114013671875 6496.5240478515625 2
20 0.9 15137.655002170139 5510.068561942945 23596.887939453125 5361.114013671875 8494.871500651041 6
30 0.7 14100.01841517857 8972.994001724137 29146.309814453125 3633.150146484375 12480.5416015625 15
40 1.4 14512.850899832589 7400.608565236 29146.309814453125 2962.416015625 12995.82967862216 22
50 2.3 13074.925558338995 7773.980891075437 33377.64697265625 1973.69384765625 13585.782375759549 36
60 2.4 15455.282348632813 9539.708704583585 35863.947021484375 1973.69384765625 13386.63480286679 59
70 2.4 12194.648498535156 8798.611206333326 37891.656005859375 1973.69384765625 13984.79794863046 83
80 3 19351.02653808594 12788.053516023534 56060.681884765625 1973.69384765625 13583.269100010952 107
90 3.6 13569.988905164932 8227.604010043948 56060.681884765625 1516.2099609375 14846.281677691606 137
100 6.4 11692.722583770752 7531.3212646896445 56060.681884765625 1465.01904296875 14580.694742368136 173
110 6.4 15392.780582427979 7946.251127501426 56060.681884765625 1465.01904296875 13800.8204041815 237
120 7.6 15747.686144377056 9937.29190353398 56972.42919921875 1465.01904296875 14139.310275968128 301
130 3 20172.482283528647 6734.1408543954785 56972.42919921875 1465.01904296875 14463.545199042606 377
140 1.5 30495.051790364585 7814.829964413475 56972.42919921875 1465.01904296875 14884.351372346246 407
150 0.4 51945.84924316406 10262.596064602263 66973.57885742188 1465.01904296875 15439.234088626517 422
160 0.4 52680.00378417969 9863.300858913257 69447.00610351563 1465.01904296875 15782.019207448468 426
161 0 0 0 69447.00610351563 1465.01904296875 16125.256273278525 430
