0 0.9 12.6025390625 33.8031125261222 108.2119140625 0.510009765625 0 0
10 1.2 0.6954142252604166 0.04294336416785862 108.2119140625 0.510009765625 12.6025390625 9
20 0.7 0.6925920758928571 0.044090863826058604 108.2119140625 0.510009765625 5.798467726934524 21
30 1.7 0.714111328125 0.07034794531098745 108.2119140625 0.510009765625 4.521998814174107 28
40 1.3 0.7035757211538461 0.058773827953720735 108.2119140625 0.510009765625 3.0834635416666667 45
50 2.4 0.6953328450520834 0.15134076807401117 108.2119140625 0.510009765625 2.5500404094827585 58
60 2.9 0.653985385237069 0.1331743166817937 108.2119140625 0.485107421875 2.0071991711128048 82
70 3.7 0.9549527554898649 1.9274115778271281 108.2119140625 0.485107421875 1.6536568306587838 111
80 4.5 0.6239529079861111 0.05508661400951735 108.2119140625 0.485107421875 1.478980811866554 148
90 9.2 0.6994310461956522 0.8382077042651443 108.2119140625 0.485107421875 1.2796219741742227 193
100 7.6 0.6338950709292762 0.08541688084497646 108.2119140625 0.485107421875 1.0923322711074561 285
110 7.2 0.6116773817274304 0.10515214019262852 108.2119140625 0.485107421875 0.9958191763331025 361
120 0.9 0.6077473958333334 0.03428280730387152 108.2119140625 0.485107421875 0.9319434044818129 433
130 0 0 0 108.2119140625 0.485107421875 0.9253421282876131 442
140 0 0 0 108.2119140625 0.485107421875 0.9253421282876131 442
150 0 0 0 108.2119140625 0.485107421875 0.9253421282876131 442
160 0 0 0 108.2119140625 0.485107421875 0.9253421282876131 442
162 0 0 0 108.2119140625 0.485107421875 0.9253421282876131 442
