10 0.1 325 0 325 325 0 0
20 0.1 660.0 0.0 660 325 325.0 1
30 0.1 483.0 0.0 660 325 492.5 2
40 0.1 881.0 0.0 881 325 489.3333333333333 3
50 0.1 1098.0 0.0 1098 325 587.25 4
60 0.1 1520.0 0.0 1520 325 689.4 5
70 0.1 2173.0 0.0 2173 325 827.8333333333334 6
80 0.1 2516.0 0.0 2516 325 1020.0 7
90 0.1 3207.0 0.0 3207 325 1207.0 8
100 0.1 7309.0 0.0 7309 325 1429.2222222222222 9
110 0.1 8081.0 0.0 8081 325 2017.2 10
120 0.1 7657.0 0.0 8081 325 2568.4545454545455 11
130 0.1 1582.0 0.0 8081 325 2992.5 12
140 0.1 537.0 0.0 8081 325 2884.0 13
150 0.1 242.0 0.0 8081 242 2716.3571428571427 14
160 0.1 50.0 0.0 8081 50 2551.4 15
