10 0.1 217 0 217 217 0 0
20 0.1 427.0 0.0 427 217 217.0 1
30 0.1 312.0 0.0 427 217 322.0 2
40 0.1 578.0 0.0 578 217 318.6666666666667 3
50 0.1 738.0 0.0 738 217 383.5 4
60 0.1 973.0 0.0 973 217 454.4 5
70 0.1 1281.0 0.0 1281 217 540.8333333333334 6
80 0.1 1553.0 0.0 1553 217 646.5714285714286 7
90 0.1 1959.0 0.0 1959 217 759.875 8
100 0.1 4060.0 0.0 4060 217 893.1111111111111 9
110 0.1 4293.0 0.0 4293 217 1209.8 10
120 0.1 4187.0 0.0 4293 217 1490.090909090909 11
130 0.1 1132.0 0.0 4293 217 1714.8333333333333 12
140 0.1 390.0 0.0 4293 217 1670.0 13
150 0.1 182.0 0.0 4293 182 1578.5714285714287 14
160 0.1 54.0 0.0 4293 54 1485.4666666666667 15
