0 261.09765625 261.09765625
10 577.8546875 838.95234375
20 451.7734375 1290.72578125
30 792.41640625 2083.1421875
40 814.40703125 2897.54921875
50 1460.44921875 4357.9984375
60 1848.49609375 6206.49453125
70 2246.8921875 8453.38671875
80 2933.21640625 11386.603125
90 6554.975 17941.578125
100 7279.51484375 25221.09296875
110 8377.0296875 33598.12265625
120 2041.690625 35639.81328125
130 480.26015625 36120.0734375
140 134.62734375 36254.70078125
150 77.13046875 36331.83125
160 19.1625 36350.99375
162 0 36350.99375
