60 3.7 37
70 18.5 222
80 40.9 631
90 59.7 1228
100 87.7 2105
110 99.6 3101
120 77.1 3872
130 45.4 4326
140 18.1 4507
150 7.5 4582
160 2.9 4611
170 2.6 4637
180 1.8 4655
190 0 4655
200 0 4655
210 0 4655
220 0 4655
230 0 4655
240 0 4655
250 0 4655
260 0 4655
270 0 4655
280 0 4655
290 0 4655
300 0 4655
310 0 4655
320 0 4655
330 0 4655
340 0 4655
350 0 4655
360 0 4655
370 0 4655
380 0 4655
390 0 4655
400 0 4655
410 0 4655
420 0 4655
430 0 4655
440 0 4655
450 0 4655
460 0 4655
470 0 4655
480 0 4655
486 0 4655
