10 0.1 3456 0 3456 3456 0 0
20 0.1 2208.0 0.0 3456 2208 3456.0 1
30 0.1 9383.0 0.0 9383 2208 2832.0 2
40 0.1 6008.0 0.0 9383 2208 5015.666666666667 3
50 0.1 2326.0 0.0 9383 2208 5263.75 4
60 0.1 4483.0 0.0 9383 2208 4676.2 5
70 0.1 7159.0 0.0 9383 2208 4644.0 6
80 0.1 14649.0 0.0 14649 2208 5003.285714285715 7
90 0.1 5108.0 0.0 14649 2208 6209.0 8
100 0.1 7017.0 0.0 14649 2208 6086.666666666667 9
110 0.1 7094.0 0.0 14649 2208 6179.7 10
120 0.1 5326.0 0.0 14649 2208 6262.818181818182 11
130 0.1 5640.0 0.0 14649 2208 6184.75 12
140 0.1 5645.0 0.0 14649 2208 6142.846153846154 13
150 0.1 2876.0 0.0 14649 2208 6107.285714285715 14
160 0.1 1479.0 0.0 14649 1479 5891.866666666667 15
170 0.1 6479.0 0.0 14649 1479 5616.0625 16
180 0.1 4243.0 0.0 14649 1479 5666.823529411765 17
190 0.1 4721.0 0.0 14649 1479 5587.722222222223 18
200 0.1 6662.0 0.0 14649 1479 5542.105263157895 19
210 0.1 2128.0 0.0 14649 1479 5598.1 20
220 0.1 2332.0 0.0 14649 1479 5432.857142857143 21
230 0.1 2790.0 0.0 14649 1479 5291.909090909091 22
240 0.1 4876.0 0.0 14649 1479 5183.130434782609 23
250 0.1 2315.0 0.0 14649 1479 5170.333333333333 24
260 0.1 4930.0 0.0 14649 1479 5056.12 25
270 0.1 959.0 0.0 14649 959 5051.2692307692305 26
280 0.1 5438.0 0.0 14649 959 4899.7037037037035 27
290 0.1 3362.0 0.0 14649 959 4918.928571428572 28
300 0.1 3272.0 0.0 14649 959 4865.241379310345 29
310 0.1 6260.0 0.0 14649 959 4812.133333333333 30
320 0.1 2335.0 0.0 14649 959 4858.8387096774195 31
330 0.1 2780.0 0.0 14649 959 4779.96875 32
340 0.1 2319.0 0.0 14649 959 4719.363636363636 33
350 0.1 3203.0 0.0 14649 959 4648.764705882353 34
360 0.1 2289.0 0.0 14649 959 4607.457142857143 35
370 0.1 4582.0 0.0 14649 959 4543.055555555556 36
380 0.1 2657.0 0.0 14649 959 4544.108108108108 37
390 0.1 3541.0 0.0 14649 959 4494.4473684210525 38
400 0.1 3621.0 0.0 14649 959 4470.0 39
410 0.1 2030.0 0.0 14649 959 4448.775 40
420 0.1 2573.0 0.0 14649 959 4389.780487804878 41
430 0.1 5471.0 0.0 14649 959 4346.523809523809 42
440 0.1 2640.0 0.0 14649 959 4372.674418604651 43
450 0.1 3130.0 0.0 14649 959 4333.295454545454 44
460 0.1 3773.0 0.0 14649 959 4306.555555555555 45
470 0.1 2020.0 0.0 14649 959 4294.95652173913 46
480 0.1 3118.0 0.0 14649 959 4246.553191489361 47
