0 2.2 88.0384521484375 91.77162687722901 427.27587890625 13.548095703125 0 0
10 1.6 814.8479156494141 1828.9285972359264 5933.818115234375 13.548095703125 88.0384521484375 22
20 5.7 3405.7005079838277 4378.500179269971 12350.465087890625 13.548095703125 394.06348941200656 38
30 3.2 8758.13996887207 3491.8745729417683 20170.694091796875 13.548095703125 2201.0457005550993 95
40 0.4 15164.98095703125 4792.921079366492 20170.694091796875 13.548095703125 3853.2269335168558 127
50 2.7 16255.304958767361 3000.733189150326 24513.465087890625 13.548095703125 4198.624002937142 131
60 9.2 10415.87712561566 8994.453612105248 28733.216064453125 0.743896484375 6258.942900452433 158
70 26.3 4976.174853886943 7934.092592267058 31390.057861328125 0.673095703125 7788.6946953125 250
80 44.3 1245.3594648305238 4428.623651481095 31390.057861328125 0.661865234375 6346.798558285363 513
90 62.4 840.0933595315017 3991.7350092091506 31390.057861328125 0.64501953125 3982.8471792053488 956
100 93.3 1542.8196708785501 6117.212860248049 31390.057861328125 0.64501953125 2741.658328903779 1580
110 102.3 816.2592618313942 4987.700074805613 37898.176025390625 0.638916015625 2296.5662206914676 2513
120 78.8 802.8718986704866 5431.646511787517 45529.8701171875 0.635009765625 1868.2986814058752 3536
130 47.1 1449.8649923077562 7509.030054126046 46264.0810546875 0.635009765625 1674.1367237750967 4324
140 19.6 2969.7247314453143 10345.109170083993 47087.198974609375 0.635009765625 1652.107112613237 4795
150 9.1 8399.556809645437 18208.718133228413 52788.39404296875 0.635009765625 1703.8508620203875 4991
160 5.6 25318.300061907088 26356.338563539688 58297.781982421875 0.635009765625 1823.746423066015 5082
170 4.4 22911.589238947086 27755.223919915228 68282.1708984375 0.635009765625 2079.817852372185 5138
180 5.4 34992.94304289642 25150.484976348558 68282.1708984375 0.635009765625 2256.6989679664143 5182
190 1.7 50962.01146024816 6795.1494370056025 70032.51708984375 0.635009765625 2594.3149305420866 5236
200 2.2 43303.78664328835 9177.047637554933 70032.51708984375 0.635009765625 2750.844692774145 5253
210 1.5 46879.642805989584 3612.1416872095538 70032.51708984375 0.635009765625 2919.975445932688 5275
220 0.8 51883.67858886719 4601.861626311646 70032.51708984375 0.635009765625 3044.6247862731143 5290
230 3.2 49975.15379333496 4492.38811790482 70032.51708984375 0.635009765625 3118.3719418829205 5298
240 1.1 54306.32754794034 3924.9556225787037 70032.51708984375 0.635009765625 3399.6884558128386 5330
250 2 55522.73872070313 5220.614501005347 70032.51708984375 0.635009765625 3504.532685360377 5341
260 1.4 55900.06340680803 5333.6184452890075 70032.51708984375 0.635009765625 3698.5942635560223 5361
270 2.5 50474.4907421875 8283.862478953852 70032.51708984375 0.635009765625 3834.5608808593765 5375
280 1.1 53547.070268110794 8528.600302460614 70032.51708984375 0.635009765625 4050.4864820692287 5400
290 1.7 51396.96908030791 3730.002811190363 70032.51708984375 0.635009765625 4151.107886919803 5411
300 2.6 49233.247286283055 6486.160457500092 70032.51708984375 0.635009765625 4299.07760694331 5428
310 2.9 41750.35711880387 7044.009621690291 70032.51708984375 0.635009765625 4513.285236511119 5454
320 1.7 39311.181181066175 6678.0582698692915 70032.51708984375 0.635009765625 4710.234914531636 5483
330 1 38673.322534179686 6856.103745013092 70032.51708984375 0.635009765625 4817.183293900924 5500
340 1.4 40793.64004952567 4138.500260068575 70032.51708984375 0.635009765625 4878.628192703608 5510
350 1.7 43798.06698069853 3436.360698072108 70032.51708984375 0.635009765625 4969.651032311774 5524
360 1.5 48487.59487304687 3714.710658027074 70032.51708984375 0.635009765625 5088.778098026009 5541
370 2.8 40718.61859130858 9749.628520061025 70032.51708984375 0.635009765625 5205.945529924013 5556
380 0.7 40894.09619140625 12803.61766003181 70032.51708984375 0.635009765625 5384.017672781958 5584
390 2.1 33307.41534133184 4665.419163828919 70032.51708984375 0.635009765625 5428.4767229751915 5591
400 1.4 33031.15642438616 7884.023614388865 70032.51708984375 0.635009765625 5532.799194640461 5612
410 2.1 25351.012044270832 8771.858921185581 70032.51708984375 0.635009765625 5601.227385400582 5626
420 2.6 18598.150400015023 8769.62408025021 70032.51708984375 0.635009765625 5674.672662155722 5647
430 2.2 12618.712735262785 6422.83385015363 70032.51708984375 0.635009765625 5733.90242086969 5673
440 1.3 15475.55849984976 4320.571763917385 70032.51708984375 0.635009765625 5760.498703032403 5695
450 2.3 11400.686162533968 5058.296901733048 70032.51708984375 0.635009765625 5782.624802779885 5708
460 1.1 13961.976717862215 5618.943076235362 70032.51708984375 0.635009765625 5805.171550515767 5731
470 1.8 10719.381930881076 7592.185779000092 70032.51708984375 0.635009765625 5820.797614054745 5742
480 1.1 9617.89510830966 9699.354787533035 70032.51708984375 0.635009765625 5836.105690044827 5760
486 0.1 8.2919921875 0.0 70032.51708984375 0.635009765625 5843.314091292603 5771
