10 0.1 1487 0 1487 1487 0 0
20 0.1 1012.0 0.0 1487 1012 1487.0 1
30 0.1 3721.0 0.0 3721 1012 1249.5 2
40 0.1 2686.0 0.0 3721 1012 2073.3333333333335 3
50 0.1 791.0 0.0 3721 791 2226.5 4
60 0.1 1735.0 0.0 3721 791 1939.4 5
70 0.1 3277.0 0.0 3721 791 1905.3333333333333 6
80 0.1 6313.0 0.0 6313 791 2101.285714285714 7
90 0.1 2832.0 0.0 6313 791 2627.75 8
100 0.1 4.0e3 0.0 6313 791 2650.4444444444443 9
110 0.1 4409.0 0.0 6313 791 2785.4 10
120 0.1 4096.0 0.0 6313 791 2933.0 11
130 0.1 3399.0 0.0 6313 791 3029.9166666666665 12
140 0.1 3095.0 0.0 6313 791 3058.3076923076924 13
150 0.1 1318.0 0.0 6313 791 3060.9285714285716 14
160 0.1 586.0 0.0 6313 586 2944.733333333333 15
170 0.1 2164.0 0.0 6313 586 2797.3125 16
180 0.1 1764.0 0.0 6313 586 2760.0588235294117 17
190 0.1 2132.0 0.0 6313 586 2704.722222222222 18
200 0.1 2366.0 0.0 6313 586 2674.5789473684213 19
210 0.1 742.0 0.0 6313 586 2659.1500000000005 20
220 0.1 714.0 0.0 6313 586 2567.8571428571436 21
230 0.1 1169.0 0.0 6313 586 2483.59090909091 22
240 0.1 1864.0 0.0 6313 586 2426.4347826086964 23
250 0.1 976.0 0.0 6313 586 2403.0000000000005 24
260 0.1 1542.0 0.0 6313 586 2345.9200000000005 25
270 0.1 378.0 0.0 6313 378 2315.0000000000005 26
280 0.1 1697.0 0.0 6313 378 2243.2592592592596 27
290 0.1 1012.0 0.0 6313 378 2223.7500000000005 28
300 0.1 1347.0 0.0 6313 378 2181.96551724138 29
310 0.1 2455.0 0.0 6313 378 2154.133333333334 30
320 0.1 998.0 0.0 6313 378 2163.8387096774204 31
330 0.1 900.0 0.0 6313 378 2127.406250000001 32
340 0.1 874.0 0.0 6313 378 2090.212121212122 33
350 0.1 1080.0 0.0 6313 378 2054.441176470589 34
360 0.1 873.0 0.0 6313 378 2026.6000000000008 35
370 0.1 1239.0 0.0 6313 378 1994.5555555555563 36
380 0.1 1128.0 0.0 6313 378 1974.135135135136 37
390 0.1 1078.0 0.0 6313 378 1951.8684210526324 38
400 0.1 1396.0 0.0 6313 378 1929.4615384615392 39
410 0.1 826.0 0.0 6313 378 1916.1250000000007 40
420 0.1 966.0 0.0 6313 378 1889.5365853658543 41
430 0.1 1549.0 0.0 6313 378 1867.5476190476197 42
440 0.1 1086.0 0.0 6313 378 1860.1395348837216 43
450 0.1 1016.0 0.0 6313 378 1842.5454545454552 44
460 0.1 1413.0 0.0 6313 378 1824.1777777777784 45
470 0.1 887.0 0.0 6313 378 1815.2391304347832 46
480 0.1 1123.0 0.0 6313 378 1795.4893617021282 47
