0 6.2921875 6.2921875
10 9.81875 16.1109375
20 20.26875 36.3796875
30 9.81328125 46.19296875
40 8.95390625 55.146875
50 12.496875 67.64375
60 27.828125 95.471875
70 66.94140625 162.41328125
80 121.603125 284.01640625
90 136.81875 420.83515625
100 184.8515625 605.68671875
110 182.00703125 787.69375
120 139.6765625 927.3703125
130 95.85390625 1023.22421875
140 54.06328125 1077.2875
150 31.73828125 1109.02578125
160 20.08359375 1129.109375
170 16.1203125 1145.2296875
180 13.959375 1159.1890625
190 6.19765625 1165.38671875
200 11.0390625 1176.42578125
210 4.44140625 1180.8671875
220 4.053125 1184.9203125
230 8.8078125 1193.728125
240 3.7703125 1197.4984375
250 5.86171875 1203.36015625
260 6.684375 1210.04453125
270 8.5 1218.54453125
280 4.53046875 1223.075
290 3.68125 1226.75625
300 7.81484375 1234.57109375
310 9.9046875 1244.47578125
320 3.375 1247.85078125
330 4.15703125 1252.0078125
340 3.040625 1255.0484375
350 6.35703125 1261.40546875
360 3.35078125 1264.75625
370 6.32109375 1271.07734375
380 3.6859375 1274.76328125
390 4.10625 1278.86953125
400 4.7796875 1283.64921875
410 7.04765625 1290.696875
420 6.5953125 1297.2921875
430 6.6625 1303.9546875
440 5.984375 1309.9390625
450 5.58671875 1315.52578125
460 4.19296875 1319.71875
470 2.7078125 1322.4265625
480 1.9765625 1324.403125
486 0.3953125 1324.7984375
