0 3048.94921875 3048.94921875
10 3197.175 6246.12421875
20 10405.8359375 16651.96015625
30 6394.0625 23046.02265625
40 1790.8078125 24836.83046875
50 4584.46953125 29421.3
60 7775.14765625 37196.44765625
70 13745.27421875 50941.721875
80 7025.4125 57967.134375
90 5649.08984375 63616.22421875
100 10099.86640625 73716.090625
110 4809.13828125 78525.22890625
120 5618.52734375 84143.75625
130 3389.4609375 87533.2171875
140 2950.66953125 90483.88671875
150 4002.44609375 94486.3328125
160 6409.24453125 100895.57734375
170 5359.8 106255.37734375
180 5214.80078125 111470.178125
190 2861.5 114331.678125
200 4974.83359375 119306.51171875
210 4407.79375 123714.30546875
220 2228.5625 125942.86796875
230 6428.475 132371.34296875
240 1654.06875 134025.41171875
250 4227.05390625 138252.465625
260 2825.8515625 141078.3171875
270 4954.1234375 146032.440625
280 3707.528125 149739.96875
290 3043.709375 152783.678125
300 4922.2828125 157705.9609375
310 5705.6265625 163411.5875
320 1967.55078125 165379.13828125
330 3111.053125 168490.19140625
340 3837.828125 172328.01953125
350 3077.55234375 175405.571875
360 3530.32421875 178935.89609375
370 4385.21640625 183321.1125
380 2173.46796875 185494.58046875
390 4967.10546875 190461.6859375
400 2390.2671875 192851.953125
410 3634.68515625 196486.63828125
420 4325.86796875 200812.50625
430 3958.55 204771.05625
440 2391.1984375 207162.2546875
450 4761.40390625 211923.65859375
460 2224.5015625 214148.16015625
470 3947.4546875 218095.61484375
480 3028.5296875 221124.14453125
486 21.2546875 221145.39921875
