0 10 10
10 22 22
20 30 30
30 49 49
40 71 71
50 90 90
60 132 132
70 168 168
80 196 197
90 257 257
100 303 305
110 327 329
120 254 333
130 173 333
140 138 333
150 119 333
160 114 333
170 113 333
180 108 333
190 104 333
200 98 333
210 98 333
220 98 333
230 96 333
240 96 333
250 94 333
260 91 333
270 89 333
280 89 333
290 84 333
300 81 333
310 75 333
320 70 333
330 67 333
340 64 333
350 63 333
360 61 333
370 53 333
380 47 333
390 43 333
400 39 333
410 34 333
420 31 333
430 29 333
440 28 333
450 21 333
460 18 333
470 7 333
480 1 333
486 0 333
