0 0.1 1
10 0 1
20 0 1
30 0 1
40 0 1
50 0 1
60 0 1
70 0 1
80 0 1
90 0 1
100 0 1
110 0 1
120 0 1
130 0 1
140 0.1 2
150 0 2
160 0 2
170 0 2
180 0 2
190 0 2
200 0 2
210 0 2
220 0.2 4
230 0 4
240 0.1 5
250 0 5
260 0 5
270 0 5
280 0 5
290 0 5
300 0 5
310 0 5
320 0 5
330 0.1 6
340 0 6
350 0 6
360 0 6
370 0 6
380 0 6
390 0 6
400 0 6
410 0 6
420 0.1 7
430 0 7
440 0 7
450 0 7
460 0.1 8
470 0 8
480 0.1 9
490 0 9
500 0 9
510 0 9
520 0 9
530 0 9
540 0 9
550 0 9
560 0 9
570 0.1 10
580 0.1 11
590 0.1 12
600 0 12
610 0 12
620 0 12
630 0 12
640 0.1 13
650 0 13
660 0 13
670 0 13
680 0 13
690 0.1 14
700 0 14
710 0 14
720 0 14
730 0 14
740 0 14
750 0 14
760 0.1 15
770 0 15
780 0.2 17
790 0 17
800 0 17
808 0 17
