60 2.2 22
70 19.4 216
80 42.6 642
90 61.9 1261
100 73.8 1999
110 90.1 2900
120 82.7 3727
130 45 4177
140 17.8 4355
150 9.2 4447
160 5.2 4499
170 2.1 4520
180 2.9 4549
190 1 4559
200 0 4559
210 0 4559
220 0 4559
230 0 4559
240 0 4559
250 0 4559
260 0 4559
270 0 4559
280 0 4559
290 0 4559
300 0 4559
310 0 4559
320 0 4559
330 0 4559
340 0 4559
350 0 4559
360 0 4559
370 0 4559
380 0 4559
390 0 4559
400 0 4559
410 0 4559
420 0 4559
430 0 4559
440 0 4559
450 0 4559
460 0 4559
470 0 4559
480 0 4559
490 0 4559
500 0 4559
510 0 4559
520 0 4559
530 0 4559
540 0 4559
550 0 4559
560 0 4559
570 0 4559
580 0 4559
590 0 4559
600 0 4559
610 0 4559
620 0 4559
630 0 4559
640 0 4559
650 0 4559
660 0 4559
670 0 4559
680 0 4559
690 0 4559
700 0 4559
710 0 4559
720 0 4559
730 0 4559
740 0 4559
750 0 4559
760 0 4559
770 0 4559
780 0 4559
790 0 4559
800 0 4559
808 0 4559
