0 0.1 3161.78125 0 3161.78125 3161.78125 0 0
10 0.1 3160.58984375 0.0 3161.78125 3160.58984375 3161.78125 1
20 0.1 3160.24609375 0.0 3161.78125 3160.24609375 3161.185546875 2
30 0.1 3159.52734375 0.0 3161.78125 3159.52734375 3160.8723958333335 3
40 0.1 3157.9609375 0.0 3161.78125 3157.9609375 3160.5361328125 4
50 0.1 3157.73828125 0.0 3161.78125 3157.73828125 3160.02109375 5
60 0.1 3156.421875 0.0 3161.78125 3156.421875 3159.640625 6
70 0.1 3155.55078125 0.0 3161.78125 3155.55078125 3159.1808035714284 7
80 0.1 3151.23828125 0.0 3161.78125 3151.23828125 3158.72705078125 8
90 0.1 3148.28515625 0.0 3161.78125 3148.28515625 3157.894965277778 9
100 0.1 3143.9375 0.0 3161.78125 3143.9375 3156.933984375 10
110 0.1 3141.92578125 0.0 3161.78125 3141.92578125 3155.7524857954545 11
120 0.1 3140.58203125 0.0 3161.78125 3140.58203125 3154.6002604166665 12
130 0.1 3139.98828125 0.0 3161.78125 3139.98828125 3153.521935096154 13
140 0.1 3138.34375 0.0 3161.78125 3138.34375 3152.555245535714 14
150 0.1 3139.6640625 0.0 3161.78125 3138.34375 3151.6078125 15
160 0.1 3139.6796875 0.0 3161.78125 3138.34375 3150.861328125 16
170 0.1 3139.57421875 0.0 3161.78125 3138.34375 3150.2035845588234 17
180 0.1 3139.62109375 0.0 3161.78125 3138.34375 3149.6130642361113 18
190 0.1 3139.625 0.0 3161.78125 3138.34375 3149.0871710526317 19
200 0.1 3139.41015625 0.0 3161.78125 3138.34375 3148.6140625 20
210 0.1 3139.46875 0.0 3161.78125 3138.34375 3148.17578125 21
220 0.1 3139.484375 0.0 3161.78125 3138.34375 3147.7800071022725 22
230 0.1 3139.484375 0.0 3161.78125 3138.34375 3147.419327445652 23
240 0.1 3139.5078125 0.0 3161.78125 3138.34375 3147.0887044270835 24
250 0.1 3139.5078125 0.0 3161.78125 3138.34375 3146.78546875 25
260 0.1 3139.375 0.0 3161.78125 3138.34375 3146.505558894231 26
270 0.1 3139.4140625 0.0 3161.78125 3138.34375 3146.2414641203704 27
280 0.1 3139.421875 0.0 3161.78125 3138.34375 3145.997628348214 28
290 0.1 3139.15625 0.0 3161.78125 3138.34375 3145.7708782327586 29
300 0.1 3139.19921875 0.0 3161.78125 3138.34375 3145.550390625 30
310 0.1 3139.0546875 0.0 3161.78125 3138.34375 3145.3455141129034 31
320 0.1 3139.078125 0.0 3161.78125 3138.34375 3145.14892578125 32
330 0.1 3139.09375 0.0 3161.78125 3138.34375 3144.964962121212 33
340 0.1 3139.11328125 0.0 3161.78125 3138.34375 3144.792279411765 34
350 0.1 3139.11328125 0.0 3161.78125 3138.34375 3144.6300223214284 35
360 0.1 3139.1328125 0.0 3161.78125 3138.34375 3144.4767795138887 36
370 0.1 3138.98828125 0.0 3161.78125 3138.34375 3144.332347972973 37
380 0.1 3139.02734375 0.0 3161.78125 3138.34375 3144.191714638158 38
390 0.1 3138.9921875 0.0 3161.78125 3138.34375 3144.059294871795 39
400 0.1 3138.8984375 0.0 3161.78125 3138.34375 3143.9326171875 40
410 0.1 3138.94140625 0.0 3161.78125 3138.34375 3143.809832317073 41
420 0.1 3138.96484375 0.0 3161.78125 3138.34375 3143.693917410714 42
430 0.1 3138.9765625 0.0 3161.78125 3138.34375 3143.5839389534885 43
440 0.1 3137.4375 0.0 3161.78125 3137.4375 3143.4792258522725 44
450 0.1 3137.48046875 0.0 3161.78125 3137.4375 3143.3449652777776 45
460 0.1 3138.8828125 0.0 3161.78125 3137.4375 3143.217476222826 46
470 0.1 3138.9453125 0.0 3161.78125 3137.4375 3143.125249335106 47
480 0.1 3138.953125 0.0 3161.78125 3137.4375 3143.0381673177085 48
490 0.1 3138.80859375 0.0 3161.78125 3137.4375 3142.9547991071427 49
500 0.1 3138.84375 0.0 3161.78125 3137.4375 3142.871875 50
510 0.1 3138.859375 0.0 3161.78125 3137.4375 3142.7928921568628 51
520 0.1 3138.8671875 0.0 3161.78125 3137.4375 3142.717247596154 52
530 0.1 3138.7109375 0.0 3161.78125 3137.4375 3142.6446049528304 53
540 0.1 3138.77734375 0.0 3161.78125 3137.4375 3142.571759259259 54
550 0.1 3138.78515625 0.0 3161.78125 3137.4375 3142.5027698863637 55
560 0.1 3138.79296875 0.0 3161.78125 3137.4375 3142.4363839285716 56
570 0.1 3138.6875 0.0 3161.78125 3137.4375 3142.3724643640353 57
580 0.1 3138.71484375 0.0 3161.78125 3137.4375 3142.3089304956898 58
590 0.1 3138.73046875 0.0 3161.78125 3137.4375 3142.2480137711864 59
600 0.1 3138.59765625 0.0 3161.78125 3137.4375 3142.189388020833 60
610 0.1 3138.63671875 0.0 3161.78125 3137.4375 3142.1305071721313 61
620 0.1 3138.64453125 0.0 3161.78125 3137.4375 3142.074155745968 62
630 0.1 3138.65234375 0.0 3161.78125 3137.4375 3142.0197172619046 63
640 0.1 3138.6640625 0.0 3161.78125 3137.4375 3141.9671020507813 64
650 0.1 3138.51953125 0.0 3161.78125 3137.4375 3141.916286057692 65
660 0.1 3138.55859375 0.0 3161.78125 3137.4375 3141.8648200757575 66
670 0.1 3138.0625 0.0 3161.78125 3137.4375 3141.815473414179 67
680 0.1 3137.94140625 0.0 3161.78125 3137.4375 3141.7602826286766 68
690 0.1 3136.44140625 0.0 3161.78125 3136.44140625 3141.704936594203 69
700 0.1 3137.8828125 0.0 3161.78125 3136.44140625 3141.6297433035716 70
710 0.1 3137.875 0.0 3161.78125 3136.44140625 3141.576969630282 71
720 0.1 3136.4921875 0.0 3161.78125 3136.44140625 3141.5255533854165 72
730 0.1 3138.40625 0.0 3161.78125 3136.44140625 3141.456603167808 73
740 0.1 3138.44140625 0.0 3161.78125 3136.44140625 3141.415382179054 74
750 0.1 3138.484375 0.0 3161.78125 3136.44140625 3141.3757291666666 75
760 0.1 3138.484375 0.0 3161.78125 3136.44140625 3141.3376850328946 76
770 0.1 3138.5 0.0 3161.78125 3136.44140625 3141.3006290584417 77
780 0.1 3138.55078125 0.0 3161.78125 3136.44140625 3141.2647235576924 78
790 0.1 3138.64453125 0.0 3161.78125 3136.44140625 3141.2303698575947 79
800 0.1 3138.53125 0.0 3161.78125 3136.44140625 3141.198046875 80
