0 0.1 0.05078125 0 0.05078125 0.05078125 0 0
10 0.1 0.0390625 0.0 0.05078125 0.0390625 0.05078125 1
20 0.1 0.0390625 0.0 0.05078125 0.0390625 0.044921875 2
30 0.1 0.03125 0.0 0.05078125 0.03125 0.04296875 3
40 0.1 0.03125 0.0 0.05078125 0.03125 0.0400390625 4
50 0.1 0.01953125 0.0 0.05078125 0.01953125 0.03828125 5
60 0.1 0.01953125 0.0 0.05078125 0.01953125 0.03515625 6
70 0.1 0.01953125 0.0 0.05078125 0.01953125 0.032924107142857144 7
80 0.1 0.01171875 0.0 0.05078125 0.01171875 0.03125 8
90 0.1 0.01171875 0.0 0.05078125 0.01171875 0.029079861111111112 9
100 0.1 0.01171875 0.0 0.05078125 0.01171875 0.02734375 10
110 0.1 0.01171875 0.0 0.05078125 0.01171875 0.025923295454545456 11
120 0.1 0.01171875 0.0 0.05078125 0.01171875 0.024739583333333332 12
130 0.1 0.01171875 0.0 0.05078125 0.01171875 0.023737980769230768 13
140 0.1 0.0 0.0 0.05078125 0.0 0.022879464285714284 14
150 0.1 0.0 0.0 0.05078125 0.0 0.021354166666666667 15
160 0.1 0.0 0.0 0.05078125 0.0 0.02001953125 16
170 0.1 0.0 0.0 0.05078125 0.0 0.01884191176470588 17
180 0.1 0.0 0.0 0.05078125 0.0 0.017795138888888888 18
190 0.1 0.0 0.0 0.05078125 0.0 0.016858552631578948 19
200 0.1 0.0 0.0 0.05078125 0.0 0.016015625 20
210 0.1 0.0 0.0 0.05078125 0.0 0.01525297619047619 21
220 0.1 0.0 0.0 0.05078125 0.0 0.01455965909090909 22
230 0.1 0.0 0.0 0.05078125 0.0 0.013926630434782608 23
240 0.1 0.0 0.0 0.05078125 0.0 0.013346354166666666 24
250 0.1 0.0 0.0 0.05078125 0.0 0.0128125 25
260 0.1 0.0 0.0 0.05078125 0.0 0.012319711538461538 26
270 0.1 0.0 0.0 0.05078125 0.0 0.011863425925925927 27
280 0.1 0.0 0.0 0.05078125 0.0 0.011439732142857142 28
290 0.1 0.0 0.0 0.05078125 0.0 0.011045258620689655 29
300 0.1 0.0 0.0 0.05078125 0.0 0.010677083333333334 30
310 0.1 0.078125 0.0 0.078125 0.0 0.01033266129032258 31
320 0.1 0.0703125 0.0 0.078125 0.0 0.012451171875 32
330 0.1 0.05859375 0.0 0.078125 0.0 0.014204545454545454 33
340 0.1 0.05078125 0.0 0.078125 0.0 0.015510110294117647 34
350 0.1 0.0390625 0.0 0.078125 0.0 0.016517857142857143 35
360 0.1 0.0390625 0.0 0.078125 0.0 0.017144097222222224 36
370 0.1 0.03125 0.0 0.078125 0.0 0.017736486486486486 37
380 0.1 0.03125 0.0 0.078125 0.0 0.018092105263157895 38
390 0.1 0.01953125 0.0 0.078125 0.0 0.01842948717948718 39
400 0.1 0.01953125 0.0 0.078125 0.0 0.01845703125 40
410 0.1 0.01953125 0.0 0.078125 0.0 0.018483231707317072 41
420 0.1 0.01171875 0.0 0.078125 0.0 0.018508184523809524 42
430 0.1 0.01171875 0.0 0.078125 0.0 0.01835029069767442 43
440 0.1 0.01171875 0.0 0.078125 0.0 0.018199573863636367 44
450 0.1 0.01171875 0.0 0.078125 0.0 0.01805555555555556 45
460 0.1 0.01171875 0.0 0.078125 0.0 0.017917798913043483 46
470 0.1 0.01171875 0.0 0.078125 0.0 0.017785904255319153 47
480 0.1 0.0 0.0 0.078125 0.0 0.01765950520833334 48
490 0.1 0.0 0.0 0.078125 0.0 0.017299107142857147 49
500 0.1 0.0 0.0 0.078125 0.0 0.016953125000000003 50
510 0.1 0.0 0.0 0.078125 0.0 0.01662071078431373 51
520 0.1 0.0 0.0 0.078125 0.0 0.016301081730769235 52
530 0.1 0.0 0.0 0.078125 0.0 0.0159935141509434 53
540 0.1 0.0 0.0 0.078125 0.0 0.01569733796296297 54
550 0.1 0.0 0.0 0.078125 0.0 0.015411931818181825 55
560 0.1 0.0 0.0 0.078125 0.0 0.015136718750000005 56
570 0.1 0.0 0.0 0.078125 0.0 0.01487116228070176 57
580 0.1 0.0 0.0 0.078125 0.0 0.014614762931034489 58
590 0.1 0.0 0.0 0.078125 0.0 0.014367055084745768 59
600 0.1 0.0 0.0 0.078125 0.0 0.014127604166666672 60
610 0.1 0.0 0.0 0.078125 0.0 0.013896004098360662 61
620 0.1 0.0 0.0 0.078125 0.0 0.013671875000000005 62
630 0.1 0.0 0.0 0.078125 0.0 0.013454861111111117 63
640 0.1 0.0 0.0 0.078125 0.0 0.013244628906250005 64
650 0.1 0.0 0.0 0.078125 0.0 0.01304086538461539 65
660 0.1 0.0 0.0 0.078125 0.0 0.01284327651515152 66
670 0.1 0.0 0.0 0.078125 0.0 0.012651585820895525 67
680 0.1 0.0 0.0 0.078125 0.0 0.012465533088235297 68
690 0.1 0.0 0.0 0.078125 0.0 0.0122848731884058 69
700 0.1 0.0 0.0 0.078125 0.0 0.012109375000000004 70
710 0.1 0.0 0.0 0.078125 0.0 0.011938820422535214 71
720 0.1 0.0 0.0 0.078125 0.0 0.011773003472222225 72
730 0.1 0.0 0.0 0.078125 0.0 0.011611729452054798 73
740 0.1 0.0 0.0 0.078125 0.0 0.011454814189189193 74
750 0.1 0.0 0.0 0.078125 0.0 0.011302083333333336 75
760 0.1 0.0 0.0 0.078125 0.0 0.011153371710526319 76
770 0.1 0.0 0.0 0.078125 0.0 0.01100852272727273 77
780 0.1 0.0 0.0 0.078125 0.0 0.010867387820512824 78
790 0.1 0.0703125 0.0 0.078125 0.0 0.010729825949367092 79
800 0.1 0.05859375 0.0 0.078125 0.0 0.011474609375000003 80
