0 7.51015625 7.51015625
10 7.021875 14.53203125
20 1.80546875 16.3375
30 19.9 36.2375
40 4.33828125 40.57578125
50 11.859375 52.43515625
60 9.1390625 61.57421875
70 41.96875 103.54296875
80 102.20234375 205.7453125
90 121.67265625 327.41796875
100 148.60390625 476.021875
110 160.409375 636.43125
120 131.4078125 767.8390625
130 83.46328125 851.30234375
140 48.58828125 899.890625
150 37.20234375 937.09296875
160 20.3078125 957.40078125
170 15.69921875 973.1
180 12.140625 985.240625
190 6.32109375 991.56171875
200 6.58671875 998.1484375
210 0.7625 998.9109375
220 4.046875 1002.9578125
230 0.3625 1003.3203125
240 7.04375 1010.3640625
250 0.734375 1011.0984375
260 7.35078125 1018.44921875
270 4.04453125 1022.49375
280 5.83828125 1028.33203125
290 5.13828125 1033.4703125
300 0 1033.4703125
310 5.56328125 1039.03359375
320 0 1039.03359375
330 5.4984375 1044.53203125
340 2.5875 1047.11953125
350 1.4890625 1048.60859375
360 4.07578125 1052.684375
370 1.85390625 1054.53828125
380 2.984375 1057.52265625
390 0.3953125 1057.91796875
400 4.0453125 1061.96328125
410 3.3375 1065.30078125
420 2.98515625 1068.2859375
430 1.49296875 1069.77890625
440 3.734375 1073.51328125
450 2.225 1075.73828125
460 2.98359375 1078.721875
470 2.5546875 1081.2765625
480 4.43515625 1085.71171875
490 3.31484375 1089.0265625
500 1.4875 1090.5140625
510 3.7328125 1094.246875
520 2.97734375 1097.22421875
530 3.6828125 1100.90703125
540 2.55234375 1103.459375
550 3.67734375 1107.13671875
560 2.92109375 1110.0578125
570 3.67578125 1113.73359375
580 6.26171875 1119.9953125
590 2.921875 1122.9171875
600 3.3140625 1126.23125
610 1.45703125 1127.68828125
620 3.01171875 1130.7
630 2.61171875 1133.31171875
640 1.459375 1134.77109375
650 3.73828125 1138.509375
660 1.48828125 1139.99765625
670 5.58984375 1145.5875
680 1.51875 1147.10625
690 7.01953125 1154.12578125
700 1.85078125 1155.9765625
710 0.7625 1156.7390625
720 3.76640625 1160.50546875
730 2.61484375 1163.1203125
740 2.31171875 1165.43203125
750 0.72734375 1166.159375
760 3.796875 1169.95625
770 0.76015625 1170.71640625
780 1.5515625 1172.26796875
790 1.55078125 1173.81875
800 1.1859375 1175.0046875
808 1.1859375 1176.190625
