0 1 10
10 1.2 22
20 0.8 30
30 1.1 41
40 2 61
50 2.5 86
60 3.2 118
70 4.8 166
80 4.3 209
90 5.5 264
100 7.7 341
110 6.2 403
120 2.1 424
130 0 424
140 0 424
150 0 424
160 0 424
170 0 424
180 0 424
190 0 424
200 0 424
210 0 424
220 0 424
230 0 424
240 0 424
250 0 424
260 0 424
270 0 424
280 0 424
290 0 424
300 0 424
310 0 424
320 0 424
330 0 424
340 0 424
350 0 424
360 0 424
370 0 424
380 0 424
390 0 424
400 0 424
410 0 424
420 0 424
430 0 424
440 0 424
450 0 424
460 0 424
470 0 424
480 0 424
490 0 424
500 0 424
510 0 424
520 0 424
530 0 424
540 0 424
550 0 424
560 0 424
570 0 424
580 0 424
590 0 424
600 0 424
610 0 424
620 0 424
630 0 424
640 0 424
650 0 424
660 0 424
670 0 424
680 0 424
690 0 424
700 0 424
710 0 424
720 0 424
730 0 424
740 0 424
750 0 424
760 0 424
770 0 424
780 0 424
790 0 424
800 0 424
808 0 424
