0 0.9 25.294813368055557 35.17792395610866 122.590087890625 7.43115234375 0 0
10 3.2 56.54199981689453 95.7377946846932 478.18115234375 7.43115234375 25.294813368055557 9
20 2 98.80296630859375 126.27240567066856 513.298095703125 7.43115234375 49.682861328125 41
30 2.3 4321.711500084918 4424.1087842218785 16232.575927734375 7.43115234375 65.78781378073771 61
40 3.2 9052.127914428713 5967.883275078106 25744.1650390625 7.43115234375 1231.1002516973585 84
50 3.7 2020.7693926836994 5493.0005641418575 27191.005126953125 7.43115234375 3388.6251241749737 116
60 0.4 13274.354187011719 9375.556252917053 29512.554931640625 7.43115234375 3057.836483226103 153
70 10.9 9086.333348265482 6069.576030693678 30979.467041015625 7.43115234375 3318.1299279085392 157
80 11.2 4785.697727748326 3937.2727283327226 32972.177001953125 7.43115234375 5681.792231739016 266
90 4.1 2539.395460175305 9063.804299289275 41421.032958984375 0.7041015625 5416.282749075108 378
100 21.8 1364.699425933558 5101.029321581211 41421.032958984375 0.68310546875 5134.77349168873 419
110 34 2291.372794835709 7660.404985159059 41421.032958984375 0.653076171875 3844.544062591984 637
120 21.7 161.16902406754033 2351.9702094004174 41421.032958984375 0.653076171875 3304.034102472093 977
130 4.6 6813.7366306470785 16092.903319481511 47037.505126953125 0.653076171875 2732.843380517497 1194
140 4.6 48482.818157693604 7841.369432440033 57193.33203125 0.653076171875 2884.2313559255294 1240
150 2.4 52244.418589274086 9524.686178622966 70517.36596679688 0.653076171875 4515.285005133408 1286
160 2.5 53126.67448242188 16246.123619773041 79741.44189453125 0.653076171875 5389.711879957359 1310
170 0.4 37851.653747558594 16837.130334578498 79741.44189453125 0.653076171875 6283.662490490403 1335
180 2.9 47111.09061826509 11512.18375834121 89303.32397460938 0.653076171875 6377.965675724363 1339
190 1.6 40339.30749511719 10948.965159542364 89303.32397460938 0.653076171875 7241.460283424422 1368
200 1 61004.383984375 22163.625303471945 89303.32397460938 0.653076171875 7624.0943552358995 1384
210 4.3 47348.32265170785 17302.860462765162 89825.81787109375 0.653076171875 8007.023262188117 1394
220 0 0 0 89825.81787109375 0.653076171875 9184.250731742291 1437
230 1.3 51388.458571213945 12994.592025063734 89825.81787109375 0.653076171875 9184.250731742291 1437
240 1 42519.32482910156 12613.685840073418 89825.81787109375 0.653076171875 9562.63328478583 1450
250 0.5 56899.80283203125 16911.93284177332 89825.81787109375 0.653076171875 9788.364048787993 1460
260 2.7 55462.03480360243 13732.265621754848 89825.81787109375 0.653076171875 9949.153942246161 1465
270 0.5 64591.285546875 14123.765640230069 89825.81787109375 0.653076171875 10772.778461855154 1492
280 1.2 63535.97322591146 14967.882611803723 89825.81787109375 0.653076171875 10952.532994537252 1497
290 6.4 20738.7820892334 20044.521623970784 89825.81787109375 0.653076171875 11370.691564965675 1509
300 1.1 22946.197265625 30349.476456534354 89825.81787109375 0.653076171875 11751.847187059213 1573
303 0 0 0 89825.81787109375 0.653076171875 11829.585729271474 1584
