10 0.1 472 0 472 472 0 0
20 0.1 2398.0 0.0 2398 472 472.0 1
30 0.1 2129.0 0.0 2398 472 1435.0 2
40 0.1 1532.0 0.0 2398 472 1666.3333333333333 3
50 0.1 3061.0 0.0 3061 472 1632.75 4
60 0.1 2865.0 0.0 3061 472 1918.4 5
70 0.1 971.0 0.0 3061 472 2076.1666666666665 6
80 0.1 5795.0 0.0 5795 472 1918.2857142857142 7
90 0.1 7957.0 0.0 7957 472 2402.875 8
100 0.1 1535.0 0.0 7957 472 3020.0 9
110 0.1 2189.0 0.0 7957 472 2871.5 10
120 0.1 4980.0 0.0 7957 472 2809.4545454545455 11
130 0.1 995.0 0.0 7957 472 2990.3333333333335 12
140 0.1 1451.0 0.0 7957 472 2836.846153846154 13
150 0.1 2660.0 0.0 7957 472 2737.8571428571427 14
160 0.1 2655.0 0.0 7957 472 2732.6666666666665 15
170 0.1 2360.0 0.0 7957 472 2727.8125 16
180 0.1 9.0 0.0 7957 9 2706.176470588235 17
190 0.1 2791.0 0.0 7957 9 2556.3333333333335 18
200 0.1 1166.0 0.0 7957 9 2568.684210526316 19
210 0.1 1430.0 0.0 7957 9 2498.55 20
220 0.1 2174.0 0.0 7957 9 2447.6666666666665 21
230 0.1 854.0 0.0 7957 9 2435.2272727272725 22
240 0.1 2122.0 0.0 7957 9 2366.478260869565 23
250 0.1 696.0 0.0 7957 9 2356.2916666666665 24
260 0.1 2766.0 0.0 7957 9 2289.88 25
270 0.1 1919.0 0.0 7957 9 2308.1923076923076 26
280 0.1 706.0 0.0 7957 9 2293.777777777778 27
290 0.1 1761.0 0.0 7957 9 2237.0714285714284 28
300 0.1 2056.0 0.0 7957 9 2220.655172413793 29
