10 0.1 159 0 159 159 0 0
20 0.1 958.0 0.0 958 159 159.0 1
30 0.1 1040.0 0.0 1040 159 558.5 2
40 0.1 498.0 0.0 1040 159 719.0 3
50 0.1 1252.0 0.0 1252 159 663.75 4
60 0.1 1354.0 0.0 1354 159 781.4 5
70 0.1 528.0 0.0 1354 159 876.8333333333334 6
80 0.1 3089.0 0.0 3089 159 827.0 7
90 0.1 3877.0 0.0 3877 159 1109.75 8
100 0.1 914.0 0.0 3877 159 1417.2222222222222 9
110 0.1 1547.0 0.0 3877 159 1366.9 10
120 0.1 2993.0 0.0 3877 159 1383.2727272727273 11
130 0.1 870.0 0.0 3877 159 1517.4166666666667 12
140 0.1 757.0 0.0 3877 159 1467.6153846153845 13
150 0.1 1140.0 0.0 3877 159 1416.857142857143 14
160 0.1 906.0 0.0 3877 159 1398.4 15
170 0.1 1114.0 0.0 3877 159 1367.625 16
180 0.1 11.0 0.0 3877 11 1352.7058823529412 17
190 0.1 1107.0 0.0 3877 11 1278.1666666666667 18
200 0.1 556.0 0.0 3877 11 1269.157894736842 19
210 0.1 555.0 0.0 3877 11 1233.5 20
220 0.1 950.0 0.0 3877 11 1201.1904761904761 21
230 0.1 388.0 0.0 3877 11 1189.7727272727273 22
240 0.1 527.0 0.0 3877 11 1154.9130434782608 23
250 0.1 301.0 0.0 3877 11 1128.7499999999998 24
260 0.1 1202.0 0.0 3877 11 1095.6399999999996 25
270 0.1 439.0 0.0 3877 11 1099.730769230769 26
280 0.1 322.0 0.0 3877 11 1075.2592592592591 27
290 0.1 913.0 0.0 3877 11 1048.3571428571427 28
300 0.1 899.0 0.0 3877 11 1043.6896551724135 29
