0 0.1 1624.736083984375 0 1624.736083984375 1624.736083984375 0 0
10 0.7 3944.259591238839 4135.793176607902 12939.119140625 601.137939453125 1624.736083984375 1
20 0.3 6784.749674479167 6255.817205599442 15612.916015625 601.137939453125 3654.3191528320313 8
30 0.4 15801.67431640625 7074.174117103689 24019.067138671875 601.137939453125 4508.072931463068 11
40 1 13484.58076171875 11225.325754852236 36647.203857421875 601.137939453125 7519.699967447917 15
50 1.2 18043.969991048176 14921.669177629577 42203.138916015625 179.1171875 9905.65228515625 25
60 0.1 43916.071044921875 0.0 43916.071044921875 179.1171875 12545.106676256335 37
70 3.3 17395.825387665718 18090.203331032975 57806.22802734375 179.1171875 13370.658370168585 38
80 2 16550.73653564453 18468.759587999157 64484.281982421875 179.1171875 15241.51064590669 71
90 1.1 2983.8719371448865 5557.833820726149 64484.281982421875 44.093017578125 15529.252599695226 91
100 3.7 11143.8709551837 16025.326250434322 65876.9970703125 44.093017578125 14176.319390988818 102
110 8.4 11832.64401390439 14840.307666393075 65876.9970703125 44.093017578125 13369.120886493929 139
120 7.5 17351.348662109365 17300.59651084984 65933.875 40.119140625 12790.358297715808 223
130 2.3 26043.53425399117 19630.300798444856 82399.873046875 40.119140625 13938.25855721083 298
140 1 61656.27060546875 24929.23722392754 102313.09399414063 40.119140625 14805.614759783875 321
150 0.4 80643.01623535156 11771.578357869643 102313.09399414063 40.119140625 16221.0424288378 331
160 0.6 66526.02770996094 22682.588837968477 102313.09399414063 40.119140625 16990.260026527514 335
170 0.3 97006.48697916667 17664.60339218403 116059.14404296875 40.119140625 17861.857111866517 341
180 0.5 118730.934375 12031.76477118136 130259.6318359375 40.119140625 18552.071907220878 344
190 0.4 128588.08044433594 7708.707780158464 139554.14794921875 40.119140625 19987.29916320625 349
200 0.2 120911.63452148438 15611.155517578125 139554.14794921875 40.119140625 21217.902917100073 353
210 1.5 121430.88432617187 18611.465470388837 146480.65698242188 40.119140625 21779.557743040266 355
220 0 0 0 146480.65698242188 40.119140625 25819.47638830236 370
230 0.3 171992.8865559896 6606.352689485627 179897.24487304688 40.119140625 25819.47638830236 370
240 0.2 164343.8916015625 3490.7255859375 179897.24487304688 40.119140625 26995.13384273416 373
250 0.2 186284.9268798828 5111.7379150390625 191396.66479492188 40.119140625 27727.660550781246 375
260 0.9 185193.88804796006 18008.64017227888 208116.77001953125 40.119140625 28568.813157301676 377
270 0.1 159018.19091796875 0.0 208116.77001953125 40.119140625 32220.693141798893 386
280 0.3 200980.8204752604 26949.516542412206 227928.00317382813 40.119140625 32548.33525491561 387
290 4.3 191362.45713912614 13417.132942229968 227928.00317382813 40.119140625 33843.969756610575 390
300 0.6 198843.5654703776 4883.525196090851 227928.00317382813 40.119140625 49486.6832842045 433
303 0.1 193702.21606445313 0.0 227928.00317382813 40.119140625 51528.00741431164 439
