0 194.32109375 194.32109375
10 2343.7140625 2538.03515625
20 1431.9 3969.93515625
30 2500.5 6470.43515625
40 3070.79375 9541.22890625
50 3863.33125 13404.56015625
60 206.25390625 13610.8140625
70 5702.58203125 19313.39609375
80 9621.3375 28934.73359375
90 1484.40546875 30419.1390625
100 1713.1890625 32132.328125
110 4302.94765625 36435.27578125
120 808.50390625 37243.7796875
130 1357.82890625 38601.60859375
140 3694.2890625 42295.89765625
150 2913.0046875 45208.90234375
160 1705.0046875 46913.90703125
170 844.8578125 47758.76484375
180 2699.65546875 50458.4203125
190 1614.48359375 52072.90390625
200 494.64296875 52567.546875
210 3376.25234375 55943.79921875
220 0 55943.79921875
230 2446.99609375 58390.7953125
240 1605.2359375 59996.03125
250 756.90234375 60752.93359375
260 2960.23203125 63713.165625
270 1438.93203125 65152.09765625
280 2134.3015625 67286.39921875
290 1073.49453125 68359.89375
300 1824.00390625 70183.89765625
303 0 70183.89765625
