0 2.66796875 2.66796875
10 11.6921875 14.36015625
20 11.49921875 25.859375
30 9.08515625 34.94453125
40 5.99375 40.93828125
50 17.21484375 58.153125
60 5.928125 64.08125
70 24.98515625 89.06640625
80 42.25625 131.32265625
90 20.48828125 151.8109375
100 42.32578125 194.13671875
110 69.86015625 263.996875
120 46.5078125 310.5046875
130 12.73359375 323.23828125
140 15.15546875 338.39375
150 5.70390625 344.09765625
160 10.25 354.34765625
170 4.61875 358.96640625
180 4.46015625 363.4265625
190 9.4140625 372.840625
200 4.91015625 377.75078125
210 14.90234375 392.653125
220 0.49921875 393.15234375
230 5.0953125 398.24765625
240 4.91171875 403.159375
250 0.36640625 403.52578125
260 8.54921875 412.075
270 3.4609375 415.5359375
280 2.7515625 418.2875
290 8.99765625 427.28515625
300 2.80859375 430.09375
303 0 430.09375
