0 0.1 3164.84375 0 3164.84375 3164.84375 0 0
10 0.1 3164.46484375 0.0 3164.84375 3164.46484375 3164.84375 1
20 0.1 3164.2421875 0.0 3164.84375 3164.2421875 3164.654296875 2
30 0.1 3164.12109375 0.0 3164.84375 3164.12109375 3164.5169270833335 3
40 0.1 3164.17578125 0.0 3164.84375 3164.12109375 3164.41796875 4
50 0.1 3164.19140625 0.0 3164.84375 3164.12109375 3164.36953125 5
60 0.1 3164.20703125 0.0 3164.84375 3164.12109375 3164.33984375 6
70 0.1 3164.0625 0.0 3164.84375 3164.0625 3164.320870535714 7
80 0.1 3163.69921875 0.0 3164.84375 3163.69921875 3164.28857421875 8
90 0.1 3163.734375 0.0 3164.84375 3163.69921875 3164.223090277778 9
100 0.1 3163.57421875 0.0 3164.84375 3163.57421875 3164.17421875 10
110 0.1 3163.57421875 0.0 3164.84375 3163.57421875 3164.1196732954545 11
120 0.1 3163.55078125 0.0 3164.84375 3163.55078125 3164.07421875 12
130 0.1 3163.32421875 0.0 3164.84375 3163.32421875 3164.033954326923 13
140 0.1 3163.00390625 0.0 3164.84375 3163.00390625 3163.9832589285716 14
150 0.1 3162.9765625 0.0 3164.84375 3162.9765625 3163.91796875 15
160 0.1 3162.19921875 0.0 3164.84375 3162.19921875 3163.859130859375 16
170 0.1 3162.421875 0.0 3164.84375 3162.19921875 3163.7614889705883 17
180 0.1 3162.11328125 0.0 3164.84375 3162.11328125 3163.687065972222 18
190 0.1 3161.8046875 0.0 3164.84375 3161.8046875 3163.6042351973683 19
200 0.1 3161.3046875 0.0 3164.84375 3161.3046875 3163.5142578125 20
210 0.1 3160.57421875 0.0 3164.84375 3160.57421875 3163.4090401785716 21
220 0.1 3159.51171875 0.0 3164.84375 3159.51171875 3163.280184659091 22
230 0.1 3157.609375 0.0 3164.84375 3157.609375 3163.1163383152175 23
240 0.1 3155.765625 0.0 3164.84375 3155.765625 3162.8868815104165 24
250 0.1 3153.76171875 0.0 3164.84375 3153.76171875 3162.60203125 25
260 0.1 3151.65234375 0.0 3164.84375 3151.65234375 3162.262019230769 26
270 0.1 3148.95703125 0.0 3164.84375 3148.95703125 3161.869068287037 27
280 0.1 3145.08984375 0.0 3164.84375 3145.08984375 3161.4079241071427 28
290 0.1 3143.27734375 0.0 3164.84375 3143.27734375 3160.8452316810344 29
297 0.1 3144.11328125 0.0 3164.84375 3143.27734375 3160.2596354166667 30
