0 0.9 20.886067708333332 36.999456240550415 125.535888671875 7.636962890625 0 0
10 1.5 7.825016276041667 0.22411090710404297 125.535888671875 7.135986328125 20.886067708333332 9
20 0.6 7.9691162109375 0.18794651640954815 125.535888671875 7.135986328125 12.722910563151041 24
30 0.9 8.612548828125 1.3980589436547846 125.535888671875 7.135986328125 11.772151692708333 30
40 2.4 7.932261149088542 0.16837821228380317 125.535888671875 7.135986328125 11.043012570112179 39
50 2.1 8.241245814732142 1.012455880993243 125.535888671875 7.135986328125 9.857964409722221 63
60 3.4 7.841681985294118 0.39765296014744644 125.535888671875 6.55908203125 9.453784760974703 84
70 3.9 9.179361979166668 2.7211311465165062 125.535888671875 6.55908203125 8.989280571371822 118
80 4.9 9.576944156568878 4.955715376952687 125.535888671875 6.22998046875 9.036498245919587 157
90 7.8 8.462561974158653 1.967051552355573 125.535888671875 5.866943359375 9.16505091398665 206
100 7.2 8.045247395833334 1.591000471223238 125.535888671875 5.526123046875 8.972113810794454 284
110 8 8.069412231445318 1.7360889491473075 125.535888671875 5.35400390625 8.784657681925912 356
120 14.4 8.096276177300348 2.4188633267450426 125.535888671875 5.35400390625 8.653419984590023 436
130 17.5 9.643256138392855 8.923171264803411 125.535888671875 5.35400390625 8.515094625538794 580
140 14.7 9.283317721619893 4.615341725217894 125.535888671875 5.35400390625 8.77658901593543 755
150 26.9 8.747329882086436 4.05089729828781 125.535888671875 5.35400390625 8.859171188591324 902
160 31.4 9.057822452229308 5.240032195758736 125.535888671875 5.35400390625 8.833479206140584 1171
170 33.3 8.274447787631383 3.59027531138543 125.535888671875 5.35400390625 8.880916094539144 1485
180 57 10.248992170367323 7.472437317094917 125.535888671875 5.35400390625 8.769830315551088 1818
190 59.6 10.329915501127306 5.788122494014631 125.535888671875 5.35400390625 9.122896587429336 2388
200 60.3 12.160422253964553 6.549746018946081 125.535888671875 5.35400390625 9.363976772604936 2984
210 109.3 21.85222031714604 15.510191986193385 125.535888671875 5.35400390625 9.834078982044538 3587
220 122.2 21.406420418946897 14.326456547427917 125.535888671875 5.35400390625 12.640879939152644 4680
230 121.4 20.05923728377263 13.152288800409565 125.535888671875 5.35400390625 14.455771580343525 5902
240 201.9 313.37000630243176 253.26469699804204 660.057861328125 1.10400390625 15.411731018786883 7116
250 238.9 435.1306657180375 240.66143179664863 660.057861328125 1.072998046875 81.26589169724107 9135
260 241.7 431.7616638006826 255.8161256310481 1592.2041015625 1.072998046875 154.6243562178661 11524
270 426.8 248.19615549446735 306.0410246743093 1592.2041015625 1.072998046875 202.67262193966997 13941
280 469.3 227.70558882785863 312.59189440810945 1592.2041015625 1.071044921875 213.34286419415264 18209
290 469.4 226.75780386613886 319.3139859244264 1592.2041015625 1.071044921875 216.28602490963522 22902
297 116 252.35602901064115 320.06341047914725 1592.2041015625 1.071044921875 218.06724430454128 27596
