0 0.9 22.996717664930557 37.552871364469645 129.2119140625 9.583984375 0 0
10 1.5 9.815494791666667 0.29707231444994653 129.2119140625 9.093994140625 22.996717664930557 9
20 0.6 9.920694986979166 0.1902925133123539 129.2119140625 9.093994140625 14.758453369140625 24
30 0.9 10.561143663194445 1.3964256107613116 129.2119140625 9.093994140625 13.790901692708333 30
40 2.5 9.845498046875 0.1927423383523461 129.2119140625 9.093994140625 13.045572916666666 39
50 2 10.2087890625 1.0314588179279305 129.2119140625 9.093994140625 11.795543670654297 64
60 3.4 9.757180606617645 0.38407769071786885 129.2119140625 8.56298828125 11.417744954427084 84
70 3.9 11.085956280048078 2.730478207950222 129.2119140625 8.56298828125 10.939277260990465 118
80 4.9 11.512999242665817 4.943997720929538 129.2119140625 8.241943359375 10.975713450437897 157
90 8.1 10.418978467399688 1.9609509255093185 129.2119140625 7.81591796875 11.103514439851335 206
100 6.9 9.95331252830616 1.594429300698778 129.2119140625 7.532958984375 10.910317876197736 287
110 8.1 9.987518687307102 1.7139775256968117 129.2119140625 7.35693359375 10.72483088461201 356
120 14.7 10.030170466624144 2.4023148663885405 129.2119140625 7.35693359375 10.58816661005435 437
130 17.3 11.777395965046964 9.050652593670483 129.2119140625 7.35693359375 10.44771210134846 584
140 14.6 11.12033624518408 4.516946666062955 129.2119140625 6.919921875 10.751589655403732 757
150 27.3 10.709325098729392 4.033454637587983 129.2119140625 6.919921875 10.811209812776855 903
160 31.1 11.12424873769091 5.681050673520911 129.2119140625 6.919921875 10.787558004158695 1176
170 33.4 10.388306395022465 4.132527752173497 129.2119140625 6.919921875 10.857975501218895 1487
180 56.8 12.219653062417471 7.482627821721478 129.2119140625 6.919921875 10.771830810680944 1821
190 59.6 12.369927937552434 5.958386728541574 129.2119140625 6.919921875 11.116059793094653 2389
200 62.8 14.18722592493531 6.680176811723714 129.2119140625 6.919921875 11.366413365656408 2985
210 113.3 24.546401802460263 15.840509613511744 129.2119140625 6.919921875 11.85671790128529 3613
220 120.8 22.769291353541508 13.909088288133244 129.2119140625 6.919921875 14.886092503061782 4746
230 122.2 22.113140399639438 13.318654917595568 129.2119140625 6.919921875 16.485505370273657 5954
240 205.3 330.7045467950877 252.65381897872135 662.06005859375 2.416015625 17.44383452382508 7176
250 238.3 437.15267159305483 239.9623884490059 662.06005859375 2.37109375 87.12898375915958 9229
260 242.6 431.34032770394236 258.38448756433405 1594.238037109375 2.37109375 158.96040367891263 11612
270 432.8 246.48431137000412 305.80163585597734 1594.238037109375 2.26904296875 206.03218710138893 14038
280 468.5 228.43281739844605 312.47948130574144 1594.238037109375 2.26904296875 215.56484493840117 18366
290 466.4 230.6344759959095 320.3916011125054 1594.238037109375 2.26904296875 218.18019572471457 23051
297 104.1 254.47981207973103 319.40920770018727 1594.238037109375 2.26904296875 220.27605584323715 27715
