0 0.6 20.176472981770832 43.06727566682216 116.477783203125 0.85107421875 0 0
10 0.9 0.934326171875 0.12854394829289836 116.477783203125 0.77099609375 20.176472981770832 6
20 1.2 0.8538614908854166 0.03599597462876861 116.477783203125 0.77099609375 8.631184895833334 15
30 0.7 0.85986328125 0.055375731551016716 116.477783203125 0.736083984375 5.174596715856482 27
40 2 0.92037353515625 0.13979870960621704 116.477783203125 0.677001953125 4.2862692440257355 34
50 1.6 0.9183197021484375 0.3131408672817919 116.477783203125 0.677001953125 3.0396412037037037 54
60 3 0.866455078125 0.2110934493417808 116.477783203125 0.677001953125 2.5547677176339287 70
70 4.4 0.86126708984375 0.08189523038294226 116.477783203125 0.677001953125 2.04827392578125 100
80 4.4 0.8488270152698864 0.19693454031698057 116.477783203125 0.64306640625 1.685577392578125 144
90 4.4 0.7924527254971591 0.08593064613295776 116.477783203125 0.64306640625 1.4897421978889627 188
100 8.7 0.8847123069324713 0.40927129515439326 116.477783203125 0.628173828125 1.3574976427801724 232
110 7.7 0.8025219409496753 0.25436100999073 116.477783203125 0.60009765625 1.2285561875489812 319
120 4.5 0.8196668836805555 0.15881692548254583 116.477783203125 0.60009765625 1.1457161951546717 396
130 0 0 0 116.477783203125 0.60009765625 1.1124458572491496 441
140 0 0 0 116.477783203125 0.60009765625 1.1124458572491496 441
150 0 0 0 116.477783203125 0.60009765625 1.1124458572491496 441
160 0 0 0 116.477783203125 0.60009765625 1.1124458572491496 441
170 0 0 0 116.477783203125 0.60009765625 1.1124458572491496 441
180 0 0 0 116.477783203125 0.60009765625 1.1124458572491496 441
190 0 0 0 116.477783203125 0.60009765625 1.1124458572491496 441
200 0 0 0 116.477783203125 0.60009765625 1.1124458572491496 441
210 0 0 0 116.477783203125 0.60009765625 1.1124458572491496 441
220 0 0 0 116.477783203125 0.60009765625 1.1124458572491496 441
230 0 0 0 116.477783203125 0.60009765625 1.1124458572491496 441
240 0 0 0 116.477783203125 0.60009765625 1.1124458572491496 441
250 0 0 0 116.477783203125 0.60009765625 1.1124458572491496 441
260 0 0 0 116.477783203125 0.60009765625 1.1124458572491496 441
270 0 0 0 116.477783203125 0.60009765625 1.1124458572491496 441
275 0 0 0 116.477783203125 0.60009765625 1.1124458572491496 441
