0 0.1 3162.296875 0 3162.296875 3162.296875 0 0
10 0.1 3161.0703125 0.0 3162.296875 3161.0703125 3162.296875 1
20 0.1 3160.16796875 0.0 3162.296875 3160.16796875 3161.68359375 2
30 0.1 3159.3515625 0.0 3162.296875 3159.3515625 3161.1783854166665 3
40 0.1 3159.23828125 0.0 3162.296875 3159.23828125 3160.7216796875 4
50 0.1 3159.14453125 0.0 3162.296875 3159.14453125 3160.425 5
60 0.1 3157.09375 0.0 3162.296875 3157.09375 3160.2115885416665 6
70 0.1 3156.97265625 0.0 3162.296875 3156.97265625 3159.766183035714 7
80 0.1 3155.89453125 0.0 3162.296875 3155.89453125 3159.4169921875 8
90 0.1 3154.7734375 0.0 3162.296875 3154.7734375 3159.0256076388887 9
100 0.1 3152.55859375 0.0 3162.296875 3152.55859375 3158.600390625 10
110 0.1 3149.82421875 0.0 3162.296875 3149.82421875 3158.0511363636365 11
120 0.1 3149.3359375 0.0 3162.296875 3149.3359375 3157.3655598958335 12
130 0.1 3148.85546875 0.0 3162.296875 3148.85546875 3156.7478966346152 13
140 0.1 3148.90625 0.0 3162.296875 3148.85546875 3156.184151785714 14
150 0.1 3148.7734375 0.0 3162.296875 3148.7734375 3155.6989583333334 15
160 0.1 3144.2421875 0.0 3162.296875 3144.2421875 3155.26611328125 16
170 0.1 3148.5625 0.0 3162.296875 3144.2421875 3154.6176470588234 17
180 0.1 3148.625 0.0 3162.296875 3144.2421875 3154.28125 18
190 0.1 3148.625 0.0 3162.296875 3144.2421875 3153.9835526315787 19
200 0.1 3148.640625 0.0 3162.296875 3144.2421875 3153.715625 20
210 0.1 3148.640625 0.0 3162.296875 3144.2421875 3153.4739583333335 21
220 0.1 3148.38671875 0.0 3162.296875 3144.2421875 3153.2542613636365 22
230 0.1 3148.41796875 0.0 3162.296875 3144.2421875 3153.042629076087 23
240 0.1 3148.28125 0.0 3162.296875 3144.2421875 3152.8499348958335 24
250 0.1 3148.2734375 0.0 3162.296875 3144.2421875 3152.6671875 25
260 0.1 3148.1796875 0.0 3162.296875 3144.2421875 3152.4981971153848 26
270 0.1 3148.19140625 0.0 3162.296875 3144.2421875 3152.338252314815 27
275 0.1 3148.35546875 0.0 3162.296875 3144.2421875 3152.1901506696427 28
