10 0.1 1607 0 1607 1607 0 0
20 0.1 1750.0 0.0 1750 1607 1607.0 1
30 0.1 4119.0 0.0 4119 1607 1678.5 2
40 0.1 1151.0 0.0 4119 1151 2492.0 3
50 0.1 1133.0 0.0 4119 1133 2156.75 4
60 0.1 6538.0 0.0 6538 1133 1952.0 5
70 0.1 285.0 0.0 6538 285 2716.3333333333335 6
80 0.1 3083.0 0.0 6538 285 2369.0 7
90 0.1 2532.0 0.0 6538 285 2458.25 8
100 0.1 6393.0 0.0 6538 285 2466.4444444444443 9
110 0.1 8724.0 0.0 8724 285 2859.1 10
120 0.1 2869.0 0.0 8724 285 3392.2727272727275 11
130 0.1 5498.0 0.0 8724 285 3348.6666666666665 12
140 0.1 151.0 0.0 8724 151 3514.0 13
150 0.1 2921.0 0.0 8724 151 3273.785714285714 14
160 0.1 1337.0 0.0 8724 151 3250.266666666667 15
170 0.1 737.0 0.0 8724 151 3130.6875 16
180 0.1 2579.0 0.0 8724 151 2989.8823529411766 17
190 0.1 935.0 0.0 8724 151 2967.0555555555557 18
200 0.1 3873.0 0.0 8724 151 2860.1052631578946 19
210 0.1 445.0 0.0 8724 151 2910.75 20
220 0.1 2304.0 0.0 8724 151 2793.3333333333335 21
230 0.1 1566.0 0.0 8724 151 2771.090909090909 22
240 0.1 2988.0 0.0 8724 151 2718.695652173913 23
250 0.1 1010.0 0.0 8724 151 2729.9166666666665 24
260 0.1 533.0 0.0 8724 151 2661.12 25
270 0.1 3702.0 0.0 8724 151 2579.269230769231 26
275 0.1 676.0 0.0 8724 151 2620.8518518518517 27
