0 1.4 51.248291015625 38.31352261803383 133.248046875 7.8828125 0 0
10 2.5 500.5291015625 1918.3343092123719 9885.303955078125 7.8828125 51.248291015625 14
20 3.5 1528.2644670758928 4285.305833183722 19250.45703125 7.09814453125 339.24881059695514 39
30 1.9 2709.0097270764795 5806.6529548345825 20911.5380859375 7.09814453125 901.6210805532095 74
40 0.2 14896.962036132813 5864.7259521484375 20911.5380859375 7.09814453125 1270.8725244665657 93
50 8.1 6544.82490897473 7416.466276698534 24156.990966796875 7.09814453125 1557.7375668174343 95
60 1 3149.53466796875 8646.703263915837 29058.044921875 7.09814453125 3852.93117315119 176
70 1.6 17327.934936523438 10689.362277720082 39452.22412109375 7.09814453125 3815.1141567435316 186
80 8.1 8822.41426444348 7076.840211844853 39452.22412109375 0.7041015625 4885.4365947459 202
90 10.6 11761.676163583432 10269.80277188855 39452.22412109375 0.692138671875 6012.274726355455 283
100 22.3 6290.874588354821 6854.980470270472 39452.22412109375 0.692138671875 7578.949668119377 389
110 27.7 204.32723216803902 1179.3214400925033 39452.22412109375 0.65380859375 7109.60204918556 612
120 23.1 6345.964987486472 9985.56041191838 45853.55908203125 0.65380859375 4958.0147327470295 889
130 8.4 3024.589779808406 7829.233357111625 45853.55908203125 0.65380859375 5244.27947278704 1120
140 3.6 9580.698018391928 15464.943151901418 45853.55908203125 0.65380859375 5089.4174011838795 1204
150 3.4 35524.4701573989 5511.41443291545 46238.1611328125 0.65380859375 5219.809419102822 1240
160 0.6 44010.44523111979 6175.442351799572 57818.494873046875 0.65380859375 6028.568025933329 1274
170 0.8 53281.95251464844 5181.385481082652 65397.7119140625 0.65380859375 6206.6080753326405 1280
180 0 0 0 65397.7119140625 0.65380859375 6499.0015190550985 1288
190 3.4 67991.08654067095 2266.451279270064 72638.40893554688 0.65380859375 6499.0015190550985 1288
200 0.9 68822.18489583333 1621.841353212486 73311.18505859375 0.65380859375 8080.492359247942 1322
210 7.8 47338.95248021835 19675.422530271597 89828.30200195313 0.65380859375 8491.217552958888 1331
220 3.3 18700.406597715435 17571.490858379824 90859.40478515625 0.65380859375 10641.76639918049 1409
230 2.1 23665.871570405507 6057.620788862048 90859.40478515625 0.65380859375 10826.187430076227 1442
240 1 31296.309814453125 9557.959311032622 90859.40478515625 0.65380859375 11010.489116301049 1463
250 1.3 32996.19613882212 3059.990935724247 90859.40478515625 0.65380859375 11148.206839981647 1473
260 6.6 17940.872255267517 12368.372560461561 90859.40478515625 0.65380859375 11339.339989971504 1486
270 1.8 4410.284586588542 12625.742189712955 90859.40478515625 0.65380859375 11620.075253830742 1552
275 0 0 0 90859.40478515625 0.65380859375 11537.415233441978 1570
