10 0.1 783 0 783 783 0 0
20 0.1 850.0 0.0 850 783 783.0 1
30 0.1 1938.0 0.0 1938 783 816.5 2
40 0.1 614.0 0.0 1938 614 1190.3333333333333 3
50 0.1 571.0 0.0 1938 571 1046.25 4
60 0.1 3154.0 0.0 3154 571 951.2 5
70 0.1 204.0 0.0 3154 204 1318.3333333333333 6
80 0.1 1464.0 0.0 3154 204 1159.142857142857 7
90 0.1 1469.0 0.0 3154 204 1197.25 8
100 0.1 3259.0 0.0 3259 204 1227.4444444444443 9
110 0.1 4443.0 0.0 4443 204 1430.6 10
120 0.1 1997.0 0.0 4443 204 1704.4545454545455 11
130 0.1 2796.0 0.0 4443 204 1728.8333333333333 12
140 0.1 236.0 0.0 4443 204 1810.923076923077 13
150 0.1 1426.0 0.0 4443 204 1698.4285714285713 14
160 0.1 684.0 0.0 4443 204 1680.2666666666667 15
170 0.1 363.0 0.0 4443 204 1618.0 16
180 0.1 896.0 0.0 4443 204 1544.1764705882354 17
190 0.1 267.0 0.0 4443 204 1508.1666666666667 18
200 0.1 1840.0 0.0 4443 204 1442.842105263158 19
210 0.1 175.0 0.0 4443 175 1462.7 20
220 0.1 1169.0 0.0 4443 175 1401.3809523809523 21
230 0.1 768.0 0.0 4443 175 1390.8181818181818 22
240 0.1 1446.0 0.0 4443 175 1363.7391304347825 23
250 0.1 469.0 0.0 4443 175 1367.1666666666667 24
260 0.1 310.0 0.0 4443 175 1331.24 25
270 0.1 1734.0 0.0 4443 175 1291.9615384615386 26
275 0.1 138.0 0.0 4443 138 1308.3333333333333 27
