0 0.1 3076.757080078125 0 3076.757080078125 3076.757080078125 0 0
10 0.3 7599.428304036458 6921.397095684911 16953.781982421875 426.123046875 3076.757080078125 1
20 0.4 3906.9351806640625 1879.3016969994408 16953.781982421875 426.123046875 6468.760498046875 4
30 0.7 14023.759451729911 12220.898302360318 29207.150146484375 426.123046875 5187.847839355469 8
40 0 0 0 29207.150146484375 426.123046875 9311.273258463541 15
50 2.8 18136.225507463732 14648.85926201389 44250.14501953125 85.123046875 9311.273258463541 15
60 0.3 6647.440266927083 3592.79545672114 44250.14501953125 85.123046875 15057.753792696223 43
70 0.5 13174.716845703126 654.6151320700774 44250.14501953125 85.123046875 14509.255084493889 46
80 1.7 22544.27707088695 14666.698158349742 62797.152099609375 85.123046875 14378.4180022595 51
90 2.9 19166.98976293103 18367.45082389189 77463.04418945313 85.123046875 16419.88276941636 68
100 5.4 19565.40299479166 20401.99827161639 77463.04418945313 60.05908203125 17241.182798405283 97
110 7.8 15028.945381360176 16828.56251815928 77463.04418945313 48.030029296875 18072.36088188121 151
120 6.2 14973.513124527473 18840.382451115624 90034.13818359375 48.030029296875 17035.739008341294 229
130 2.7 38672.073902271404 17723.918761703895 90034.13818359375 48.030029296875 16596.364421411887 291
140 1.2 53282.76971435547 23196.450800224593 100348.6669921875 48.030029296875 18470.71711318298 318
150 0.8 55128.83712768555 22010.504955764976 103943.06909179688 48.030029296875 19736.609935043798 330
160 0 0 0 103943.06909179688 48.030029296875 20574.29578575721 338
170 0.1 98103.80615234375 0.0 103943.06909179688 48.030029296875 20574.29578575721 338
180 0 0 0 103943.06909179688 48.030029296875 20802.996406307615 339
190 0.5 85869.6646484375 16253.329224474892 116127.73095703125 48.030029296875 20802.996406307615 339
200 0.3 114636.81372070313 30694.56448179993 156020.14013671875 48.030029296875 21748.732863315316 344
210 1.6 125347.02624511719 21560.577346537735 156020.14013671875 48.030029296875 22551.79984479129 347
220 1.8 133757.80763075087 17883.01641401964 160511.90405273438 48.030029296875 27082.718914778106 363
230 0.4 153961.4012451172 22422.384864264375 171752.10791015625 48.030029296875 32122.486885611466 381
240 0.1 136721.2138671875 0.0 171752.10791015625 48.030029296875 33388.345736099836 385
250 0.1 132263.22216796875 0.0 171752.10791015625 48.030029296875 33656.04746700939 386
260 4.2 159508.4767368862 14046.759680794323 188555.64086914063 48.030029296875 33910.84636804546 387
270 1.1 163374.6190074574 3169.144366956392 188555.64086914063 48.030029296875 46207.11787268721 429
275 0.1 159658.23999023438 0.0 188555.64086914063 48.030029296875 49136.30540105647 440
