0 4.71171875 4.71171875
10 8.33515625 13.046875
20 13.6625 26.709375
30 7.63046875 34.33984375
40 3.0078125 37.34765625
50 13.95 51.29765625
60 14.65546875 65.953125
70 8.3734375 74.3265625
80 23.97890625 98.30546875
90 17.99375 116.29921875
100 59.7125 176.01171875
110 67.82265625 243.834375
120 57.0734375 300.9078125
130 31.75078125 332.65859375
140 13.1484375 345.80703125
150 10.3484375 356.15546875
160 3.3140625 359.46953125
170 3.07265625 362.5421875
180 0.3953125 362.9375
190 6.13046875 369.06796875
200 5.8484375 374.91640625
210 18.5265625 393.44296875
220 13.04921875 406.4921875
230 4.215625 410.7078125
240 7.025 417.7328125
250 4.8578125 422.590625
260 8.1640625 430.7546875
270 6.4546875 437.209375
275 0 437.209375
