0 0.1 3.0865514879558424 0 3.0865514879558424 3.0865514879558424 0 0
10 0.1 3.140333660451423 0.0 3.140333660451423 3.0865514879558424 3.0865514879558424 1
20 0.1 1.0869565217391304 0.0 3.140333660451423 1.0869565217391304 3.1134425742036327 2
30 0.1 1.4792899408284024 0.0 3.140333660451423 1.0869565217391304 2.4379472233821318 3
40 0.1 1.1846001974333662 0.0 3.140333660451423 1.0869565217391304 2.198282902743699 4
50 0.1 1.7716535433070866 0.0 3.140333660451423 1.0869565217391304 1.9955463616816325 5
60 0.1 1.3820335636722607 0.0 3.140333660451423 1.0869565217391304 1.9582308919525415 6
70 0.1 2.2615535889872174 0.0 3.140333660451423 1.0869565217391304 1.8759169879125015 7
80 0.1 2.4533856722276743 0.0 3.140333660451423 1.0869565217391304 1.924121563046841 8
90 0.1 2.665350444225074 0.0 3.140333660451423 1.0869565217391304 1.9829286862891555 9
100 0.1 3.4482758620689653 0.0 3.4482758620689653 1.0869565217391304 2.0511708620827473 10
110 0.1 3.648915187376726 0.0 3.648915187376726 1.0869565217391304 2.17818040753604 11
120 0.1 3.532875368007851 0.0 3.648915187376726 1.0869565217391304 2.30074163918943 12
130 0.1 6.5048543689320395 0.0 6.5048543689320395 1.0869565217391304 2.395521156790847 13
140 0.1 6.2745098039215685 0.0 6.5048543689320395 1.0869565217391304 2.689044957658075 14
150 0.1 6.096361848574238 0.0 6.5048543689320395 1.0869565217391304 2.9280759474089746 15
160 0.1 12.294288480154888 0.0 12.294288480154888 1.0869565217391304 3.1260938162318035 16
170 0.1 11.661807580174926 0.0 12.294288480154888 1.0869565217391304 3.665399384697867 17
180 0.1 12.03883495145631 0.0 12.294288480154888 1.0869565217391304 4.109644284446592 18
190 0.1 20.582706766917294 0.0 20.582706766917294 1.0869565217391304 4.52697010902605 19
200 0.1 21.346153846153847 0.0 21.346153846153847 1.0869565217391304 5.329756941920612 20
210 0.1 22.378277153558052 0.0 22.378277153558052 1.0869565217391304 6.092442508788862 21
220 0.1 34.127740705433744 0.0 34.127740705433744 1.0869565217391304 6.832707719914734 22
230 0.1 35.59962228517469 0.0 35.59962228517469 1.0869565217391304 8.019448284502518 23
240 0.1 38.313473877176904 0.0 38.313473877176904 1.0869565217391304 9.168622201197191 24
250 0.1 46.50170648464164 0.0 46.50170648464164 1.0869565217391304 10.33441626823638 25
260 0.1 48.18339100346021 0.0 48.18339100346021 1.0869565217391304 11.725465891944275 26
270 0.1 48.46473029045643 0.0 48.46473029045643 1.0869565217391304 13.075759414593014 27
280 0.1 50.99601593625498 0.0 50.99601593625498 1.0869565217391304 14.339651231588135 28
290 0.1 51.23505976095617 0.0 51.23505976095617 1.0869565217391304 15.603663807611131 29
300 0.1 41.702127659574465 0.0 51.23505976095617 1.0869565217391304 16.791377006055964 30
307 0.1 2.2682445759368837 0.0 51.23505976095617 1.0869565217391304 17.594949607782368 31
