0 0.1 3156.7578125 0 3156.7578125 3156.7578125 0 0
10 0.1 3156.1484375 0.0 3156.7578125 3156.1484375 3156.7578125 1
20 0.1 3156.03515625 0.0 3156.7578125 3156.03515625 3156.453125 2
30 0.1 3155.92578125 0.0 3156.7578125 3155.92578125 3156.3138020833335 3
40 0.1 3155.453125 0.0 3156.7578125 3155.453125 3156.216796875 4
50 0.1 3155.53515625 0.0 3156.7578125 3155.453125 3156.0640625 5
60 0.1 3155.54296875 0.0 3156.7578125 3155.453125 3155.9759114583335 6
70 0.1 3154.44140625 0.0 3156.7578125 3154.44140625 3155.9140625 7
80 0.1 3154.46484375 0.0 3156.7578125 3154.44140625 3155.72998046875 8
90 0.1 3154.35546875 0.0 3156.7578125 3154.35546875 3155.589409722222 9
100 0.1 3154.23828125 0.0 3156.7578125 3154.23828125 3155.466015625 10
110 0.1 3154.24609375 0.0 3156.7578125 3154.23828125 3155.354403409091 11
120 0.1 3154.06640625 0.0 3156.7578125 3154.06640625 3155.2620442708335 12
130 0.1 3151.8125 0.0 3156.7578125 3151.8125 3155.1700721153848 13
140 0.1 3151.75 0.0 3156.7578125 3151.75 3154.930245535714 14
150 0.1 3151.4921875 0.0 3156.7578125 3151.4921875 3154.718229166667 15
160 0.1 3149.70703125 0.0 3156.7578125 3149.70703125 3154.5166015625 16
170 0.1 3149.62109375 0.0 3156.7578125 3149.62109375 3154.233685661765 17
180 0.1 3148.0625 0.0 3156.7578125 3148.0625 3153.9774305555557 18
190 0.1 3140.546875 0.0 3156.7578125 3140.546875 3153.6661184210525 19
200 0.1 3139.54296875 0.0 3156.7578125 3139.54296875 3153.01015625 20
210 0.1 3136.796875 0.0 3156.7578125 3136.796875 3152.3688616071427 21
220 0.1 3127.6796875 0.0 3156.7578125 3127.6796875 3151.661044034091 22
230 0.1 3125.6640625 0.0 3156.7578125 3125.6640625 3150.6183763586955 23
240 0.1 3103.96875 0.0 3156.7578125 3103.96875 3149.57861328125 24
250 0.1 3075.41015625 0.0 3156.7578125 3075.41015625 3147.75421875 25
260 0.1 3068.1640625 0.0 3156.7578125 3068.1640625 3144.9717548076924 26
270 0.1 2997.4296875 0.0 3156.7578125 2997.4296875 3142.127025462963 27
280 0.1 2954.74609375 0.0 3156.7578125 2954.74609375 3136.9592633928573 28
290 0.1 2945.2890625 0.0 3156.7578125 2945.2890625 3130.6760506465516 29
300 0.1 2940.64453125 0.0 3156.7578125 2940.64453125 3124.496484375 30
307 0.1 3019.55078125 0.0 3156.7578125 2940.64453125 3118.5657762096776 31
