10 0.1 330 0 330 330 0 0
20 0.1 211.0 0.0 330 211 330.0 1
30 0.1 161.0 0.0 330 161 270.5 2
40 0.1 234.0 0.0 330 161 234.0 3
50 0.1 395.0 0.0 395 161 234.0 4
60 0.1 398.0 0.0 398 161 266.2 5
70 0.1 883.0 0.0 883 161 288.1666666666667 6
80 0.1 812.0 0.0 883 161 373.14285714285717 7
90 0.1 1058.0 0.0 1058 161 428.0 8
100 0.1 1810.0 0.0 1810 161 498.0 9
110 0.1 1672.0 0.0 1810 161 629.2 10
120 0.1 1736.0 0.0 1810 161 724.0 11
130 0.1 4034.0 0.0 4034 161 808.3333333333334 12
140 0.1 3474.0 0.0 4034 161 1056.4615384615386 13
150 0.1 3719.0 0.0 4034 161 1229.142857142857 14
160 0.1 7525.0 0.0 7525 161 1395.1333333333334 15
170 0.1 7465.0 0.0 7525 161 1778.25 16
180 0.1 7856.0 0.0 7856 161 2112.764705882353 17
190 0.1 14450.0 0.0 14450 161 2431.8333333333335 18
200 0.1 15247.0 0.0 15247 161 3064.3684210526317 19
210 0.1 16581.0 0.0 16581 161 3673.5 20
220 0.1 27444.0 0.0 27444 161 4288.142857142857 21
230 0.1 29314.0 0.0 29314 161 5340.681818181818 22
240 0.1 32615.0 0.0 32615 161 6383.0 23
250 0.1 51349.0 0.0 51349 161 7476.0 24
260 0.1 51870.0 0.0 51870 161 9230.92 25
270 0.1 58441.0 0.0 58441 161 10870.884615384615 26
280 0.1 72759.0 0.0 72759 161 12632.74074074074 27
290 0.1 73356.0 0.0 73356 161 14780.107142857143 28
300 0.1 50196.0 0.0 73356 161 16799.96551724138 29
307 0.1 226.0 0.0 73356 161 17913.166666666668 30
