0 1.3 20.924222506009617 31.816878371824316 130.947998046875 10.02685546875 0 0
10 1 11.360498046875 1.6819412731834116 130.947998046875 9.612060546875 20.924222506009617 13
20 0.5 11.25166015625 1.570854969364719 130.947998046875 9.612060546875 16.766081436820652 23
30 1.1 11.824351917613637 1.6823066384628633 130.947998046875 9.612060546875 15.781363351004464 28
40 1.6 12.749755859375 5.108279221532313 130.947998046875 9.612060546875 14.665283203125 39
50 1.7 14.508588005514707 6.659090023683636 130.947998046875 9.402099609375 14.108038884943182 55
60 3.1 14.229555191532258 7.336443717974893 130.947998046875 9.402099609375 14.202612982855904 72
70 3.6 16.482774522569443 17.85420381072594 130.947998046875 9.343994140625 14.210721802942961 103
80 4.6 11.961271866508152 5.787965797980824 130.947998046875 9.135986328125 14.799167111623202 139
90 7.6 11.347463507401315 1.6172860813213885 130.947998046875 8.866943359375 14.093528293918919 185
100 6.6 11.482617927320076 2.3200057584557015 130.947998046875 8.866943359375 13.29390789631226 261
110 7.2 10.920661078559029 1.4665826707801575 130.947998046875 8.866943359375 12.92832643468081 327
120 15.7 11.278889455613058 3.112352303507323 130.947998046875 8.258056640625 12.566040956884398 399
130 16 11.63076019287109 8.596794799251402 130.947998046875 8.258056640625 12.202582709223247 556
140 13.7 11.196812984717152 1.8224182290724695 130.947998046875 8.258056640625 12.074801141323324 716
150 30.5 10.880507972592214 2.1392672323270725 130.947998046875 7.948974609375 11.933787803157973 853
160 31.2 10.991139729817709 1.9969118176263339 130.947998046875 7.948974609375 11.656369540357836 1158
170 32.7 11.12446617569763 2.3907986435693926 130.947998046875 7.948974609375 11.51517790710034 1470
180 57.9 10.956771086328805 2.62678875226723 130.947998046875 7.7529296875 11.444080112905189 1797
190 62.9 10.84814841265899 2.244655102438156 130.947998046875 7.7529296875 11.325329302135945 2376
200 67.4 11.714405455999627 3.192528399387631 130.947998046875 7.698974609375 11.225446846401832 3005
210 105.1 11.640022197981093 3.446355402266228 130.947998046875 7.593017578125 11.31502502059833 3679
220 120.8 11.27901898314621 2.9246025621825367 130.947998046875 7.455078125 11.387238981154205 4730
230 131.9 10.88285174019143 2.6756971824051914 130.947998046875 7.455078125 11.365223191731225 5938
240 206.7 13.017121143830124 6.99264345682691 130.947998046875 7.445068359375 11.277549505003792 7257
250 228.5 13.126344856913299 8.316429828708939 315.823974609375 7.4248046875 11.663188134074364 9324
260 224 13.424103655133926 21.54450566932378 1007.2919921875 7.4248046875 11.95118133863005 11609
270 314.1 18.403098479534755 19.440556748549554 1017.910888671875 7.4248046875 12.189418466868096 13849
280 324.6 18.044113939512062 7.25169544202068 1017.910888671875 7.4248046875 13.338162958909647 16990
290 332.4 17.831705215031807 6.789140362465184 1017.910888671875 7.4248046875 14.093031355976036 20236
300 54.2 18.23742315426084 6.669051894572443 1017.910888671875 7.4248046875 14.620508092287642 23560
307 0 0 0 1017.910888671875 7.4248046875 14.701844411414248 24102
