10 0.1 276 0 276 276 0 0
20 0.1 184.0 0.0 276 184 276.0 1
30 0.1 139.0 0.0 276 139 230.0 2
40 0.1 192.0 0.0 276 139 199.66666666666666 3
50 0.1 345.0 0.0 345 139 197.75 4
60 0.1 347.0 0.0 347 139 227.2 5
70 0.1 745.0 0.0 745 139 247.16666666666666 6
80 0.1 704.0 0.0 745 139 318.2857142857143 7
90 0.1 934.0 0.0 934 139 366.5 8
100 0.1 1554.0 0.0 1554 139 429.55555555555554 9
110 0.1 1496.0 0.0 1554 139 542.0 10
120 0.1 1473.0 0.0 1554 139 628.7272727272727 11
130 0.1 3371.0 0.0 3371 139 699.0833333333334 12
140 0.1 3015.0 0.0 3371 139 904.6153846153846 13
150 0.1 3205.0 0.0 3371 139 1055.357142857143 14
160 0.1 6547.0 0.0 6547 139 1198.6666666666667 15
170 0.1 6560.0 0.0 6560 139 1532.9375 16
180 0.1 6792.0 0.0 6792 139 1828.6470588235295 17
190 0.1 12247.0 0.0 12247 139 2104.3888888888887 18
200 0.1 13242.0 0.0 13242 139 2638.2105263157896 19
210 0.1 14093.0 0.0 14093 139 3168.4 20
220 0.1 23388.0 0.0 23388 139 3688.6190476190477 21
230 0.1 24510.0 0.0 24510 139 4584.045454545455 22
240 0.1 26150.0 0.0 26150 139 5450.391304347827 23
250 0.1 38158.0 0.0 38158 139 6312.875 24
260 0.1 39454.0 0.0 39454 139 7586.68 25
270 0.1 41727.0 0.0 41727 139 8812.346153846154 26
280 0.1 43366.0 0.0 43366 139 10031.407407407407 27
290 0.1 43377.0 0.0 43377 139 11221.92857142857 28
300 0.1 30025.0 0.0 43377 139 12330.724137931034 29
307 0.1 339.0 0.0 43377 139 12920.533333333333 30
