0 1.87890625 1.87890625
10 1.4453125 3.32421875
20 0.72265625 4.046875
30 1.734375 5.78125
40 2.16796875 7.94921875
50 2.45703125 10.40625
60 4.48046875 14.88671875
70 5.203125 20.08984375
80 6.6484375 26.73828125
90 10.984375 37.72265625
100 9.5390625 47.26171875
110 10.55078125 57.8125
120 22.546875 80.359375
130 23.125 103.484375
140 19.80078125 123.28515625
150 44.08203125 167.3671875
160 45.09375 212.4609375
170 47.26171875 259.72265625
180 83.97265625 343.6953125
190 90.765625 434.4609375
200 97.55859375 532.01953125
210 151.61328125 683.6328125
220 174.73828125 858.37109375
230 190.63671875 1049.0078125
240 298.890625 1347.8984375
250 330.109375 1678.0078125
260 324.328125 2002.3359375
270 453.97265625 2456.30859375
280 469.00390625 2925.3125
290 480.7109375 3406.0234375
300 77.46875 3483.4921875
307 0 3483.4921875
