0 250.8890625 250.8890625
10 193.159375 444.0484375
20 96.990625 541.0390625
30 213.21796875 754.25703125
40 311.83203125 1066.0890625
50 329.43515625 1395.52421875
60 606.91640625 2002.440625
70 701.453125 2703.89375
80 896.284375 3600.178125
90 1484.7875 5084.965625
100 1284.1984375 6369.1640625
110 1405.37734375 7774.54140625
120 3079.596875 10854.13828125
130 3147.94296875 14002.08125
140 2687.51640625 16689.59765625
150 5982.60078125 22672.1984375
160 6135.2625 28807.4609375
170 6462.10234375 35269.56328125
180 11467.24140625 46736.8046875
190 12462.41875 59199.2234375
200 13354.4375 72553.6609375
210 20875.034375 93428.6953125
220 23905.2140625 117333.909375
230 26157.66484375 143491.57421875
240 40891.86953125 184383.44375
250 45169.23671875 229552.68046875
260 44365.46796875 273918.1484375
270 62342.0484375 336260.196875
280 64397.625 400657.821875
290 65908.453125 466566.275
300 10753.34765625 477319.62265625
307 0 477319.62265625
