0 0.1 3162.19140625 0 3162.19140625 3162.19140625 0 0
10 0.1 3161.4375 0.0 3162.19140625 3161.4375 3162.19140625 1
20 0.1 3160.84375 0.0 3162.19140625 3160.84375 3161.814453125 2
30 0.1 3161.01171875 0.0 3162.19140625 3160.84375 3161.4908854166665 3
40 0.1 3160.63671875 0.0 3162.19140625 3160.63671875 3161.37109375 4
50 0.1 3159.921875 0.0 3162.19140625 3159.921875 3161.22421875 5
60 0.1 3160.06640625 0.0 3162.19140625 3159.921875 3161.0071614583335 6
70 0.1 3159.83203125 0.0 3162.19140625 3159.83203125 3160.8727678571427 7
80 0.1 3159.75390625 0.0 3162.19140625 3159.75390625 3160.74267578125 8
90 0.1 3159.609375 0.0 3162.19140625 3159.609375 3160.6328125 9
100 0.1 3158.73828125 0.0 3162.19140625 3158.73828125 3160.53046875 10
110 0.1 3159.3515625 0.0 3162.19140625 3158.73828125 3160.3675426136365 11
120 0.1 3158.08984375 0.0 3162.19140625 3158.08984375 3160.2828776041665 12
130 0.1 3156.18359375 0.0 3162.19140625 3156.18359375 3160.1141826923076 13
140 0.1 3156.1328125 0.0 3162.19140625 3156.1328125 3159.833426339286 14
150 0.1 3155.2109375 0.0 3162.19140625 3155.2109375 3159.58671875 15
160 0.1 3153.01171875 0.0 3162.19140625 3153.01171875 3159.313232421875 16
170 0.1 3151.30078125 0.0 3162.19140625 3151.30078125 3158.942555147059 17
180 0.1 3145.19140625 0.0 3162.19140625 3145.19140625 3158.518012152778 18
190 0.1 3142.328125 0.0 3162.19140625 3142.328125 3157.8166118421054 19
200 0.1 3139.26171875 0.0 3162.19140625 3139.26171875 3157.0421875 20
210 0.1 3129.8671875 0.0 3162.19140625 3129.8671875 3156.1954985119046 21
220 0.1 3123.61328125 0.0 3162.19140625 3123.61328125 3154.9987571022725 22
230 0.1 3120.08203125 0.0 3162.19140625 3120.08203125 3153.634171195652 23
240 0.1 3090.76171875 0.0 3162.19140625 3090.76171875 3152.2361653645835 24
250 0.1 3074.6640625 0.0 3162.19140625 3074.6640625 3149.7771875 25
260 0.1 3062.98046875 0.0 3162.19140625 3062.98046875 3146.888221153846 26
270 0.1 2987.3125 0.0 3162.19140625 2987.3125 3143.7805266203704 27
280 0.1 2949.1484375 0.0 3162.19140625 2949.1484375 3138.1923828125 28
290 0.1 2940.73046875 0.0 3162.19140625 2940.73046875 3131.673626077586 29
300 0.1 2947.0078125 0.0 3162.19140625 2940.73046875 3125.3088541666666 30
310 0.1 3044.96484375 0.0 3162.19140625 2940.73046875 3119.5572076612902 31
