0 1 17.946533203125 32.36833093986589 115.010986328125 6.7099609375 0 0
10 0.9 7.015977647569445 0.6429166676793776 115.010986328125 5.722900390625 17.946533203125 10
20 1.1 7.000932173295454 0.1500826051211971 115.010986328125 5.722900390625 12.768901624177632 19
30 2.2 7.016324129971591 1.6406374667390962 115.010986328125 5.701904296875 10.6539794921875 30
40 2.4 6.850901285807292 0.35222606539716156 115.010986328125 5.701904296875 9.114971454326923 52
50 1.4 7.369611467633929 2.143635113095678 115.010986328125 5.5068359375 8.400001927425986 76
60 3 6.923819986979167 0.8892812786715426 115.010986328125 5.5068359375 8.23971896701389 90
70 4.1 7.149592701981708 1.185841196337307 115.010986328125 5.5068359375 7.910744222005208 120
80 4.9 6.651651187818878 0.4752017448773795 115.010986328125 5.5068359375 7.716910605104814 161
90 6.9 6.936388983242754 1.3802224161617611 115.010986328125 5.5068359375 7.4683500744047615 210
100 7.1 6.960555815360915 1.4925546040437996 115.010986328125 5.5068359375 7.336789804547491 279
110 8.1 6.855664665316358 0.9574936625318794 115.010986328125 5.5068359375 7.260468052455357 350
120 16.4 6.523409215415397 1.6192792544275647 115.010986328125 5.48193359375 7.184391313805104 431
130 16.8 6.591224307105656 1.0360647432269907 115.010986328125 5.48193359375 7.002204651391807 595
140 15.7 6.568112124303344 1.0759600814170434 115.010986328125 5.48193359375 6.91171356641137 763
150 28.3 6.921232297647967 3.3331658153879467 115.010986328125 5.48193359375 6.853077233355978 920
160 32.6 6.470824446414876 1.0077597154403433 115.010986328125 5.421875 6.869110386468724 1203
170 30.9 6.448528993476942 1.332794450327821 115.010986328125 5.421875 6.784191343658028 1529
180 63.4 6.596007338081624 1.549632687682507 115.010986328125 5.421875 6.72776062210963 1838
190 61.7 6.791173109552272 1.902505920953618 115.010986328125 5.421875 6.693969529037722 2472
200 62.1 6.538210956370777 1.1256920574778986 115.010986328125 5.421875 6.713385071018129 3089
210 119.5 7.045575436388603 3.3111654188432884 115.010986328125 5.421875 6.684063473930257 3710
220 121.5 6.856003046231993 1.6579263442810368 115.010986328125 5.421875 6.772138253774848 4905
230 125.4 7.067651094622206 2.256234523563641 115.010986328125 5.4150390625 6.788787881689134 6120
240 216.2 8.591326096893797 3.369414649727661 115.010986328125 5.4150390625 6.83621051106506 7374
250 228 9.12071201257538 4.240133649040893 115.010986328125 5.4150390625 7.234129963305174 9536
260 234 8.831564878806093 3.683116746489356 115.010986328125 5.4150390625 7.5981623831034195 11816
270 333.9 14.963718027010335 6.699682254109106 115.010986328125 5.409912109375 7.802044965749947 14156
280 353.3 16.00289458321542 7.266982005760405 115.010986328125 5.409912109375 9.168882710908473 17495
290 344.3 16.540725676985037 8.40065155602069 115.010986328125 5.409912109375 10.317092904215514 21028
300 32.3 13.941359387093653 4.940843108415846 115.010986328125 5.409912109375 11.192740308761525 24471
310 0 0 0 115.010986328125 5.409912109375 11.228547518663166 24794
311 0 0 0 115.010986328125 5.409912109375 11.228547518663166 24794
