10 0.1 186 0 186 186 0 0
20 0.1 162.0 0.0 186 162 186.0 1
30 0.1 169.0 0.0 186 162 174.0 2
40 0.1 385.0 0.0 385 162 172.33333333333334 3
50 0.1 322.0 0.0 385 162 225.5 4
60 0.1 225.0 0.0 385 162 244.8 5
70 0.1 577.0 0.0 577 162 241.5 6
80 0.1 740.0 0.0 740 162 289.42857142857144 7
90 0.1 702.0 0.0 740 162 345.75 8
100 0.1 1292.0 0.0 1292 162 385.3333333333333 9
110 0.1 1119.0 0.0 1292 162 476.0 10
120 0.1 1527.0 0.0 1527 162 534.4545454545455 11
130 0.1 2662.0 0.0 2662 162 617.1666666666666 12
140 0.1 2690.0 0.0 2690 162 774.4615384615385 13
150 0.1 2740.0 0.0 2740 162 911.2857142857143 14
160 0.1 4850.0 0.0 4850 162 1033.2 15
170 0.1 5331.0 0.0 5331 162 1271.75 16
180 0.1 6386.0 0.0 6386 162 1510.5294117647059 17
190 0.1 10336.0 0.0 10336 162 1781.388888888889 18
200 0.1 9772.0 0.0 10336 162 2231.6315789473683 19
210 0.1 12854.0 0.0 12854 162 2608.65 20
220 0.1 19640.0 0.0 19640 162 3096.5238095238096 21
230 0.1 19785.0 0.0 19785 162 3848.5 22
240 0.1 23431.0 0.0 23431 162 4541.391304347826 23
250 0.1 34709.0 0.0 34709 162 5328.458333333333 24
260 0.1 34601.0 0.0 34709 162 6503.68 25
270 0.1 38694.0 0.0 38694 162 7584.346153846154 26
280 0.1 42962.0 0.0 42962 162 8736.555555555555 27
290 0.1 42557.0 0.0 42962 162 9958.892857142857 28
300 0.1 27175.0 0.0 42962 162 11082.965517241379 29
310 0.1 240.0 0.0 42962 162 11619.366666666667 30
