0 1 11.674755859375 32.67683024194823 109.705078125 0.6630859375 0 0
10 1.5 0.7396647135416666 0.05087363162271571 109.705078125 0.6630859375 11.674755859375 10
20 0.5 0.939990234375 0.41443750637873067 109.705078125 0.632080078125 5.113701171875 25
30 1.1 0.7238547585227273 0.0837145386951848 109.705078125 0.567138671875 4.418082682291667 30
40 2.1 0.7070661272321429 0.0668280654069197 109.705078125 0.56103515625 3.4269483612804876 41
50 1.6 0.7471923828125 0.06903942266311797 109.705078125 0.56103515625 2.5056979271673385 62
60 3.8 0.7578125 0.12631430577987862 109.705078125 0.56103515625 2.1449788411458335 78
70 4.2 0.8152611142113095 0.4305562884117189 109.705078125 0.5390625 1.6905622811153018 116
80 3.4 0.6831916360294119 0.1263208707908328 109.705078125 0.5390625 1.4578872873813291 158
90 6.6 0.6779822147253788 0.0669146639145531 109.705078125 0.5390625 1.3207015991210938 192
100 7.6 0.6602847450657895 0.08477502062253416 109.705078125 0.510009765625 1.156285012415213 258
110 9.2 0.6753221594769023 0.1231045944565178 109.705078125 0.510009765625 1.0434226761321108 334
120 1.7 0.7348776424632353 0.30355931578412937 109.705078125 0.510009765625 0.9639267899061033 426
130 0 0 0 109.705078125 0.510009765625 0.9551370935031038 443
140 0 0 0 109.705078125 0.510009765625 0.9551370935031038 443
150 0 0 0 109.705078125 0.510009765625 0.9551370935031038 443
160 0 0 0 109.705078125 0.510009765625 0.9551370935031038 443
170 0 0 0 109.705078125 0.510009765625 0.9551370935031038 443
180 0 0 0 109.705078125 0.510009765625 0.9551370935031038 443
187 0 0 0 109.705078125 0.510009765625 0.9551370935031038 443
