0 0.1 3159.22265625 0 3159.22265625 3159.22265625 0 0
10 0.1 3158.3671875 0.0 3159.22265625 3158.3671875 3159.22265625 1
20 0.1 3156.078125 0.0 3159.22265625 3156.078125 3158.794921875 2
30 0.1 3153.66796875 0.0 3159.22265625 3153.66796875 3157.8893229166665 3
40 0.1 3151.62109375 0.0 3159.22265625 3151.62109375 3156.833984375 4
50 0.1 3150.41796875 0.0 3159.22265625 3150.41796875 3155.79140625 5
60 0.1 3149.33984375 0.0 3159.22265625 3149.33984375 3154.8958333333335 6
70 0.1 3144.9921875 0.0 3159.22265625 3144.9921875 3154.102120535714 7
80 0.1 3140.04296875 0.0 3159.22265625 3140.04296875 3152.96337890625 8
90 0.1 3133.60546875 0.0 3159.22265625 3133.60546875 3151.527777777778 9
100 0.1 3133.00390625 0.0 3159.22265625 3133.00390625 3149.735546875 10
110 0.1 3132.07421875 0.0 3159.22265625 3132.07421875 3148.2144886363635 11
120 0.1 3127.90625 0.0 3159.22265625 3127.90625 3146.8694661458335 12
130 0.1 3127.8125 0.0 3159.22265625 3127.8125 3145.4107572115386 13
140 0.1 3127.21875 0.0 3159.22265625 3127.21875 3144.153738839286 14
150 0.1 3126.90234375 0.0 3159.22265625 3126.90234375 3143.0247395833335 15
160 0.1 3130.48828125 0.0 3159.22265625 3126.90234375 3142.01708984375 16
170 0.1 3132.1015625 0.0 3159.22265625 3126.90234375 3141.338924632353 17
180 0.1 3132.25 0.0 3159.22265625 3126.90234375 3140.825737847222 18
187 0.1 3137.78125 0.0 3159.22265625 3126.90234375 3140.374383223684 19
