10 0.1 1964 0 1964 1964 0 0
20 0.1 6742.0 0.0 6742 1964 1964.0 1
30 0.1 8372.0 0.0 8372 1964 4353.0 2
40 0.1 10280.0 0.0 10280 1964 5692.666666666667 3
50 0.1 6318.0 0.0 10280 1964 6839.5 4
60 0.1 11192.0 0.0 11192 1964 6735.2 5
70 0.1 10086.0 0.0 11192 1964 7478.0 6
80 0.1 7239.0 0.0 11192 1964 7850.571428571428 7
90 0.1 23261.0 0.0 23261 1964 7774.125 8
100 0.1 9163.0 0.0 23261 1964 9494.888888888889 9
110 0.1 9607.0 0.0 23261 1964 9461.7 10
120 0.1 13669.0 0.0 23261 1964 9474.90909090909 11
130 0.1 9128.0 0.0 23261 1964 9824.416666666666 12
140 0.1 11819.0 0.0 23261 1964 9770.846153846154 13
150 0.1 9838.0 0.0 23261 1964 9917.142857142857 14
160 0.1 5437.0 0.0 23261 1964 9911.866666666667 15
170 0.1 775.0 0.0 23261 775 9632.1875 16
180 0.1 237.0 0.0 23261 237 9111.176470588236 17
187 0.1 139.0 0.0 23261 139 8618.166666666666 18
