0 2.4 490.6369934082031 749.2154511029324 2233.63916015625 7.508056640625 0 0
10 6.3 520.5754665798611 1249.4412429157903 5326.831787109375 7.23681640625 490.6369934082031 24
20 6 3150.3148844401044 2502.3299578710753 9929.867919921875 7.23681640625 512.316577429059 87
30 9.6 1693.1200154622395 2063.9148499042667 9929.867919921875 7.23681640625 1589.05058029071 147
40 12.6 1578.102015904018 1797.3465150655127 9929.867919921875 7.23681640625 1630.1644312226724 243
50 10.4 2386.288294865534 1794.0397850404022 10506.4990234375 7.23681640625 1612.3870211138635 369
60 8.8 3600.6456576260653 1867.7554688256798 10506.4990234375 7.23681640625 1782.5471320444635 473
70 12.1 5464.871103838455 3691.9574196596163 12112.6220703125 0.75 2067.7390576258913 561
80 31.1 3454.2527310779224 3705.474747278261 15455.498046875 0.7080078125 2670.4560335668302 682
90 46.2 1240.2016347909887 3312.2379372163537 15455.498046875 0.662109375 2915.9351603804753 993
100 66.3 1735.6861102764424 5010.857374434126 20318.85693359375 0.655029296875 2383.846576997422 1455
110 91.1 1501.8296278986008 3980.600513841813 24403.47998046875 0.64013671875 2180.9521532788144 2118
120 87.9 969.0694234281676 2764.572436124266 24403.47998046875 0.64013671875 1976.6997199274197 3029
130 51.6 2362.468377165095 4829.235584144813 24403.47998046875 0.64013671875 1750.0602545684528 3908
140 37.5 3523.335141276043 3112.8254300769395 24403.47998046875 0.64013671875 1821.4894117248425 4424
150 35.5 792.8003025968306 1442.476174749692 24403.47998046875 0.64013671875 1954.4738144299267 4799
160 8.1 73.830078125 583.6936904204227 24403.47998046875 0.64013671875 1874.4594378872903 5154
170 5.6 8.619201660156246 1.2315981288141342 24403.47998046875 0.64013671875 1846.5986970772146 5235
180 2.2 8.669511274857955 1.040358653146158 24403.47998046875 0.64013671875 1827.145502644526 5291
187 0.3 8.297688802083334 0.8153110765599305 24403.47998046875 0.64013671875 1819.6155813552107 5313
