0 1842.821875 1842.821875
10 7728.95546875 9571.77734375
20 8744.5609375 18316.33828125
30 8668.19140625 26984.5296875
40 9202.2125 36186.7421875
50 11270.60078125 47457.34296875
60 9685.31875 57142.66171875
70 9335.85859375 66478.5203125
80 23281.44453125 89759.96484375
90 10829.2484375 100589.21328125
100 10167.909375 110757.12265625
110 12731.6828125 123488.80546875
120 12448.6546875 135937.46015625
130 8014.565625 143952.02578125
140 12008.6796875 155960.70546875
150 7154.51875 163115.22421875
160 1685.68984375 164800.9140625
170 316.89609375 165117.81015625
180 95.98125 165213.79140625
187 0.23046875 165214.021875
