30 0.1 1
40 0.1 2
50 0 2
60 0.2 4
70 0 4
80 0.2 6
90 0.4 10
100 0.4 14
110 0.2 16
120 0 16
130 0.2 18
140 0.5 23
150 0.3 26
160 0.1 27
170 0.2 29
180 0.4 33
190 0.1 34
200 0.2 36
210 0.3 39
220 0.3 42
230 0.1 43
240 0.2 45
250 0 45
260 0.2 47
270 0.1 48
280 0 48
290 0.1 49
300 0.2 51
310 0.1 52
320 0.2 54
330 0.3 57
340 0.1 58
350 0.2 60
360 0.3 63
370 0.1 64
380 0.4 68
390 0 68
400 0.1 69
410 0.2 71
420 0.5 76
430 0.1 77
440 0.2 79
450 0.5 84
460 0.2 86
470 0.1 87
480 0.1 88
490 0 88
500 0.1 89
510 0.1 90
520 0 90
530 0 90
533 0 90
