110 15.6 156
120 35.9 515
130 29.1 806
140 21.3 1019
150 17.7 1196
160 15.6 1352
170 10 1452
180 4.8 1500
190 2.3 1523
200 0.9 1532
210 0.8 1540
220 3.2 1572
230 1.5 1587
240 2.5 1612
250 3.6 1648
260 1.8 1666
270 0.3 1669
280 0.1 1670
290 0 1670
300 0 1670
310 0 1670
320 0 1670
330 0 1670
340 0 1670
350 0 1670
360 0 1670
370 0 1670
380 0 1670
390 0 1670
400 0 1670
410 0 1670
420 0 1670
430 0 1670
440 0 1670
450 0 1670
460 0 1670
470 0 1670
480 0 1670
490 0 1670
500 0 1670
510 0 1670
520 0 1670
530 0 1670
533 0 1670
