0 0.6 25.107014973958332 52.33162098675416 142.1220703125 1.26904296875 0 0
10 1.3 1.7639347956730769 0.4988314514025207 142.1220703125 1.23486328125 25.107014973958332 6
20 1.1 1.7013050426136365 0.535085615103671 142.1220703125 0.991943359375 9.135433799342104 19
30 0.9 2.778103298611111 2.4434633679448976 142.1220703125 0.991943359375 6.409586588541666 30
40 2.5 1.5355859375 0.3379532368944757 142.1220703125 0.991943359375 5.571551983173076 39
50 1.9 1.530491879111842 0.4319321470867424 142.1220703125 0.98681640625 3.9950027465820304 64
60 3.4 2.823917164522059 5.31137925145029 142.1220703125 0.95703125 3.4308376082454815 83
70 4.3 1.8387536337209303 0.9759082413717439 142.1220703125 0.95703125 3.2544675647702985 117
80 2.9 1.7804165544181034 0.6126823543001421 142.1220703125 0.95703125 2.873994445800781 160
90 7.7 1.6477114194399352 0.6405750178721322 142.1220703125 0.95703125 2.7061967799272484 189
100 7.2 1.6508619520399306 0.9469646192580193 142.1220703125 0.947021484375 2.3997931229440788 266
110 8.8 1.7198347611860796 1.2531977336077316 142.1220703125 0.912109375 2.2402574889053253 338
120 2.1 1.6746070498511905 0.6989260220615939 142.1220703125 0.912109375 2.132752324493838 426
130 0 0 0 142.1220703125 0.912109375 2.1112287209871363 447
140 0 0 0 142.1220703125 0.912109375 2.1112287209871363 447
150 0 0 0 142.1220703125 0.912109375 2.1112287209871363 447
160 0 0 0 142.1220703125 0.912109375 2.1112287209871363 447
170 0 0 0 142.1220703125 0.912109375 2.1112287209871363 447
180 0 0 0 142.1220703125 0.912109375 2.1112287209871363 447
190 0 0 0 142.1220703125 0.912109375 2.1112287209871363 447
200 0 0 0 142.1220703125 0.912109375 2.1112287209871363 447
210 0 0 0 142.1220703125 0.912109375 2.1112287209871363 447
220 0 0 0 142.1220703125 0.912109375 2.1112287209871363 447
230 0 0 0 142.1220703125 0.912109375 2.1112287209871363 447
240 0 0 0 142.1220703125 0.912109375 2.1112287209871363 447
250 0 0 0 142.1220703125 0.912109375 2.1112287209871363 447
260 0 0 0 142.1220703125 0.912109375 2.1112287209871363 447
270 0 0 0 142.1220703125 0.912109375 2.1112287209871363 447
280 0 0 0 142.1220703125 0.912109375 2.1112287209871363 447
290 0 0 0 142.1220703125 0.912109375 2.1112287209871363 447
300 0 0 0 142.1220703125 0.912109375 2.1112287209871363 447
310 0 0 0 142.1220703125 0.912109375 2.1112287209871363 447
320 0 0 0 142.1220703125 0.912109375 2.1112287209871363 447
330 0 0 0 142.1220703125 0.912109375 2.1112287209871363 447
340 0 0 0 142.1220703125 0.912109375 2.1112287209871363 447
350 0 0 0 142.1220703125 0.912109375 2.1112287209871363 447
360 0 0 0 142.1220703125 0.912109375 2.1112287209871363 447
370 0 0 0 142.1220703125 0.912109375 2.1112287209871363 447
380 0 0 0 142.1220703125 0.912109375 2.1112287209871363 447
390 0 0 0 142.1220703125 0.912109375 2.1112287209871363 447
400 0 0 0 142.1220703125 0.912109375 2.1112287209871363 447
410 0 0 0 142.1220703125 0.912109375 2.1112287209871363 447
420 0 0 0 142.1220703125 0.912109375 2.1112287209871363 447
430 0 0 0 142.1220703125 0.912109375 2.1112287209871363 447
440 0 0 0 142.1220703125 0.912109375 2.1112287209871363 447
450 0 0 0 142.1220703125 0.912109375 2.1112287209871363 447
460 0 0 0 142.1220703125 0.912109375 2.1112287209871363 447
470 0 0 0 142.1220703125 0.912109375 2.1112287209871363 447
480 0 0 0 142.1220703125 0.912109375 2.1112287209871363 447
490 0 0 0 142.1220703125 0.912109375 2.1112287209871363 447
500 0 0 0 142.1220703125 0.912109375 2.1112287209871363 447
510 0 0 0 142.1220703125 0.912109375 2.1112287209871363 447
520 0 0 0 142.1220703125 0.912109375 2.1112287209871363 447
530 0 0 0 142.1220703125 0.912109375 2.1112287209871363 447
533 0 0 0 142.1220703125 0.912109375 2.1112287209871363 447
