0 6 6
10 19 13
20 30 11
30 39 9
40 61 22
50 77 16
60 106 29
70 146 40
80 175 29
90 250 75
100 320 70
110 405 85
120 423 18
130 417 -6
140 399 -18
150 385 -14
160 370 -15
170 359 -11
180 350 -9
190 345 -5
200 339 -6
210 336 -3
220 331 -5
230 325 -6
240 321 -4
250 312 -9
260 300 -12
270 291 -9
280 287 -4
290 283 -4
300 280 -3
310 274 -6
320 272 -2
330 269 -3
340 266 -3
350 252 -14
360 239 -13
370 228 -11
380 225 -3
390 218 -7
400 207 -11
410 193 -14
420 183 -10
430 167 -16
440 154 -13
450 130 -24
460 109 -21
470 95 -14
480 63 -32
490 51 -12
500 39 -12
510 25 -14
520 8 -17
530 1 -7
533 0 -1
