0 0.1 3.0230758171659504 0 3.0230758171659504 3.0230758171659504 0 0
10 0.1 2.935420743639922 0.0 3.0230758171659504 2.935420743639922 3.0230758171659504 1
20 0.1 3.758654797230465 0.0 3.758654797230465 2.935420743639922 2.979248280402936 2
30 0.1 5.658536585365854 0.0 5.658536585365854 2.935420743639922 3.239050452678779 3
40 0.1 5.870841487279844 0.0 5.870841487279844 2.935420743639922 3.843921985850548 4
50 0.1 6.420233463035019 0.0 6.420233463035019 2.935420743639922 4.249305886136407 5
60 0.1 10.341463414634147 0.0 10.341463414634147 2.935420743639922 4.611127148952842 6
70 0.1 7.586206896551724 0.0 10.341463414634147 2.935420743639922 5.429746615478742 7
80 0.1 8.751229105211406 0.0 10.341463414634147 2.935420743639922 5.699304150612865 8
90 0.1 8.7426326129666 0.0 10.341463414634147 2.935420743639922 6.038406923346036 9
100 0.1 10.297029702970297 0.0 10.341463414634147 2.935420743639922 6.308829492308093 10
110 0.1 10.852713178294573 0.0 10.852713178294573 2.935420743639922 6.671393147822839 11
120 0.1 12.682926829268293 0.0 12.682926829268293 2.935420743639922 7.019836483695484 12
130 0.1 10.546875 0.0 12.682926829268293 2.935420743639922 7.455458817970316 13
140 0.1 8.055009823182711 0.0 12.682926829268293 2.935420743639922 7.676274259543865 14
150 0.1 7.480314960629922 0.0 12.682926829268293 2.935420743639922 7.701523297119788 15
160 0.1 8.579881656804734 0.0 12.682926829268293 2.935420743639922 7.687697776089172 16
170 0.1 7.647058823529412 0.0 12.682926829268293 2.935420743639922 7.740179180837146 17
180 0.1 6.102362204724409 0.0 12.682926829268293 2.935420743639922 7.735005827653383 18
190 0.1 5.484818805093046 0.0 12.682926829268293 2.935420743639922 7.649077215920279 19
200 0.1 6.200787401574804 0.0 12.682926829268293 2.935420743639922 7.540864295378919 20
210 0.1 5.7312252964426875 0.0 12.682926829268293 2.935420743639922 7.4770511099596755 21
220 0.1 4.23228346456693 0.0 12.682926829268293 2.935420743639922 7.397695391163449 22
230 0.1 4.055390702274975 0.0 12.682926829268293 2.935420743639922 7.260068785659252 23
240 0.1 4.215686274509804 0.0 12.682926829268293 2.935420743639922 7.126540532184907 24
250 0.1 5.20117762512267 0.0 12.682926829268293 2.935420743639922 7.010106361877903 25
260 0.1 5.283757338551859 0.0 12.682926829268293 2.935420743639922 6.94053217969501 26
270 0.1 4.411764705882353 0.0 12.682926829268293 2.935420743639922 6.87917014854156 27
280 0.1 5.054509415262636 0.0 12.682926829268293 2.935420743639922 6.791048525589445 28
290 0.1 5.014749262536873 0.0 12.682926829268293 2.935420743639922 6.731167866612658 29
300 0.1 6.0135790494665375 0.0 12.682926829268293 2.935420743639922 6.673953913143465 30
310 0.1 4.158415841584159 0.0 12.682926829268293 2.935420743639922 6.652651498186144 31
320 0.1 4.8371174728529125 0.0 12.682926829268293 2.935420743639922 6.574706633917332 32
330 0.1 4.031465093411996 0.0 12.682926829268293 2.935420743639922 6.52205241691538 33
340 0.1 4.1910331384015596 0.0 12.682926829268293 2.935420743639922 6.448799848577046 34
350 0.1 4.6351084812623276 0.0 12.682926829268293 2.935420743639922 6.384292228286317 35
360 0.1 4.935834155972359 0.0 12.682926829268293 2.935420743639922 6.335703790868984 36
370 0.1 7.065750736015702 0.0 12.682926829268293 2.935420743639922 6.297869476412319 37
380 0.1 5.148514851485149 0.0 12.682926829268293 2.935420743639922 6.318076877980829 38
390 0.1 5.801376597836775 0.0 12.682926829268293 2.935420743639922 6.288088108070683 39
400 0.1 7.045009784735812 0.0 12.682926829268293 2.935420743639922 6.275920320314835 40
410 0.1 5.714285714285714 0.0 12.682926829268293 2.935420743639922 6.294678599934859 41
420 0.1 4.926108374384237 0.0 12.682926829268293 2.935420743639922 6.280859721705117 42
430 0.1 5.784313725490196 0.0 12.682926829268293 2.935420743639922 6.249353876418585 43
440 0.1 4.81335952848723 0.0 12.682926829268293 2.935420743639922 6.238784782079304 44
450 0.1 4.334975369458128 0.0 12.682926829268293 2.935420743639922 6.2071086653328145 45
460 0.1 4.648862512363996 0.0 12.682926829268293 2.935420743639922 6.166410115422495 46
470 0.1 4.23228346456693 0.0 12.682926829268293 2.935420743639922 6.13412186854891 47
480 0.1 4.6078431372549025 0.0 12.682926829268293 2.935420743639922 6.094500235132618 48
490 0.1 4.330708661417323 0.0 12.682926829268293 2.935420743639922 6.0641602943596045 49
500 0.1 3.057199211045365 0.0 12.682926829268293 2.935420743639922 6.029491261700758 50
510 0.1 3.0511811023622046 0.0 12.682926829268293 2.935420743639922 5.971211025413398 51
520 0.1 2.9615004935834155 0.0 12.682926829268293 2.935420743639922 5.915056603816259 52
530 0.1 2.161100196463654 0.0 12.682926829268293 2.161100196463654 5.85932913003828 53
