0 1.3 72.82513897235577 66.25366617968196 248.89306640625 19.56689453125 0 0
10 4.7 793.856756981383 1613.9031830694894 4684.762939453125 18.10302734375 72.82513897235577 13
20 7 584.3200125558036 1444.6805321769007 5730.179931640625 18.10302734375 637.6332397460938 60
30 7.3 1579.9826024721747 2851.5061035969266 10361.572998046875 16.60888671875 608.9261174128605 130
40 10.2 1874.8404158049939 3506.1213410025043 12226.535888671875 14.320068359375 958.1237696755696 203
50 11.1 4226.703274563629 4284.944221840379 15174.64892578125 14.320068359375 1264.697861168033 305
60 11.6 5137.423179889545 5238.027054325667 21872.838134765625 14.2529296875 2055.0406517615693 416
70 11.7 5229.456674429087 5301.228585326808 21872.838134765625 13.843994140625 2727.1390977443607 532
80 12 9097.481207275388 4012.279258629771 23058.044921875 13.843994140625 3178.250278749157 649
90 13 11868.678842397836 4398.4230182483525 26480.56103515625 13.843994140625 4101.9274067376455 769
100 17.7 9748.847512800137 5704.410104630864 28384.787109375 13.843994140625 5225.03940522021 899
110 31.2 6776.062501565001 8078.522155146761 28384.787109375 1.30810546875 5969.197430351852 1076
120 44.9 3789.8053182419258 8231.793705181557 31370.81298828125 1.30810546875 6150.567676906969 1388
130 40.2 6637.386235327268 10962.019363730356 36071.81298828125 1.30810546875 5573.549550047631 1837
140 32.3 9635.502317446311 13798.305085489648 41395.23095703125 1.30810546875 5764.555511406457 2239
150 25.9 10049.655070772502 15247.909895976796 49555.8310546875 1.30810546875 6252.578859708906 2562
160 24.3 11830.613149635095 16957.12676271694 53997.7080078125 1.30810546875 6601.193797201097 2821
170 16.7 16978.892800336827 22597.943342649436 59837.219970703125 1.30810546875 7015.929078742045 3064
180 11.8 25415.824949102887 22004.65365341176 59988.169189453125 1.30810546875 7530.882635382815 3231
190 10.9 31339.236274369276 18435.9881000432 59988.169189453125 1.30810546875 8161.047816935209 3349
200 12.9 33979.929638293375 16828.13927828128 59988.169189453125 1.30810546875 8891.65005576121 3458
210 7.5 40331.51826171876 19479.39141427849 59999.430908203125 1.30810546875 9793.904883234489 3587
220 7.6 23303.887492932765 23076.5207419497 59999.430908203125 1.30810546875 10419.333884705356 3662
230 5.7 31262.383964672423 21021.480956104486 59999.430908203125 1.30810546875 10681.299126606182 3738
240 10.6 38349.075153854676 23314.385835623798 59999.430908203125 1.30810546875 10990.422139984252 3795
250 13.7 31562.644217609475 23324.81138867011 59999.430908203125 1.30810546875 11733.82568252982 3901
260 10.6 36590.77114349943 20968.733534114366 59999.430908203125 1.30810546875 12406.571630847282 4038
270 8 39569.248968505875 17801.73676520617 59999.430908203125 1.30810546875 13025.182911817632 4144
280 5.8 36525.77108448951 12400.951371007368 59999.430908203125 1.30810546875 13527.911435618546 4224
290 7.4 39522.27446684967 12517.147291572299 59999.430908203125 1.30810546875 13839.41910951731 4282
300 6.7 38860.619515945655 10027.695764568147 59999.430908203125 1.30810546875 14275.72106003214 4356
310 6.2 36468.553265971525 14073.513955408027 59999.430908203125 1.30810546875 14648.135302977245 4423
320 7.8 33401.34330240886 15309.480268572135 59999.430908203125 1.30810546875 14949.777647170255 4485
330 6.5 44487.33464167668 16452.975766204872 59999.430908203125 1.30810546875 15265.189025892283 4563
340 5.9 41599.85712807867 15905.340079749576 59999.430908203125 1.30810546875 15675.6124193724 4628
350 9.1 45061.80547089628 10046.146882670013 59999.430908203125 1.30810546875 16001.947055133798 4687
360 7.5 33732.806627604186 9191.514968972793 59999.430908203125 1.30810546875 16555.41024388105 4778
370 7.8 32303.19444548778 9859.294528775994 59999.430908203125 1.30810546875 16820.875879318766 4853
380 8.3 31906.7503088526 8067.028188622027 59999.430908203125 1.30810546875 17065.779721979725 4931
390 7.6 29141.35949064556 8029.511780272447 59999.430908203125 1.30810546875 17311.451951479215 5014
400 9.8 28928.031875298948 8483.116798784664 59999.430908203125 1.30810546875 17488.087113164212 5090
410 6.5 24932.58300030048 7446.606136285625 59999.430908203125 1.30810546875 17704.184759017953 5188
420 5.7 24409.437928316886 7243.520965030531 59999.430908203125 1.30810546875 17793.628102951585 5253
430 7.2 27162.91364881728 7985.629821349125 59999.430908203125 1.30810546875 17864.6452705685 5310
440 5.5 31236.97998934659 7799.9543789346035 59999.430908203125 1.30810546875 17989.036820779187 5382
450 6.8 25551.78498391544 10377.92034098352 59999.430908203125 1.30810546875 18123.051327726254 5437
460 6.1 25444.712494396772 10231.356569549249 59999.430908203125 1.30810546875 18214.814068620144 5505
470 4.3 25572.547283793603 10034.428374850182 59999.430908203125 1.30810546875 18294.04939092923 5566
480 7.5 18075.394108072916 10264.10836518917 59999.430908203125 1.30810546875 18349.848180266574 5609
490 4.4 15674.900867808949 8491.512061898 59999.430908203125 1.30810546875 18346.226777132422 5684
500 1.6 18327.324783325195 5986.419042191641 59999.430908203125 1.30810546875 18325.70681553846 5728
510 3 12679.389485677084 8563.997286341439 59999.430908203125 1.30810546875 18325.711322412517 5744
520 2.8 9385.025015694755 9594.81891203079 59999.430908203125 1.30810546875 18296.374700468965 5774
530 0.9 5168.257486979167 6929.360461469764 59999.430908203125 1.30810546875 18253.369221121553 5802
533 0 0 0 59999.430908203125 1.30810546875 18233.103173004656 5811
