10 0.1 987 0 987 987 0 0
20 0.1 4709.0 0.0 4709 987 987.0 1
30 0.1 5456.0 0.0 5456 987 2848.0 2
40 0.1 7568.0 0.0 7568 987 3717.3333333333335 3
50 0.1 7159.0 0.0 7568 987 4680.0 4
60 0.1 13214.0 0.0 13214 987 5175.8 5
70 0.1 9201.0 0.0 13214 987 6515.5 6
80 0.1 10682.0 0.0 13214 987 6899.142857142857 7
90 0.1 11337.0 0.0 13214 987 7372.0 8
100 0.1 13076.0 0.0 13214 987 7812.555555555556 9
110 0.1 13753.0 0.0 13753 987 8338.9 10
120 0.1 12993.0 0.0 13753 987 8831.09090909091 11
130 0.1 11575.0 0.0 13753 987 9177.916666666668 12
140 0.1 8521.0 0.0 13753 987 9362.307692307693 13
150 0.1 9140.0 0.0 13753 987 9302.214285714286 14
160 0.1 10260.0 0.0 13753 987 9291.4 15
170 0.1 9210.0 0.0 13753 987 9351.9375 16
180 0.1 7122.0 0.0 13753 987 9343.588235294117 17
190 0.1 6707.0 0.0 13753 987 9220.166666666666 18
200 0.1 8721.0 0.0 13753 987 9087.894736842105 19
210 0.1 7127.0 0.0 13753 987 9069.55 20
220 0.1 4.9e3 0.0 13753 987 8977.047619047618 21
230 0.1 5007.0 0.0 13753 987 8791.727272727272 22
240 0.1 4809.0 0.0 13753 987 8627.173913043478 23
250 0.1 5119.0 0.0 13753 987 8468.083333333334 24
260 0.1 5152.0 0.0 13753 987 8334.12 25
270 0.1 4270.0 0.0 13753 987 8211.73076923077 26
280 0.1 6297.0 0.0 13753 987 8065.740740740741 27
290 0.1 7079.0 0.0 13753 987 8002.571428571428 28
300 0.1 6101.0 0.0 13753 987 7970.724137931034 29
310 0.1 5129.0 0.0 13753 987 7908.4 30
320 0.1 6547.0 0.0 13753 987 7818.741935483871 31
330 0.1 4496.0 0.0 13753 987 7779.0 32
340 0.1 3504.0 0.0 13753 987 7679.515151515152 33
350 0.1 5482.0 0.0 13753 987 7556.705882352941 34
360 0.1 6147.0 0.0 13753 987 7497.428571428572 35
370 0.1 9308.0 0.0 13753 987 7459.916666666667 36
380 0.1 6418.0 0.0 13753 987 7509.864864864865 37
390 0.1 8048.0 0.0 13753 987 7481.131578947368 38
400 0.1 8626.0 0.0 13753 987 7495.666666666667 39
410 0.1 7923.0 0.0 13753 987 7523.925 40
420 0.1 5884.0 0.0 13753 987 7533.658536585366 41
430 0.1 6468.0 0.0 13753 987 7494.380952380952 42
440 0.1 6163.0 0.0 13753 987 7470.511627906977 43
450 0.1 4841.0 0.0 13753 987 7440.795454545455 44
460 0.1 6365.0 0.0 13753 987 7383.022222222222 45
470 0.1 5137.0 0.0 13753 987 7360.891304347826 46
480 0.1 5442.0 0.0 13753 987 7313.574468085107 47
490 0.1 5101.0 0.0 13753 987 7274.583333333333 48
500 0.1 2885.0 0.0 13753 987 7230.224489795918 49
510 0.1 2689.0 0.0 13753 987 7143.32 50
520 0.1 3207.0 0.0 13753 987 7055.980392156863 51
530 0.1 1345.0 0.0 13753 987 6981.961538461538 52
