0 1613.3421875 1613.3421875
10 9238.740625 10852.0828125
20 11442.3296875 22294.4125
30 14839.984375 37134.396875
40 16434.7390625 53569.1359375
50 27241.7546875 80810.890625
60 20173.87421875 100984.76484375
70 22901.75859375 123886.5234375
80 24460.92109375 148347.44453125
90 22273.9203125 170621.36484375
100 27734.7640625 198356.12890625
110 27520.346875 225876.47578125
120 22681.65390625 248558.1296875
130 22492.86484375 271050.99453125
140 20551.28046875 291602.275
150 14487.0296875 306089.3046875
160 23700.4265625 329789.73125
170 13325.0015625 343114.7328125
180 16819.20234375 359933.93515625
190 14607.19765625 374541.1328125
200 20012.115625 394553.2484375
210 9768.10703125 404321.35546875
220 10663.5 414984.85546875
230 10563.80546875 425548.6609375
240 10179.23515625 435727.89609375
250 13775.76015625 449503.65625
260 9247.23984375 458750.89609375
270 9727.1875 468478.08359375
280 10936.52109375 479414.6046875
290 18270.496875 497685.1015625
300 13893.33125 511578.4328125
310 9362.0578125 520940.490625
320 13828.12421875 534768.61484375
330 8344.6640625 543113.27890625
340 10102.61640625 553215.8953125
350 12318.64296875 565534.53828125
360 11570.81328125 577105.3515625
370 19552.91875 596658.2703125
380 16548.43046875 613206.70078125
390 19417.821875 632624.52265625
400 20444.421875 653068.94453125
410 13744.70078125 666813.6453125
420 10157.22265625 676970.86796875
430 12763.81484375 689734.6828125
440 13404.52421875 703139.20703125
450 10429.64296875 713568.85
460 14306.45234375 727875.30234375
470 9967.86484375 737843.1671875
480 15011.49609375 752854.66328125
490 9448.215625 762302.87890625
500 5606.76171875 767909.640625
510 3728.31484375 771637.95546875
520 6286.95390625 777924.909375
530 2136.7984375 780061.7078125
533 0 780061.7078125
