0 6.0703125 6.0703125
10 19.503125 25.5734375
20 37.72890625 63.30234375
30 38.4921875 101.79453125
40 57.47265625 159.2671875
50 53.490625 212.7578125
60 57.378125 270.1359375
70 73.60078125 343.73671875
80 64.2890625 408.02578125
90 76.265625 484.29140625
100 94.62421875 578.915625
110 136.5546875 715.4703125
120 189.1578125 904.628125
130 183.4046875 1088.0328125
140 167.49375 1255.5265625
150 133.26328125 1388.78984375
160 121.3671875 1510.15703125
170 86.71953125 1596.8765625
180 58.42890625 1655.30546875
190 57.83984375 1713.1453125
200 53.50546875 1766.65078125
210 37.24140625 1803.8921875
220 40.33828125 1844.23046875
230 30.99375 1875.22421875
240 51.7171875 1926.94140625
250 56.73515625 1983.6765625
260 49.19765625 2032.87421875
270 38.21953125 2071.09375
280 38.240625 2109.334375
290 29.4546875 2138.7890625
300 35.6546875 2174.44375
310 29.18125 2203.625
320 36.6078125 2240.2328125
330 33.15703125 2273.38984375
340 30.07890625 2303.46875
350 37.178125 2340.646875
360 39.275 2379.921875
370 32.15078125 2412.07265625
380 36.3453125 2448.41796875
390 38.4875 2486.90546875
400 44.675 2531.58046875
410 27.22265625 2558.803125
420 26.71015625 2585.51328125
430 30.3859375 2615.89921875
440 21.5828125 2637.48203125
450 21.1125 2658.59453125
460 19.62578125 2678.2203125
470 18.95390625 2697.17421875
480 21.57890625 2718.753125
490 15.26015625 2734.01328125
500 6.3578125 2740.37109375
510 8.63515625 2749.00625
520 6.996875 2756.003125
530 2.7265625 2758.7296875
533 0 2758.7296875
