0 0.1 3156.26953125 0 3156.26953125 3156.26953125 0 0
10 0.1 3155.7421875 0.0 3156.26953125 3155.7421875 3156.26953125 1
20 0.1 3154.90625 0.0 3156.26953125 3154.90625 3156.005859375 2
30 0.1 3155.015625 0.0 3156.26953125 3154.90625 3155.6393229166665 3
40 0.1 3154.20703125 0.0 3156.26953125 3154.20703125 3155.4833984375 4
50 0.1 3155.87109375 0.0 3156.26953125 3154.20703125 3155.228125 5
60 0.1 3155.7578125 0.0 3156.26953125 3154.20703125 3155.3352864583335 6
70 0.1 3154.796875 0.0 3156.26953125 3154.20703125 3155.3956473214284 7
80 0.1 3153.359375 0.0 3156.26953125 3153.359375 3155.32080078125 8
90 0.1 3151.29296875 0.0 3156.26953125 3151.29296875 3155.1028645833335 9
100 0.1 3145.64453125 0.0 3156.26953125 3145.64453125 3154.721875 10
110 0.1 3145.15234375 0.0 3156.26953125 3145.15234375 3153.896661931818 11
120 0.1 3144.84765625 0.0 3156.26953125 3144.84765625 3153.16796875 12
130 0.1 3144.75390625 0.0 3156.26953125 3144.75390625 3152.5279447115386 13
140 0.1 3144.828125 0.0 3156.26953125 3144.75390625 3151.97265625 14
150 0.1 3144.859375 0.0 3156.26953125 3144.75390625 3151.4963541666666 15
160 0.1 3144.90625 0.0 3156.26953125 3144.75390625 3151.08154296875 16
