0 0.1 0.03125 0 0.03125 0.03125 0 0
10 0.1 0.1015625 0.0 0.1015625 0.03125 0.03125 1
20 0.1 0.078125 0.0 0.1015625 0.03125 0.06640625 2
30 0.1 0.0703125 0.0 0.1015625 0.03125 0.0703125 3
40 0.1 0.05859375 0.0 0.1015625 0.03125 0.0703125 4
50 0.1 0.05078125 0.0 0.1015625 0.03125 0.06796875 5
60 0.1 0.0390625 0.0 0.1015625 0.03125 0.06510416666666667 6
70 0.1 0.0390625 0.0 0.1015625 0.03125 0.06138392857142857 7
80 0.1 0.03125 0.0 0.1015625 0.03125 0.05859375 8
90 0.1 0.01953125 0.0 0.1015625 0.01953125 0.05555555555555555 9
100 0.1 0.01953125 0.0 0.1015625 0.01953125 0.051953125 10
110 0.1 0.01953125 0.0 0.1015625 0.01953125 0.049005681818181816 11
120 0.1 0.01171875 0.0 0.1015625 0.01171875 0.046549479166666664 12
130 0.1 0.01171875 0.0 0.1015625 0.01171875 0.043870192307692304 13
140 0.1 0.01171875 0.0 0.1015625 0.01171875 0.04157366071428571 14
150 0.1 0.01171875 0.0 0.1015625 0.01171875 0.03958333333333333 15
160 0.1 0.01171875 0.0 0.1015625 0.01171875 0.037841796875 16
