0 3 13.910262044270834 20.277206970086993 122.177978515625 6.087890625 0 0
10 2.5 11.115810546875 3.9784578217881887 122.177978515625 6.087890625 13.910262044270834 30
20 5.3 30.19272368808962 78.57271476017578 419.89697265625 5.661865234375 12.640056818181819 55
30 5.3 11.131997162441039 6.564016145764607 419.89697265625 5.552978515625 21.253865559895832 108
40 9.9 10.361646247632576 3.5741089878627403 419.89697265625 5.531982421875 17.921821925951086 161
50 10.6 10.585159013856131 5.818541342553556 419.89697265625 5.234130859375 15.0431396484375 260
60 13.2 10.950979521780303 3.872172663578994 419.89697265625 5.234130859375 13.752030502903006 366
70 13.5 10.547281901041666 4.147997712257303 419.89697265625 5.234130859375 13.009583254894578 498
80 16.9 10.858132627588756 4.025332253470051 419.89697265625 5.234130859375 12.484447895068127 633
90 27.1 11.205932166743542 5.083535707650652 419.89697265625 4.715087890625 12.141745550674097 802
100 34.9 10.966419821140768 5.248415485866222 419.89697265625 4.676025390625 11.905393801330964 1073
110 32.7 11.053688539277529 5.20497051855543 419.89697265625 4.676025390625 11.674942381438997 1422
120 25.2 9.603248232886909 5.582337548386696 419.89697265625 4.676025390625 11.558790290880507 1749
130 9.9 9.434708412247474 4.274119546405224 419.89697265625 4.676025390625 11.312515129154177 2001
140 2.8 8.918047223772321 3.6758845610285724 419.89697265625 4.676025390625 11.223989955357146 2100
150 1.2 10.415934244791666 3.9538494865220337 419.89697265625 4.676025390625 11.193648603625768 2128
160 1 10.160888671875 4.074626129060358 419.89697265625 4.676025390625 11.189287588529501 2140
161 0 0 0 419.89697265625 4.676025390625 11.184504337754364 2150
