10 0.1 757 0 757 757 0 0
20 0.1 522.0 0.0 757 522 757.0 1
30 0.1 850.0 0.0 850 522 639.5 2
40 0.1 1395.0 0.0 1395 522 709.6666666666666 3
50 0.1 1738.0 0.0 1738 522 881.0 4
60 0.1 1633.0 0.0 1738 522 1052.4 5
70 0.1 2916.0 0.0 2916 522 1149.1666666666667 6
80 0.1 3093.0 0.0 3093 522 1401.5714285714287 7
90 0.1 3811.0 0.0 3811 522 1613.0 8
100 0.1 7689.0 0.0 7689 522 1857.2222222222222 9
110 0.1 7180.0 0.0 7689 522 2440.4 10
120 0.1 8816.0 0.0 8816 522 2871.2727272727275 11
130 0.1 1577.0 0.0 8816 522 3366.6666666666665 12
140 0.1 684.0 0.0 8816 522 3229.0 13
150 0.1 154.0 0.0 8816 154 3047.214285714286 14
160 0.1 108.0 0.0 8816 108 2854.3333333333335 15
