0 3.4 12.259140912224264 19.1985946097449 122.177978515625 6.087890625 0 0
10 3 9.242171223958337 2.3131236557932415 122.177978515625 6.087890625 12.259140912224264 34
20 6.3 25.37868148561508 72.70202471482098 419.89697265625 5.661865234375 10.844936370849611 64
30 5.9 9.987271583686443 4.964949439925243 419.89697265625 5.552978515625 18.054589459276574 127
40 11.6 8.825391045932118 2.168270749467229 419.89697265625 5.531982421875 15.495601530997984 186
50 13.1 8.541725682848275 4.020429689345053 419.89697265625 5.234130859375 12.93353392746275 302
60 15.7 9.188855991242042 2.9283941433120573 419.89697265625 5.234130859375 11.604834435443129 433
70 15.9 8.93709924086085 3.2488938746356375 419.89697265625 5.234130859375 10.9619384765625 590
80 20 9.156164550781249 3.0284784560257973 419.89697265625 5.234130859375 10.532099439878172 749
90 31.9 9.501387545307603 4.045840118890964 419.89697265625 4.715087890625 10.242123699288724 949
100 41.6 9.183268033541157 4.567033179025828 419.89697265625 4.676025390625 10.055771307238269 1268
110 39.4 9.155225724738255 4.51607400807423 419.89697265625 4.676025390625 9.840236056728768 1684
120 30.7 7.862499522852197 4.413328928576163 419.89697265625 4.676025390625 9.71035440571613 2078
130 13.3 6.994970335996241 1.2603461597773375 419.89697265625 4.676025390625 9.472496355804504 2385
140 3.3 7.548946496212121 1.7257809363982417 419.89697265625 4.676025390625 9.341634179222098 2518
150 1.6 7.7835693359375 0.601334887953854 419.89697265625 4.676025390625 9.318443785831533 2551
160 1.3 7.788686899038462 0.6081490353883181 419.89697265625 4.676025390625 9.30887697975506 2567
161 0 0 0 419.89697265625 4.676025390625 9.301217107255326 2580
