10 0.1 459 0 459 459 0 0
20 0.1 305.0 0.0 459 305 459.0 1
30 0.1 461.0 0.0 461 305 382.0 2
40 0.1 776.0 0.0 776 305 408.3333333333333 3
50 0.1 1033.0 0.0 1033 305 500.25 4
60 0.1 955.0 0.0 1033 305 606.8 5
70 0.1 1627.0 0.0 1627 305 664.8333333333334 6
80 0.1 1697.0 0.0 1697 305 802.2857142857143 7
90 0.1 1931.0 0.0 1931 305 914.125 8
100 0.1 3.9e3 0.0 3900 305 1027.111111111111 9
110 0.1 3950.0 0.0 3950 305 1314.4 10
120 0.1 4822.0 0.0 4822 305 1554.0 11
130 0.1 1147.0 0.0 4822 305 1826.3333333333333 12
140 0.1 520.0 0.0 4822 305 1774.076923076923 13
150 0.1 112.0 0.0 4822 112 1684.5 14
160 0.1 77.0 0.0 4822 77 1579.6666666666667 15
