0 682.71796875 682.71796875
10 408.33125 1091.04921875
20 896.9359375 1987.98515625
30 1124.8328125 3112.81796875
40 1869.6953125 4982.51328125
50 1566.934375 6549.44765625
60 2520.65859375 9070.10625
70 2657.97890625 11728.08515625
80 3523.390625 15251.47578125
90 6675.97421875 21927.45
100 7991.5125 29918.9625
110 7703.275 37622.2375
120 3126.82734375 40749.06484375
130 651.5015625 41400.56640625
140 96.8546875 41497.42109375
150 76.68125 41574.10234375
160 57.59140625 41631.69375
161 0 41631.69375
