0 0.1 3155.2890625 0 3155.2890625 3155.2890625 0 0
10 0.1 3155.9296875 0.0 3155.9296875 3155.2890625 3155.2890625 1
20 0.1 3154.25 0.0 3155.9296875 3154.25 3155.609375 2
30 0.1 3153.03515625 0.0 3155.9296875 3153.03515625 3155.15625 3
40 0.1 3150.3671875 0.0 3155.9296875 3150.3671875 3154.6259765625 4
50 0.1 3149.76953125 0.0 3155.9296875 3149.76953125 3153.77421875 5
60 0.1 3146.05078125 0.0 3155.9296875 3146.05078125 3153.1067708333335 6
70 0.1 3145.2890625 0.0 3155.9296875 3145.2890625 3152.0987723214284 7
80 0.1 3142.4140625 0.0 3155.9296875 3142.4140625 3151.24755859375 8
90 0.1 3138.10546875 0.0 3155.9296875 3138.10546875 3150.266059027778 9
100 0.1 3131.73828125 0.0 3155.9296875 3131.73828125 3149.05 10
110 0.1 3117.90625 0.0 3155.9296875 3117.90625 3147.4762073863635 11
120 0.1 3111.83984375 0.0 3155.9296875 3111.83984375 3145.0120442708335 12
130 0.1 3111.5078125 0.0 3155.9296875 3111.5078125 3142.4603365384614 13
140 0.1 3111.03515625 0.0 3155.9296875 3111.03515625 3140.249441964286 14
150 0.1 3110.36328125 0.0 3155.9296875 3110.36328125 3138.301822916667 15
160 0.1 3110.01171875 0.0 3155.9296875 3110.01171875 3136.5556640625 16
170 0.1 3109.78125 0.0 3155.9296875 3109.78125 3134.994255514706 17
180 0.1 3109.4453125 0.0 3155.9296875 3109.4453125 3133.5935329861113 18
190 0.1 3109.4375 0.0 3155.9296875 3109.4375 3132.322574013158 19
200 0.1 3109.1015625 0.0 3155.9296875 3109.1015625 3131.1783203125 20
210 0.1 3109.14453125 0.0 3155.9296875 3109.1015625 3130.1270461309523 21
220 0.1 3108.01171875 0.0 3155.9296875 3108.01171875 3129.1732954545455 22
230 0.1 3107.9921875 0.0 3155.9296875 3107.9921875 3128.253226902174 23
240 0.1 3114.32421875 0.0 3155.9296875 3107.9921875 3127.4090169270835 24
250 0.1 3114.41015625 0.0 3155.9296875 3107.9921875 3126.885625 25
260 0.1 3114.5 0.0 3155.9296875 3107.9921875 3126.405799278846 26
270 0.1 3114.546875 0.0 3155.9296875 3107.9921875 3125.96484375 27
280 0.1 3114.55859375 0.0 3155.9296875 3107.9921875 3125.557059151786 28
286 0.1 3114.71875 0.0 3155.9296875 3107.9921875 3125.177801724138 29
