0 1.3 54.24737079326923 48.73407258842596 181.166015625 10.407958984375 0 0
10 4.6 664.4310461956521 1297.8406800529297 4980.445068359375 9.77880859375 54.24737079326923 13
20 8 643.8075286865235 1830.5903671936278 7391.675048828125 9.77880859375 529.9837956832627 59
30 6.7 1497.3825975104946 2708.581263670425 10248.321044921875 9.77880859375 595.4938578434128 139
40 9.2 1748.668653405231 3220.4755673331856 12095.259033203125 9.77880859375 888.8266032691141 206
50 18.6 2608.1271762642823 3104.4649454868827 13011.822021484375 9.77880859375 1154.2811959285864 298
60 7.2 4977.725701226129 4174.472859983676 19325.636962890625 9.77880859375 1712.9906015947836 484
70 5.3 12987.8530872273 2502.6136468393925 19325.636962890625 9.77880859375 2135.762053345605 556
80 6.4 13487.826358795168 4306.8431346711195 24521.39892578125 9.77880859375 3080.196905226935 609
90 20.2 9132.750859326665 7116.741545935881 29537.9150390625 1.357177734375 4069.9268978396644 673
100 52.1 5770.338922950911 5801.452214920612 31730.72802734375 1.33203125 5238.715972377235 875
110 75.9 649.7993579005068 2768.5818282044133 31730.72802734375 1.19384765625 5437.122532011106 1396
120 65 1815.4622772686291 5049.287730583494 31730.72802734375 1.180908203125 3751.0073166283014 2155
130 42.7 3594.3131683849897 8799.012717827405 31730.72802734375 1.180908203125 3302.4852932472727 2805
140 28 6253.385833740237 12970.707766547495 40316.44091796875 1.180908203125 3341.040523038054 3232
150 22.6 14265.57888010751 16235.98483949999 51307.64501953125 1.180908203125 3573.2320626156766 3512
160 16.6 14758.251601621329 12967.207381456876 54806.409912109375 1.180908203125 4219.6928386331065 3738
170 11.6 16242.932046824488 13915.908196325128 54806.409912109375 1.180908203125 4667.797540133119 3904
180 9.7 23537.208156310408 11366.165312012785 54806.409912109375 1.180908203125 5001.806396545108 4020
190 13.4 21131.99360132929 9337.189940498698 54806.409912109375 1.180908203125 5438.51612952962 4117
200 7.7 13278.56652039367 8487.929323099039 54806.409912109375 1.180908203125 5933.205845177975 4251
210 2.4 20848.315907796223 9383.502674031937 54806.409912109375 1.180908203125 6063.888093789714 4328
220 44.7 7212.758370691768 9018.750115131254 54806.409912109375 1.180908203125 6145.4198648228385 4352
230 9.6 99.91503143310551 246.49930675694625 54806.409912109375 1.180908203125 6244.836474975664 4799
240 3.6 15.423631456163195 5.5251439677464855 54806.409912109375 1.180908203125 6124.323204581367 4895
250 0.9 242.68169487847223 348.86777203085643 54806.409912109375 1.180908203125 6079.723653854839 4931
260 0.6 231.6641845703125 370.6093900038417 54806.409912109375 1.180908203125 6069.089366885044 4940
270 0.1 15.364013671875 0.0 54806.409912109375 1.180908203125 6062.007977662664 4946
280 0.2 49.9189453125 36.4990234375 54806.409912109375 1.180908203125 6060.785692648718 4947
286 0.1 15.744873046875 0.0 54806.409912109375 1.180908203125 6058.356568887419 4949
