10 0.1 549 0 549 549 0 0
20 0.1 2836.0 0.0 2836 549 549.0 1
30 0.1 5018.0 0.0 5018 549 1692.5 2
40 0.1 4508.0 0.0 5018 549 2801.0 3
50 0.1 3838.0 0.0 5018 549 3227.75 4
60 0.1 10007.0 0.0 10007 549 3349.8 5
70 0.1 4729.0 0.0 10007 549 4459.333333333333 6
80 0.1 3854.0 0.0 10007 549 4497.857142857143 7
90 0.1 3407.0 0.0 10007 549 4417.375 8
100 0.1 8173.0 0.0 10007 549 4305.111111111111 9
110 0.1 19508.0 0.0 19508 549 4691.9 10
120 0.1 6953.0 0.0 19508 549 6038.818181818182 11
130 0.1 4095.0 0.0 19508 549 6115.0 12
140 0.1 5197.0 0.0 19508 549 5959.615384615385 13
150 0.1 6451.0 0.0 19508 549 5905.142857142857 14
160 0.1 3563.0 0.0 19508 549 5941.533333333334 15
170 0.1 5607.0 0.0 19508 549 5792.875 16
180 0.1 3251.0 0.0 19508 549 5781.941176470588 17
190 0.1 4470.0 0.0 19508 549 5641.333333333333 18
200 0.1 5457.0 0.0 19508 549 5579.684210526316 19
210 0.1 3252.0 0.0 19508 549 5573.55 20
220 0.1 4260.0 0.0 19508 549 5463.0 21
230 0.1 2385.0 0.0 19508 549 5408.318181818182 22
240 0.1 396.0 0.0 19508 396 5276.869565217391 23
250 0.1 127.0 0.0 19508 127 5073.5 24
260 0.1 49.0 0.0 19508 49 4875.64 25
270 0.1 7.0 0.0 19508 7 4690.000000000001 26
280 0.1 2.0 0.0 19508 2 4516.555555555557 27
286 0.1 24.0 0.0 19508 2 4355.321428571429 28
