0 907.90703125 907.90703125
10 5533.68203125 6441.5890625
20 10055.240625 16496.8296875
30 7079.9796875 23576.809375
40 9748.9296875 33325.7390625
50 19376.7703125 52702.509375
60 9971.70859375 62674.21796875
70 8766.36953125 71440.5875
80 4337.77734375 75778.36484375
90 14066.75703125 89845.121875
100 38759.53125 128604.653125
110 8050.74921875 136655.40234375
120 12471.12421875 149126.5265625
130 9487.97421875 158614.50078125
140 7821.73125 166436.23203125
150 11074.52734375 177510.759375
160 9613.3171875 187124.0765625
170 8079.934375 195204.0109375
180 6154.23046875 201358.24140625
190 9474.7125 210832.95390625
200 7261.8015625 218094.75546875
210 5783.91484375 223878.6703125
220 10497.74609375 234376.41640625
230 699.90390625 235076.3203125
240 201.9640625 235278.284375
250 45.6 235323.884375
260 42.5828125 235366.4671875
270 0.784375 235367.2515625
280 20.50703125 235387.75859375
286 0.784375 235388.54296875
