0 6.39375 6.39375
10 21.46484375 27.85859375
20 36.765625 64.62421875
30 38.7953125 103.41953125
40 57.79609375 161.215625
50 89.72109375 250.93671875
60 57.33515625 308.271875
70 30.2390625 338.5109375
80 50.703125 389.2140625
90 89.04609375 478.26015625
100 240.09609375 718.35625
110 332.51796875 1050.87421875
120 319.40859375 1370.2828125
130 248.34375 1618.6265625
140 169.46640625 1788.09296875
150 130.45390625 1918.546875
160 114.52578125 2033.07265625
170 60.978125 2094.05078125
180 64.49765625 2158.5484375
190 58.00546875 2216.55390625
200 79.03203125 2295.5859375
210 20.99921875 2316.58515625
220 189.56015625 2506.1453125
230 71.9921875 2578.1375
240 27.1203125 2605.2578125
250 6.703125 2611.9609375
260 4.803125 2616.7640625
270 0.56875 2617.3328125
280 1.8328125 2619.165625
286 0.56875 2619.734375
