0 1 13.272900390625 34.046096024445006 114.886962890625 0.525146484375 0 0
10 1.2 0.7087809244791666 0.08784499691208235 114.886962890625 0.51318359375 13.272900390625 10
20 0.8 0.756591796875 0.12319761458648254 114.886962890625 0.51318359375 6.419744318181818 22
30 1.6 0.6733856201171875 0.0720485943348353 114.886962890625 0.51318359375 4.9095703125 30
40 2 0.70531005859375 0.07189688453045849 114.886962890625 0.51318359375 3.4361147673233696 46
50 2.2 0.7259965376420454 0.11644087146515333 114.886962890625 0.51318359375 2.6085981889204546 66
60 4 0.67047119140625 0.0711558259608752 114.886962890625 0.51318359375 2.137947776100852 88
70 4.9 0.7627501195790817 0.49272047636172805 114.886962890625 0.51318359375 1.6793613433837888 128
80 3.2 0.7939376831054688 0.7121512262210533 114.886962890625 0.510986328125 1.4256102136299433 177
90 5.5 0.790234375 0.537552626938815 114.886962890625 0.489013671875 1.3288948022577751 209
100 7.3 0.6848177975171235 0.18505086571830823 114.886962890625 0.489013671875 1.2166738799124053 264
110 7.5 0.7293294270833334 0.25318059533121373 114.886962890625 0.489013671875 1.1014646988594214 337
120 0.8 0.6602783203125 0.09676342045068151 114.886962890625 0.489013671875 1.0337216275409586 412
130 0 0 0 114.886962890625 0.489013671875 1.026608421688988 420
140 0 0 0 114.886962890625 0.489013671875 1.026608421688988 420
150 0 0 0 114.886962890625 0.489013671875 1.026608421688988 420
160 0 0 0 114.886962890625 0.489013671875 1.026608421688988 420
170 0 0 0 114.886962890625 0.489013671875 1.026608421688988 420
180 0 0 0 114.886962890625 0.489013671875 1.026608421688988 420
182 0 0 0 114.886962890625 0.489013671875 1.026608421688988 420
