0 0.1 2.6219453570499685 0 2.6219453570499685 2.6219453570499685 0 0
10 0.1 2.55653883972468 0.0 2.6219453570499685 2.55653883972468 2.6219453570499685 1
20 0.1 1.87192118226601 0.0 2.6219453570499685 1.87192118226601 2.5892420983873246 2
30 0.1 2.1696252465483234 0.0 2.6219453570499685 1.87192118226601 2.350135126346886 3
40 0.1 2.8515240904621435 0.0 2.8515240904621435 1.87192118226601 2.3050076563972453 4
50 0.1 3.2480314960629917 0.0 3.2480314960629917 1.87192118226601 2.414310943210225 5
60 0.1 3.2352941176470593 0.0 3.2480314960629917 1.87192118226601 2.5532643686856864 6
70 0.1 4.411764705882353 0.0 4.411764705882353 1.87192118226601 2.650697189965882 7
80 0.1 4.803921568627452 0.0 4.803921568627452 1.87192118226601 2.8708306294554413 8
90 0.1 4.500978473581213 0.0 4.803921568627452 1.87192118226601 3.0856185115856647 9
100 0.1 4.3095004897159646 0.0 4.803921568627452 1.87192118226601 3.2271545077852197 10
110 0.1 5.703048180924287 0.0 5.703048180924287 1.87192118226601 3.325549597051651 11
120 0.1 6.268364348677767 0.0 6.268364348677767 1.87192118226601 3.5236744790410373 12
130 0.1 4.105571847507331 0.0 6.268364348677767 1.87192118226601 3.734804469013093 13
140 0.1 2.949852507374631 0.0 6.268364348677767 1.87192118226601 3.7612878531912526 14
150 0.1 3.257650542941757 0.0 6.268364348677767 1.87192118226601 3.7071921634701446 15
160 0.1 3.330068560235064 0.0 6.268364348677767 1.87192118226601 3.67909581218712 16
170 0.1 2.649656526005888 0.0 6.268364348677767 1.87192118226601 3.658564797366411 17
180 0.1 3.23846908734053 0.0 6.268364348677767 1.87192118226601 3.6025143378463818 18
