0 0.1 0.078125 0 0.078125 0.078125 0 0
10 0.1 0.0703125 0.0 0.078125 0.0703125 0.078125 1
20 0.1 0.05859375 0.0 0.078125 0.05859375 0.07421875 2
30 0.1 0.05078125 0.0 0.078125 0.05078125 0.06901041666666667 3
40 0.1 0.0390625 0.0 0.078125 0.0390625 0.064453125 4
50 0.1 0.0390625 0.0 0.078125 0.0390625 0.059375 5
60 0.1 0.03125 0.0 0.078125 0.03125 0.055989583333333336 6
70 0.1 0.03125 0.0 0.078125 0.03125 0.052455357142857144 7
80 0.1 0.01953125 0.0 0.078125 0.01953125 0.0498046875 8
90 0.1 0.1015625 0.0 0.1015625 0.01953125 0.046440972222222224 9
100 0.1 0.078125 0.0 0.1015625 0.01953125 0.051953125 10
110 0.1 0.140625 0.0 0.140625 0.01953125 0.05433238636363636 11
120 0.1 0.12109375 0.0 0.140625 0.01953125 0.0615234375 12
130 0.1 0.1796875 0.0 0.1796875 0.01953125 0.06610576923076923 13
140 0.1 0.1484375 0.0 0.1796875 0.01953125 0.07421875 14
150 0.1 0.12890625 0.0 0.1796875 0.01953125 0.07916666666666666 15
160 0.1 0.109375 0.0 0.1796875 0.01953125 0.082275390625 16
170 0.1 0.08984375 0.0 0.1796875 0.01953125 0.08386948529411764 17
180 0.1 0.078125 0.0 0.1796875 0.01953125 0.0842013888888889 18
