0 1.8 20.62383355034722 28.84454051061705 126.318115234375 5.711181640625 0 0
10 2.9 301.4396214978448 1026.4006134037531 4320.358154296875 5.06298828125 20.62383355034722 18
20 3.3 743.0253536339962 1326.040699898347 4904.273193359375 5.06298828125 193.89314951795214 47
30 5.2 562.9207153320311 1514.2145151995169 5818.67919921875 5.06298828125 420.4101837158203 80
40 6.2 539.0379244896676 1454.3720978073657 5818.67919921875 5.06298828125 476.55069617069125 132
50 6.6 406.12465968276507 1201.437310224706 5818.67919921875 5.06298828125 496.5208413035599 194
60 8.8 516.505595814098 1175.7651479149754 6030.783935546875 5.06298828125 473.5741182767428 260
70 12.5 862.4093496093749 1578.722555713557 7874.333984375 5.06298828125 484.4303539758441 348
80 11.2 2353.3681248256144 2470.799012051603 9909.072021484375 5.06298828125 584.3190948937962 473
90 9.7 4234.020633658181 2084.202205734043 11071.762939453125 5.06298828125 923.0088237012553 585
100 15.2 3867.7074520713404 2525.416973433172 11071.762939453125 5.06298828125 1393.9298582552462 682
110 18.1 4147.800667947169 2919.1432018857863 13549.026123046875 0.76904296875 1844.7862062888748 834
120 7.8 6622.265624999999 2923.332345789496 13549.026123046875 0.76904296875 2255.471543786561 1015
130 5.4 12187.676310221354 1817.225588063233 17476.972900390625 0.76904296875 2567.1000326563217 1093
140 6.5 15313.445928485577 3244.4971847436823 25456.887939453125 0.76904296875 3020.0303892286943 1147
150 4.7 16263.127695935835 6197.231155120977 26389.343017578125 0.76904296875 3679.3307275551774 1212
160 5.7 15555.873201069078 4865.996989148329 27178.885986328125 0.76904296875 4149.099160846592 1259
170 10.2 8451.234925513178 7358.503816704971 27178.885986328125 0.76904296875 4643.1615622848 1316
180 0.6 7.147989908854167 0.8939750243242086 27178.885986328125 0.76904296875 4917.085034110819 1418
182 0 0 0 27178.885986328125 0.76904296875 4896.397097126822 1424
