10 0.1 651 0 651 651 0 0
20 0.1 2848.0 0.0 2848 651 651.0 1
30 0.1 4612.0 0.0 4612 651 1749.5 2
40 0.1 5598.0 0.0 5598 651 2703.6666666666665 3
50 0.1 5827.0 0.0 5827 651 3427.25 4
60 0.1 4386.0 0.0 5827 651 3907.2 5
70 0.1 8719.0 0.0 8719 651 3987.0 6
80 0.1 1.01e4 0.0 10100 651 4663.0 7
90 0.1 10788.0 0.0 10788 651 5342.625 8
100 0.1 8373.0 0.0 10788 651 5947.666666666667 9
110 0.1 11497.0 0.0 11497 651 6190.2 10
120 0.1 14138.0 0.0 14138 651 6672.636363636364 11
130 0.1 9165.0 0.0 14138 651 7294.75 12
140 0.1 6620.0 0.0 14138 651 7438.615384615385 13
150 0.1 7632.0 0.0 14138 651 7380.142857142857 14
160 0.1 7571.0 0.0 14138 651 7396.933333333333 15
170 0.1 4490.0 0.0 14138 651 7407.8125 16
180 0.1 6438.0 0.0 14138 651 7236.176470588235 17
