0 1.9 19.53042763157895 28.36598729110571 126.318115234375 5.711181640625 0 0
10 3.1 281.98423324092744 995.4956724619096 4320.358154296875 5.06298828125 19.53042763157895 19
20 3.5 700.5575334821428 1297.9649516348802 4904.273193359375 5.06298828125 182.251787109375 50
30 5.5 532.209130859375 1477.877477283149 5818.67919921875 5.06298828125 395.6718003216912 85
40 6.6 506.3616166548297 1415.4660188385978 5818.67919921875 5.06298828125 449.311465890067 140
50 7 382.91013881138394 1170.4034658760577 5818.67919921875 5.06298828125 467.58966953314626 206
60 9.7 468.57043079494184 1129.8702061794245 6030.783935546875 5.06298828125 446.11297695878625 276
70 13.5 828.6662109374998 1538.5336208955093 7874.333984375 5.06298828125 451.9531191092074 373
80 11.8 2205.9866198523564 2397.2871878539504 9909.072021484375 5.06298828125 552.0638817013718 508
90 10.6 3866.9702954562217 1869.8223785609418 11071.762939453125 5.06298828125 863.82567579373 626
100 15.5 3792.8461331275203 2522.7787347571943 11071.762939453125 5.06298828125 1298.707273722998 732
110 19.7 4024.6006169198126 2781.7471619602843 13549.026123046875 0.68701171875 1734.5489007891772 887
120 8.5 5806.264355468749 2708.226058784185 13549.026123046875 0.68701171875 2150.7298861007407 1084
130 6 11935.477567545575 1643.1913435977158 17476.972900390625 0.68701171875 2416.5300827613746 1169
140 8.1 14451.26722547743 2099.0362954363536 22098.614013671875 0.68701171875 2881.2468029298466 1229
150 5.5 11904.496546519886 2965.857316033027 22098.614013671875 0.68701171875 3596.6450122629412 1310
160 6.4 12919.280742645264 1941.9388065038947 22098.614013671875 0.68701171875 3931.393608881353 1365
170 10.4 7492.54493361253 6284.659487536197 22098.614013671875 0.68701171875 4333.930191499191 1429
180 0.6 7.147989908854167 0.8939750243242086 22098.614013671875 0.68701171875 4548.213252934147 1533
182 0 0 0 22098.614013671875 0.68701171875 4530.509294793698 1539
