10 0.1 356 0 356 356 0 0
20 0.1 1016.0 0.0 1016 356 356.0 1
30 0.1 2072.0 0.0 2072 356 686.0 2
40 0.1 2579.0 0.0 2579 356 1148.0 3
50 0.1 2715.0 0.0 2715 356 1505.75 4
60 0.1 2073.0 0.0 2715 356 1747.6 5
70 0.1 3250.0 0.0 3250 356 1801.8333333333333 6
80 0.1 3762.0 0.0 3762 356 2008.7142857142858 7
90 0.1 4144.0 0.0 4144 356 2227.875 8
100 0.1 3416.0 0.0 4144 356 2440.777777777778 9
110 0.1 4906.0 0.0 4906 356 2538.3 10
120 0.1 6064.0 0.0 6064 356 2753.5454545454545 11
130 0.1 3.2e3 0.0 6064 356 3029.4166666666665 12
140 0.1 2664.0 0.0 6064 356 3042.5384615384614 13
150 0.1 3160.0 0.0 6064 356 3015.5 14
160 0.1 3197.0 0.0 6064 356 3025.133333333333 15
170 0.1 1703.0 0.0 6064 356 3035.875 16
180 0.1 2932.0 0.0 6064 356 2957.470588235294 17
