0 0.7 1391.175013950893 2049.854212359967 6219.97900390625 22.06103515625 0 0
10 0.6 4110.895914713542 4104.259963317951 12500.159912109375 22.06103515625 1391.175013950893 7
20 0.8 9203.599090576172 6582.748120854931 22541.261962890625 22.06103515625 2646.4308143028848 13
30 1 9525.050830078126 6793.60674745217 22541.261962890625 22.06103515625 5144.3996814546135 21
40 1.6 9028.269973754883 6936.023963695743 24147.072021484375 22.06103515625 6557.5129552041335 31
50 2.5 8317.79150390625 7227.067809866624 26005.280029296875 22.06103515625 7398.621727476729 47
60 2.6 4533.039165790265 5276.383457872805 26005.280029296875 22.06103515625 7717.77789984809 72
70 2.9 8953.149060479525 9135.131953733764 38957.968994140625 22.06103515625 6872.847215302137 98
80 3.3 11146.171061197916 7255.885767214855 38957.968994140625 22.06103515625 7347.876770500123 127
90 2.7 13428.514838324652 9360.741734539279 38957.968994140625 22.06103515625 8131.274967956543 160
100 4.9 12482.394317004146 10755.496959184184 38957.968994140625 22.06103515625 8896.117088277073 187
110 3.4 18023.47109087776 14153.247484261079 45600.6259765625 22.06103515625 9640.725495936507 236
120 2.6 16274.306152343748 12804.281710252273 48684.072998046875 22.06103515625 10696.33049678096 270
130 1 35059.991528320315 9127.072403528233 48684.072998046875 22.06103515625 11186.287817877692 296
140 1.6 45941.51281738281 5577.575561899406 56592.055908203125 22.06103515625 11966.47421364379 306
150 1.5 53513.75556640625 6843.215223062901 74021.65405273438 22.06103515625 13654.674889605978 322
160 1.8 57232.32675509983 4326.418303104431 74021.65405273438 22.06103515625 15428.817946436851 337
170 5.7 64083.98966899671 5358.276603317588 85233.72607421875 22.06103515625 17548.432477580325 355
180 0.8 64935.25454711914 2437.3556327899564 85233.72607421875 22.06103515625 23986.604224936476 412
182 0 0 0 85233.72607421875 22.06103515625 24766.578516787573 420
