0 615.953125 615.953125
10 2412.44140625 3028.39453125
20 4974.68203125 8003.0765625
30 6543.34140625 14546.41796875
40 6684.6125 21231.03046875
50 4782.3984375 26013.42890625
60 6767.53046875 32780.959375
70 12995.22734375 45776.18671875
80 9906.471875 55682.65859375
90 10188.7734375 65871.43203125
100 11630.0734375 77501.50546875
110 16337.5453125 93839.05078125
120 8344.90625 102183.95703125
130 8724.2078125 110908.16484375
140 9158.109375 120066.27421875
150 5715.31171875 125781.5859375
160 7338.1328125 133119.71875
170 7759.04765625 140878.76640625
180 63.98984375 140942.75625
182 0 140942.75625
