0 5.0921875 5.0921875
10 8.6109375 13.703125
20 12.24921875 25.95234375
30 17.0265625 42.97890625
40 20.4828125 63.46171875
50 21.35625 84.81796875
60 33.175 117.99296875
70 47.359375 165.35234375
80 34.50234375 199.8546875
90 37.07421875 236.92890625
100 42.12734375 279.05625
110 57.82109375 336.87734375
120 42.4453125 379.32265625
130 23.1921875 402.51484375
140 24.08359375 426.5984375
150 22.309375 448.9078125
160 20.609375 469.5171875
170 18.62734375 488.14453125
180 2.4375 490.58203125
182 0 490.58203125
