0 0.1 2.1461366211477637 0 2.1461366211477637 2.1461366211477637 0 0
10 0.1 2.55653883972468 0.0 2.55653883972468 2.1461366211477637 2.1461366211477637 1
20 0.1 1.968503937007874 0.0 2.55653883972468 1.968503937007874 2.3513377304362217 2
30 0.1 1.7804154302670623 0.0 2.55653883972468 1.7804154302670623 2.2237264659601057 3
40 0.1 2.167487684729064 0.0 2.55653883972468 1.7804154302670623 2.112898707036845 4
50 0.1 2.455795677799607 0.0 2.55653883972468 1.7804154302670623 2.1238165025752886 5
60 0.1 3.353057199211045 0.0 3.353057199211045 1.7804154302670623 2.179146365112675 6
70 0.1 2.366863905325444 0.0 3.353057199211045 1.7804154302670623 2.3468479128410134 7
80 0.1 5.1080550098231825 0.0 5.1080550098231825 1.7804154302670623 2.3493499119015673 8
90 0.1 4.6078431372549025 0.0 5.1080550098231825 1.7804154302670623 2.6558727005595246 9
100 0.1 5.392156862745098 0.0 5.392156862745098 1.7804154302670623 2.8510697442290622 10
110 0.1 7.446808510638298 0.0 7.446808510638298 1.7804154302670623 3.082077664094156 11
120 0.1 7.766990291262135 0.0 7.766990291262135 1.7804154302670623 3.445805234639501 12
130 0.1 8.228460793804453 0.0 8.228460793804453 1.7804154302670623 3.7782040851489347 13
140 0.1 5.631067961165048 0.0 8.228460793804453 1.7804154302670623 4.0960795643386145 14
150 0.1 3.729146221786065 0.0 8.228460793804453 1.7804154302670623 4.198412124127043 15
160 0.1 3.6274509803921573 0.0 8.228460793804453 1.7804154302670623 4.169083005230732 16
170 0.1 3.842364532019704 0.0 8.228460793804453 1.7804154302670623 4.137222297887286 17
180 0.1 2.566633761105627 0.0 8.228460793804453 1.7804154302670623 4.120841310894643 18
190 0.1 3.532875368007851 0.0 8.228460793804453 1.7804154302670623 4.039040913537326 19
200 0.1 1.4749262536873156 0.0 8.228460793804453 1.4749262536873156 4.013732636260852 20
210 0.1 1.3806706114398422 0.0 8.228460793804453 1.3806706114398422 3.8928370942335406 21
