0 0.1 3160.73046875 0 3160.73046875 3160.73046875 0 0
10 0.1 3160.24609375 0.0 3160.73046875 3160.24609375 3160.73046875 1
20 0.1 3159.80078125 0.0 3160.73046875 3159.80078125 3160.48828125 2
30 0.1 3158.6953125 0.0 3160.73046875 3158.6953125 3160.2591145833335 3
40 0.1 3157.85546875 0.0 3160.73046875 3157.85546875 3159.8681640625 4
50 0.1 3156.53515625 0.0 3160.73046875 3156.53515625 3159.465625 5
60 0.1 3154.58984375 0.0 3160.73046875 3154.58984375 3158.9772135416665 6
70 0.1 3152.92578125 0.0 3160.73046875 3152.92578125 3158.3504464285716 7
80 0.1 3146.94921875 0.0 3160.73046875 3146.94921875 3157.67236328125 8
90 0.1 3143.6328125 0.0 3160.73046875 3143.6328125 3156.480902777778 9
100 0.1 3142.33984375 0.0 3160.73046875 3142.33984375 3155.19609375 10
110 0.1 3141.52734375 0.0 3160.73046875 3141.52734375 3154.02734375 11
120 0.1 3139.78515625 0.0 3160.73046875 3139.78515625 3152.9856770833335 12
130 0.1 3138.5703125 0.0 3160.73046875 3138.5703125 3151.970252403846 13
140 0.1 3138.2265625 0.0 3160.73046875 3138.2265625 3151.013113839286 14
150 0.1 3138.02734375 0.0 3160.73046875 3138.02734375 3150.160677083333 15
160 0.1 3138.0703125 0.0 3160.73046875 3138.02734375 3149.40234375 16
170 0.1 3137.93359375 0.0 3160.73046875 3137.93359375 3148.7357536764707 17
180 0.1 3137.73046875 0.0 3160.73046875 3137.73046875 3148.1356336805557 18
190 0.1 3137.59375 0.0 3160.73046875 3137.59375 3147.5879934210525 19
200 0.1 3138.0625 0.0 3160.73046875 3137.59375 3147.08828125 20
210 0.1 3141.30859375 0.0 3160.73046875 3137.59375 3146.6584821428573 21
