0 0.1 0.0 0 0.0 0.0 0 0
10 0.1 0.0 0.0 0.0 0.0 0.0 1
20 0.1 0.0 0.0 0.0 0.0 0.0 2
30 0.1 0.0 0.0 0.0 0.0 0.0 3
40 0.1 0.078125 0.0 0.078125 0.0 0.0 4
50 0.1 0.140625 0.0 0.140625 0.0 0.015625 5
60 0.1 0.19921875 0.0 0.19921875 0.0 0.036458333333333336 6
70 0.1 0.171875 0.0 0.19921875 0.0 0.05970982142857143 7
80 0.1 0.140625 0.0 0.19921875 0.0 0.07373046875 8
90 0.1 0.12109375 0.0 0.19921875 0.0 0.08116319444444445 9
100 0.1 0.1015625 0.0 0.19921875 0.0 0.08515625 10
110 0.1 0.08984375 0.0 0.19921875 0.0 0.08664772727272728 11
120 0.1 0.1484375 0.0 0.19921875 0.0 0.0869140625 12
130 0.1 0.12890625 0.0 0.19921875 0.0 0.09164663461538461 13
140 0.1 0.109375 0.0 0.19921875 0.0 0.09430803571428571 14
150 0.1 0.08984375 0.0 0.19921875 0.0 0.0953125 15
160 0.1 0.078125 0.0 0.19921875 0.0 0.094970703125 16
170 0.1 0.0703125 0.0 0.19921875 0.0 0.0939797794117647 17
180 0.1 0.05859375 0.0 0.19921875 0.0 0.09266493055555555 18
190 0.1 0.05078125 0.0 0.19921875 0.0 0.09087171052631579 19
200 0.1 0.0390625 0.0 0.19921875 0.0 0.0888671875 20
210 0.1 0.03125 0.0 0.19921875 0.0 0.08649553571428571 21
