0 5.134375 5.134375
10 11.06875 16.203125
20 20.5796875 36.7828125
30 17.57890625 54.36171875
40 25.11640625 79.478125
50 24.10546875 103.58359375
60 25.83125 129.41484375
70 44.96875 174.38359375
80 60.34765625 234.73125
90 107.1046875 341.8359375
100 155.14296875 496.97890625
110 156.4125 653.39140625
120 170.49609375 823.8875
130 150.05703125 973.94453125
140 111.88515625 1085.8296875
150 68.82421875 1154.65390625
160 71.09453125 1225.7484375
170 54.7203125 1280.46875
180 60.03359375 1340.50234375
190 33.93046875 1374.4328125
200 10.24609375 1384.67890625
210 2.73125 1387.41015625
212 0.41796875 1387.828125
