0 1.1 11.367453835227273 33.24375169143971 116.4931640625 0.72900390625 0 0
10 0.6 0.8504638671875 0.11287975412934298 116.4931640625 0.6708984375 11.367453835227273 11
20 1 0.886474609375 0.07684583591455042 116.4931640625 0.6708984375 7.655575022977941 17
30 1.1 1.6490367542613635 2.303387553286319 116.4931640625 0.6708984375 5.148500795717593 27
40 2 1.02152099609375 0.747310015650588 116.4931640625 0.6708984375 4.135498046875 38
50 1.6 0.8660430908203125 0.08915390539036351 116.4931640625 0.6708984375 3.061712856950431 58
60 3.4 1.1058493221507353 1.3645494840729988 116.4931640625 0.6708984375 2.5869734480574325 74
70 4.4 0.81976318359375 0.20346659584117868 116.4931640625 0.623046875 2.120693630642361 108
80 4.3 0.8365620457848837 0.1103121168951312 116.4931640625 0.623046875 1.7441085012335527 152
90 5.4 0.8278040002893519 0.17705831677669598 116.4931640625 0.623046875 1.5439828725961537 195
100 6.6 0.8054495146780303 0.1681603515178563 116.4931640625 0.623046875 1.3886669725778114 249
110 7.7 0.8376116071428571 0.37090822165066356 116.4931640625 0.580078125 1.266469029017857 315
120 1.9 0.8025416324013158 0.08504100901813855 116.4931640625 0.580078125 1.1822291782924108 392
130 0 0 0 116.4931640625 0.580078125 1.164676712667275 411
140 0 0 0 116.4931640625 0.580078125 1.164676712667275 411
150 0 0 0 116.4931640625 0.580078125 1.164676712667275 411
160 0 0 0 116.4931640625 0.580078125 1.164676712667275 411
170 0 0 0 116.4931640625 0.580078125 1.164676712667275 411
180 0.1 0.892822265625 0.0 116.4931640625 0.580078125 1.164676712667275 411
184 0 0 0 116.4931640625 0.580078125 1.1640168717763957 412
