0 0.1 1.721099015033696 0 1.721099015033696 1.721099015033696 0 0
10 0.1 2.6522593320235757 0.0 2.6522593320235757 1.721099015033696 1.721099015033696 1
20 0.1 1.8682399213372665 0.0 2.6522593320235757 1.721099015033696 2.1866791735286357 2
30 0.1 2.1589793915603535 0.0 2.6522593320235757 1.721099015033696 2.080532756131513 3
40 0.1 1.966568338249754 0.0 2.6522593320235757 1.721099015033696 2.1001444149887227 4
50 0.1 2.066929133858268 0.0 2.6522593320235757 1.721099015033696 2.073429199640929 5
60 0.1 2.3645320197044337 0.0 2.6522593320235757 1.721099015033696 2.0723458553438188 6
70 0.1 3.43811394891945 0.0 3.43811394891945 1.721099015033696 2.114086735966764 7
80 0.1 3.9408866995073892 0.0 3.9408866995073892 1.721099015033696 2.2795901375858496 8
90 0.1 4.424778761061947 0.0 4.424778761061947 1.721099015033696 2.4641786444660205 9
100 0.1 5.216535433070866 0.0 5.216535433070866 1.721099015033696 2.660238656125613 10
110 0.1 6.457925636007827 0.0 6.457925636007827 1.721099015033696 2.892629272211545 11
120 0.1 6.286836935166994 0.0 6.457925636007827 1.721099015033696 3.1897373025279023 12
130 0.1 4.19921875 0.0 6.457925636007827 1.721099015033696 3.4279757358078324 13
140 0.1 2.0689655172413794 0.0 6.457925636007827 1.721099015033696 3.4830645225358445 14
150 0.1 1.5763546798029555 0.0 6.457925636007827 1.5763546798029555 3.3887912555162134 15
160 0.1 1.0826771653543308 0.0 6.457925636007827 1.0826771653543308 3.275513969534135 16
170 0.1 1.1822660098522169 0.0 6.457925636007827 1.0826771653543308 3.1465235692882643 17
180 0.1 1.083743842364532 0.0 6.457925636007827 1.0826771653543308 3.0373981493195945 18
184 0.1 1.0848126232741617 0.0 6.457925636007827 1.0826771653543308 2.934574238427223 19
