0 0.1 0.12109375 0 0.12109375 0.12109375 0 0
10 0.1 0.109375 0.0 0.12109375 0.109375 0.12109375 1
20 0.1 0.08984375 0.0 0.12109375 0.08984375 0.115234375 2
30 0.1 0.078125 0.0 0.12109375 0.078125 0.10677083333333333 3
40 0.1 0.05859375 0.0 0.12109375 0.05859375 0.099609375 4
50 0.1 0.05078125 0.0 0.12109375 0.05078125 0.09140625 5
60 0.1 0.05078125 0.0 0.12109375 0.05078125 0.08463541666666667 6
70 0.1 0.0390625 0.0 0.12109375 0.0390625 0.07979910714285714 7
80 0.1 0.03125 0.0 0.12109375 0.03125 0.07470703125 8
90 0.1 0.03125 0.0 0.12109375 0.03125 0.06987847222222222 9
100 0.1 0.01953125 0.0 0.12109375 0.01953125 0.066015625 10
110 0.1 0.01953125 0.0 0.12109375 0.01953125 0.06178977272727273 11
120 0.1 0.01953125 0.0 0.12109375 0.01953125 0.058268229166666664 12
130 0.1 0.01171875 0.0 0.12109375 0.01171875 0.055288461538461536 13
140 0.1 0.01171875 0.0 0.12109375 0.01171875 0.05217633928571429 14
150 0.1 0.01171875 0.0 0.12109375 0.01171875 0.049479166666666664 15
160 0.1 0.01171875 0.0 0.12109375 0.01171875 0.047119140625 16
170 0.1 0.01171875 0.0 0.12109375 0.01171875 0.04503676470588235 17
180 0.1 0.01171875 0.0 0.12109375 0.01171875 0.04318576388888889 18
184 0.1 0.01171875 0.0 0.12109375 0.01171875 0.041529605263157895 19
