10 0.1 905 0 905 905 0 0
20 0.1 890.0 0.0 905 890 905.0 1
30 0.1 988.0 0.0 988 890 897.5 2
40 0.1 1260.0 0.0 1260 890 927.6666666666666 3
50 0.1 1810.0 0.0 1810 890 1010.75 4
60 0.1 2131.0 0.0 2131 890 1170.6 5
70 0.1 4002.0 0.0 4002 890 1330.6666666666667 6
80 0.1 4953.0 0.0 4953 890 1712.2857142857142 7
90 0.1 5267.0 0.0 5267 890 2117.375 8
100 0.1 7805.0 0.0 7805 890 2467.3333333333335 9
110 0.1 8973.0 0.0 8973 890 3001.1 10
120 0.1 8798.0 0.0 8973 890 3544.0 11
130 0.1 2827.0 0.0 8973 890 3981.8333333333335 12
140 0.1 614.0 0.0 8973 614 3893.0 13
150 0.1 342.0 0.0 8973 342 3658.785714285714 14
160 0.1 49.0 0.0 8973 49 3437.6666666666665 15
170 0.1 6.0 0.0 8973 6 3225.875 16
180 0.1 2.0 0.0 8973 2 3036.470588235294 17
184 0.1 32.0 0.0 8973 2 2867.8888888888887 18
