0 3.1 16.207094254032263 22.846297412652195 136.10791015625 6.989990234375 0 0
10 3.6 10.079813639322916 3.366270379692361 136.10791015625 6.989990234375 16.207094254032263 31
20 5.6 10.260746547154017 3.8127596383417064 136.10791015625 6.781982421875 12.914824072994406 67
30 5.1 10.770483877144608 5.173179025540114 136.10791015625 6.154052734375 11.706463573424799 123
40 8.4 11.699172247023807 6.262522976610372 136.10791015625 6.154052734375 11.43212469692888 174
50 9.9 9.742552477904042 3.97649018449994 136.10791015625 5.85498046875 11.519070410913276 258
60 13.4 12.261603967467352 7.336906437432676 136.10791015625 5.72802734375 11.026422580751051 357
70 24.2 11.674086389462808 6.8812850898808176 136.10791015625 5.537841796875 11.3635189266166 491
80 21.9 11.904403895547945 6.695217615451529 136.10791015625 5.537841796875 11.466052795659959 733
90 27.5 16.438182705965907 19.0897020725139 145.528076171875 5.537841796875 11.566891966747637 952
100 37 14.14443689294763 8.987163840911617 145.528076171875 5.537841796875 12.65866454481204 1227
110 35.3 13.884804355524079 9.850534260707121 145.528076171875 5.537841796875 13.002894832107074 1597
120 32 11.356677246093746 7.059405226962537 145.528076171875 5.537841796875 13.162543068910255 1950
130 11.5 8.060763417119563 1.9872739092073748 145.528076171875 5.416015625 12.907971675385461 2270
140 5.8 8.757610452586205 2.5032627581070956 145.528076171875 5.416015625 12.674248845322326 2385
150 1 8.250732421875 1.1545911178317263 145.528076171875 5.416015625 12.581262751675705 2443
160 0.3 9.442301432291666 1.8456642680532347 145.528076171875 5.416015625 12.563608734839992 2453
170 0 0 0 145.528076171875 5.416015625 12.559796063053492 2456
180 0.4 8.43438720703125 0.8059806687145012 145.528076171875 5.416015625 12.559796063053492 2456
184 0 0 0 145.528076171875 5.416015625 12.553088081173781 2460
