0 0.2 4251.1619873046875 105.2608642578125 4356.4228515625 4145.901123046875 0 0
10 0.5 9853.49443359375 2735.5214538498017 12602.285888671875 4145.901123046875 4251.1619873046875 2
20 0.8 11787.675262451172 5155.315694139906 17847.760986328125 3435.475830078125 8252.828020368304 7
30 0.9 12299.796468098959 8820.32379981814 33704.762939453125 3042.322998046875 10138.0798828125 15
40 1 12459.15205078125 4045.182942536547 33704.762939453125 3042.322998046875 10948.723602294922 24
50 1.6 13151.283386230469 6560.383840913026 33704.762939453125 3042.322998046875 11392.96726361443 34
60 1.6 13931.374114990234 7865.452036470347 33704.762939453125 2886.7939453125 11955.628422851563 50
70 3.3 11959.24601236979 7748.21509715707 33704.762939453125 1827.5859375 12434.597075491241 66
80 3.4 11479.690831801468 6617.017017484467 34879.22607421875 1827.5859375 12276.146721117424 99
90 4.3 15432.84401685138 8221.176891926083 37680.8818359375 1827.5859375 12072.541456179511 133
100 5.7 12755.253931949013 7446.863127460423 37680.8818359375 1827.5859375 12893.524468161842 176
110 5.1 14554.297751034008 10863.378063740962 69044.873046875 1827.5859375 12859.698628830807 233
120 6.4 14684.801670074463 7832.1934724342955 69044.873046875 1827.5859375 13164.010443029269 284
130 3.8 18819.74212967722 8124.321628965707 69044.873046875 1827.5859375 13443.696185934132 348
140 1.8 31338.067857530383 6857.007083207961 69044.873046875 1827.5859375 13972.944232209358 386
150 0.3 49188.609619140625 6498.50931060691 69044.873046875 1827.5859375 14746.637859080098 404
160 0.2 54577.300537109375 3340.2734375 69044.873046875 1827.5859375 15000.509886795531 407
170 0 0 0 69044.873046875 1827.5859375 15194.039425427873 409
180 0.1 70680.57495117188 0.0 70680.57495117188 1827.5859375 15194.039425427873 409
184 0 0 0 70680.57495117188 1827.5859375 15329.372438905297 410
