0 929.95078125 929.95078125
10 651.128125 1581.07890625
20 1031.69765625 2612.7765625
30 1056.26015625 3669.03671875
40 1958.38125 5627.41796875
50 1822.53828125 7449.95625
60 3381.0265625 10830.9828125
70 5191.46171875 16022.44453125
80 5022.82890625 21045.2734375
90 6499.8765625 27545.15
100 8861.98671875 36407.13671875
110 9397.58359375 45804.7203125
120 3902.59296875 49707.31328125
130 423.7921875 50131.10546875
140 268.47578125 50399.58125
150 19.63984375 50419.22109375
160 0.23515625 50419.45625
170 0 50419.45625
180 19.165625 50438.621875
184 0 50438.621875
