0 0.4 30.60601806640625 50.269071669029884 117.6728515625 1.280029296875 0 0
10 1.4 1.5402134486607142 0.39927838310240005 117.6728515625 1.163818359375 30.60601806640625 4
20 1.2 1.5834147135416667 0.5058818535574701 117.6728515625 1.066162109375 7.999281141493055 18
30 2.4 2.2571004231770835 2.694729920711331 117.6728515625 0.928955078125 5.4329345703125 30
40 2.6 2.1907207782451925 2.1054183999880633 117.6728515625 0.928955078125 4.021452727141203 54
50 1 1.89423828125 1.4105159598728512 117.6728515625 0.928955078125 3.42646484375 80
60 2.9 1.6459455818965518 0.48998690331336214 117.6728515625 0.928955078125 3.256217447916667 90
70 3.2 1.5122299194335938 0.40725661406735136 117.6728515625 0.928955078125 2.8637982536764706 119
80 5.4 1.7612892433449074 1.1663551670986223 117.6728515625 0.887939453125 2.5773731762210264 151
90 6.9 1.974174167798913 2.768554201337165 117.6728515625 0.887939453125 2.362404725609756 205
100 7.5 1.7115852864583336 2.466655736705689 117.6728515625 0.8662109375 2.2646386362340327 274
110 7.2 1.5135362413194444 0.44594005307323287 117.6728515625 0.8662109375 2.1457876298352434 349
120 0.5 1.31005859375 0.32898389031295927 117.6728515625 0.8662109375 2.0376591263361044 421
130 0 0 0 117.6728515625 0.8662109375 2.029119213981807 426
140 0 0 0 117.6728515625 0.8662109375 2.029119213981807 426
150 0 0 0 117.6728515625 0.8662109375 2.029119213981807 426
157 0 0 0 117.6728515625 0.8662109375 2.029119213981807 426
