0 0.1 0.390625 0 0.390625 0.390625 0 0
10 0.1 0.328125 0.0 0.390625 0.328125 0.390625 1
20 0.1 0.28125 0.0 0.390625 0.28125 0.359375 2
30 0.1 0.30078125 0.0 0.390625 0.28125 0.3333333333333333 3
40 0.1 0.25 0.0 0.390625 0.25 0.3251953125 4
50 0.1 0.21875 0.0 0.390625 0.21875 0.31015625 5
60 0.1 0.1796875 0.0 0.390625 0.1796875 0.294921875 6
70 0.1 0.1484375 0.0 0.390625 0.1484375 0.27845982142857145 7
80 0.1 0.12890625 0.0 0.390625 0.12890625 0.26220703125 8
90 0.1 0.109375 0.0 0.390625 0.109375 0.24739583333333334 9
100 0.1 0.08984375 0.0 0.390625 0.08984375 0.23359375 10
110 0.1 0.078125 0.0 0.390625 0.078125 0.22052556818181818 11
120 0.1 0.0703125 0.0 0.390625 0.0703125 0.20865885416666666 12
130 0.1 0.05859375 0.0 0.390625 0.05859375 0.19801682692307693 13
140 0.1 0.05078125 0.0 0.390625 0.05078125 0.18805803571428573 14
150 0.1 0.0390625 0.0 0.390625 0.0390625 0.17890625 15
157 0.1 0.03125 0.0 0.390625 0.03125 0.170166015625 16
