0 0.6 33.5555419921875 44.43916308897501 132.87109375 11.824951171875 0 0
10 3.7 14.688232421875 5.114250680507929 132.87109375 9.741943359375 33.5555419921875 6
20 6.4 16.440155029296875 5.8422689501405705 132.87109375 9.2470703125 17.320880268895348 43
30 8.6 16.807974881904077 6.321817793119628 132.87109375 9.2470703125 16.794091340537385 107
40 11.1 16.389232738597975 6.1703170933549485 132.87109375 8.464111328125 16.800277789022026 193
50 8.5 17.125709443933818 6.816356300840811 132.87109375 8.464111328125 16.65019226074219 304
60 10.3 17.482052108616504 12.738307194810586 132.87109375 8.4599609375 16.7540970437018 389
70 13.1 16.7542845747853 5.81960083533562 132.87109375 8.4599609375 16.906494140625 492
80 21.1 16.573733939943715 5.563266050018252 132.87109375 8.4599609375 16.87448859788824 623
90 29.9 17.093058404316487 5.901805191921064 132.87109375 8.4599609375 16.798398390662467 834
100 33.4 17.33573721697231 6.608748142076567 132.87109375 8.4599609375 16.876159506357567 1133
110 33.4 18.667624467861174 7.452838570045418 132.87109375 8.3427734375 16.98079410441164 1467
120 21.1 18.495009580494667 6.782479104676604 132.87109375 8.3427734375 17.293621056878127 1801
130 7.3 18.289574191994866 6.23586481287823 132.87109375 8.3427734375 17.41961160284388 2012
140 3.3 19.257664535984848 6.355839948810647 132.87109375 8.3427734375 17.45007072467027 2085
150 0.7 16.090262276785715 4.837681500908877 132.87109375 8.3427734375 17.47823436762276 2118
157 0.5 16.06474609375 4.298334666956122 132.87109375 8.3427734375 17.47366222426471 2125
