10 0.1 169 0 169 169 0 0
20 0.1 720.0 0.0 720 169 169.0 1
30 0.1 710.0 0.0 720 169 444.5 2
40 0.1 1513.0 0.0 1513 169 533.0 3
50 0.1 1612.0 0.0 1612 169 778.0 4
60 0.1 958.0 0.0 1612 169 944.8 5
70 0.1 1895.0 0.0 1895 169 947.0 6
80 0.1 2343.0 0.0 2343 169 1082.4285714285713 7
90 0.1 3968.0 0.0 3968 169 1240.0 8
100 0.1 5802.0 0.0 5802 169 1543.111111111111 9
110 0.1 6750.0 0.0 6750 169 1969.0 10
120 0.1 6706.0 0.0 6750 169 2403.6363636363635 11
130 0.1 1293.0 0.0 6750 169 2762.1666666666665 12
140 0.1 424.0 0.0 6750 169 2649.153846153846 13
150 0.1 123.0 0.0 6750 123 2490.214285714286 14
157 0.1 71.0 0.0 6750 71 2332.4 15
