0 0.6 33.5555419921875 44.43916308897501 132.87109375 11.824951171875 0 0
10 4.2 12.92317127046131 2.419438717100932 132.87109375 9.741943359375 33.5555419921875 6
20 7.6 13.823341771175986 3.5161411506990037 132.87109375 9.2470703125 15.502217610677084 48
30 10.2 14.149983723958334 3.983808380564633 132.87109375 9.2470703125 14.473229192918346 124
40 13.2 13.76129150390625 3.8412040894954083 132.87109375 8.464111328125 14.327339644980642 226
50 10.4 13.97417978140024 3.9039903505661955 132.87109375 8.464111328125 14.118629157210195 358
60 12.1 14.862403554364665 10.121154180757683 132.87109375 8.4599609375 14.086112414603626 462
70 15.6 14.048209948417467 3.4127561350800586 132.87109375 8.4599609375 14.247229443610635 583
80 25 13.967822265625 3.399692370718676 132.87109375 8.4599609375 14.205217209172023 739
90 35.3 14.456536052584985 4.096255778218348 132.87109375 8.4599609375 14.145208376121714 989
100 39.7 14.563830781643578 4.77904755176354 132.87109375 8.4599609375 14.22710008237472 1342
110 40 15.565496215820312 6.090174334428692 132.87109375 8.3427734375 14.303973048222757 1739
120 26.6 14.646196178923873 3.835812422568407 132.87109375 8.3427734375 14.539882008970313 2139
130 9.4 14.17679417386968 2.7287586657902327 132.87109375 8.3427734375 14.55164066560551 2405
140 4.2 15.101800827752976 3.3729040621682254 132.87109375 8.3427734375 14.537540797569028 2499
150 0.9 12.48562282986111 1.8999177526093773 132.87109375 8.3427734375 14.546867409638184 2541
157 0.6 13.366455078125 2.7792694526511568 132.87109375 8.3427734375 14.539592428768382 2550
