10 0.1 136 0 136 136 0 0
20 0.1 563.0 0.0 563 136 136.0 1
30 0.1 557.0 0.0 563 136 349.5 2
40 0.1 1115.0 0.0 1115 136 418.6666666666667 3
50 0.1 1208.0 0.0 1208 136 592.75 4
60 0.1 734.0 0.0 1208 136 715.8 5
70 0.1 1394.0 0.0 1394 136 718.8333333333334 6
80 0.1 1674.0 0.0 1674 136 815.2857142857143 7
90 0.1 2680.0 0.0 2680 136 922.625 8
100 0.1 3905.0 0.0 3905 136 1117.888888888889 9
110 0.1 4553.0 0.0 4553 136 1396.6 10
120 0.1 4398.0 0.0 4553 136 1683.5454545454545 11
130 0.1 1102.0 0.0 4553 136 1909.75 12
140 0.1 349.0 0.0 4553 136 1847.6153846153845 13
150 0.1 122.0 0.0 4553 122 1740.5714285714287 14
157 0.1 55.0 0.0 4553 55 1632.6666666666667 15
