10 0.2 7887.8460693359375 371.9949951171875 8259.841064453125 7515.85107421875 0 0
20 1.2 10711.813110351563 4366.052315751832 23978.1259765625 6305.679931640625 7887.8460693359375 2
30 1.4 14622.606916155133 6308.091593066007 26582.366943359375 2511.218994140625 10308.38924734933 14
40 1.6 12777.154312133789 6804.5430923696185 29073.369873046875 2079.402099609375 12465.498081752232 28
50 2.5 12345.828212890625 5216.453935895359 29073.369873046875 2079.402099609375 12578.827620072798 44
60 1.5 15095.724593098957 8058.121522706548 30019.60400390625 2079.402099609375 12494.407545006794 69
70 2.3 13464.021824048914 9073.366635805627 40630.58203125 2079.402099609375 12958.928446451822 84
80 2.8 14805.947719029018 9377.452735129382 46059.302978515625 2079.402099609375 13067.499920140917 107
90 6.1 12323.135530065318 8242.961208868284 46059.302978515625 2079.402099609375 13428.066871021412 135
100 5.4 11633.617852105035 6803.466483281586 46059.302978515625 1890.721923828125 13084.185178172831 196
110 6.3 13720.200179811507 7522.107825983068 46059.302978515625 1890.721923828125 12770.862635742187 250
120 6.4 15850.236904144285 9644.542924348068 50835.906005859375 1890.721923828125 12961.94335547499 313
130 3 22391.485367838537 8977.272380819926 50835.906005859375 1890.721923828125 13452.263745700016 377
140 1.3 32235.735201322117 7861.333431797978 50835.906005859375 1890.721923828125 14111.174430378533 407
150 0.4 48644.42449951172 8024.787469296051 59210.30517578125 1890.721923828125 14672.172739955357 420
157 0.2 53164.95397949219 10584.694946289063 63749.64892578125 1890.721923828125 14992.665681083246 424
