0 1.3 10.787616436298077 32.05100523068266 121.806884765625 1.09716796875 0 0
10 1 1.5961181640625 0.41905760853961416 121.806884765625 1.09716796875 10.787616436298077 13
20 0.5 1.439599609375 0.3751809510119048 121.806884765625 1.09716796875 6.791312839673913 23
30 1.2 1.6749674479166667 0.4737007573038904 121.806884765625 1.09716796875 5.835649762834821 28
40 1.5 1.9173828125 1.0334400188583377 121.806884765625 0.949951171875 4.587445068359375 40
50 1.7 2.08935546875 1.6049182734863876 121.806884765625 0.876953125 3.859246271306818 55
60 3.1 2.650548135080645 4.877001052957978 121.806884765625 0.876953125 3.4413553873697915 72
70 3.6 3.8468560112847223 12.93660287395819 121.806884765625 0.876953125 3.203345437651699 103
80 4.6 1.9411408797554348 2.6508388740110145 121.806884765625 0.876953125 3.37001004665018 139
90 7.6 1.727002595600329 0.8442672516151228 121.806884765625 0.876953125 3.014723659206081 185
100 6.6 1.6673103101325757 1.0484310871007014 121.806884765625 0.8701171875 2.6397550736350577 261
110 7.3 1.496986702696918 0.5367457943807991 121.806884765625 0.8701171875 2.443481818616208 327
120 15.6 1.6767875475761211 2.3028586302350758 121.806884765625 0.8701171875 2.2707464599609377 400
130 16 1.436334228515625 0.7936289857196733 121.806884765625 0.8701171875 2.10409611763714 556
140 13.7 1.5104891366332116 0.7460898479154566 121.806884765625 0.8701171875 1.9548755837552374 716
150 30.5 1.458475281762295 1.0541559250951622 121.806884765625 0.868896484375 1.8835028484026963 853
160 31.2 1.4412207970252406 0.9754850387701635 121.806884765625 0.81298828125 1.7715569003670122 1158
170 32.7 1.3954898939220175 0.6840235234822316 121.806884765625 0.800048828125 1.7014447478210033 1470
180 58.1 1.501682931502798 1.7616112889139712 121.806884765625 0.79296875 1.6457701583802864 1797
190 62.8 1.3481526951880973 0.8058879136973126 121.806884765625 0.787841796875 1.610566340543524 2378
200 67.5 1.6204940682870363 1.4051470914019197 121.806884765625 0.787841796875 1.555744062006196 3006
210 104.9 1.6376766935772162 1.6877859671494297 121.806884765625 0.760009765625 1.56761753504058 3681
220 120.9 1.575198139604012 1.4901125602644416 121.806884765625 0.760009765625 1.5831549678746035 4730
230 131.9 1.4534359600075824 1.1607253822758374 121.806884765625 0.760009765625 1.5815351993312217 5939
240 206.8 2.041508864618592 3.2270248249723332 121.806884765625 0.738037109375 1.5582556599721862 7258
250 228.4 1.9367046189182886 2.242553279496199 121.806884765625 0.738037109375 1.6654149594798815 9326
260 224.4 2.388681884330437 21.23156999776601 1000.535888671875 0.738037109375 1.71878494932978 11610
270 314.1 3.6735618321692924 18.348542149170687 1006.239990234375 0.718017578125 1.8272914255923376 13854
280 324.5 3.3212082591005383 3.7560508227844847 1006.239990234375 0.578125 2.1685173948220062 16995
290 332.6 3.3346572664941005 3.910566908900102 1006.239990234375 0.578125 2.353323810562314 20240
300 53.6 3.574948894443797 4.070457731827167 1006.239990234375 0.578125 2.4918248321370036 23566
307 0 0 0 1006.239990234375 0.578125 2.5159122314149243 24102
