0 0.1 0.0390625 0 0.0390625 0.0390625 0 0
10 0.1 0.37890625 0.0 0.37890625 0.0390625 0.0390625 1
20 0.1 0.3203125 0.0 0.37890625 0.0390625 0.208984375 2
30 0.1 0.26953125 0.0 0.37890625 0.0390625 0.24609375 3
40 0.1 0.23046875 0.0 0.37890625 0.0390625 0.251953125 4
50 0.1 0.19140625 0.0 0.37890625 0.0390625 0.24765625 5
60 0.1 0.16015625 0.0 0.37890625 0.0390625 0.23828125 6
70 0.1 0.140625 0.0 0.37890625 0.0390625 0.22712053571428573 7
80 0.1 0.12109375 0.0 0.37890625 0.0390625 0.21630859375 8
90 0.1 0.1015625 0.0 0.37890625 0.0390625 0.20572916666666666 9
100 0.1 0.078125 0.0 0.37890625 0.0390625 0.1953125 10
110 0.1 0.0703125 0.0 0.37890625 0.0390625 0.1846590909090909 11
120 0.1 0.05859375 0.0 0.37890625 0.0390625 0.17513020833333334 12
130 0.1 0.05078125 0.0 0.37890625 0.0390625 0.1661658653846154 13
140 0.1 0.0390625 0.0 0.37890625 0.0390625 0.15792410714285715 14
150 0.1 0.0390625 0.0 0.37890625 0.0390625 0.15 15
160 0.1 0.03125 0.0 0.37890625 0.03125 0.14306640625 16
170 0.1 0.03125 0.0 0.37890625 0.03125 0.13648897058823528 17
180 0.1 0.01953125 0.0 0.37890625 0.01953125 0.1306423611111111 18
190 0.1 0.01953125 0.0 0.37890625 0.01953125 0.12479440789473684 19
200 0.1 0.01953125 0.0 0.37890625 0.01953125 0.11953125 20
210 0.1 0.01171875 0.0 0.37890625 0.01171875 0.11476934523809523 21
220 0.1 0.08984375 0.0 0.37890625 0.01171875 0.11008522727272728 22
230 0.1 0.078125 0.0 0.37890625 0.01171875 0.10920516304347826 23
240 0.1 0.21875 0.0 0.37890625 0.01171875 0.10791015625 24
250 0.1 0.33984375 0.0 0.37890625 0.01171875 0.11234375 25
260 0.1 0.359375 0.0 0.37890625 0.01171875 0.12109375 26
270 0.1 0.4609375 0.0 0.4609375 0.01171875 0.12991898148148148 27
280 0.1 0.5390625 0.0 0.5390625 0.01171875 0.14174107142857142 28
290 0.1 0.609375 0.0 0.609375 0.01171875 0.1554418103448276 29
300 0.1 0.6015625 0.0 0.609375 0.01171875 0.17057291666666666 30
307 0.1 0.51171875 0.0 0.609375 0.01171875 0.1844758064516129 31
