0 1.4 1477.429443359375 1675.6731958965186 6205.14697265625 43.06298828125 0 0
10 0.8 1729.3728942871094 1181.6425570441659 6205.14697265625 43.06298828125 1477.429443359375 14
20 0.4 2719.3497924804688 1162.8102453641345 6205.14697265625 43.06298828125 1569.045243696733 22
30 0.9 1347.0082465277778 837.0316222747128 6205.14697265625 43.06298828125 1746.0151742788462 26
40 1.8 1960.7932942708326 1298.2975372186643 6205.14697265625 43.06298828125 1643.4133928571428 35
50 1.5 1345.1207194010417 1248.4263077470837 6205.14697265625 43.06298828125 1751.202793337264 53
60 3 2184.659879557292 1625.2399788403497 6668.990966796875 38.0869140625 1661.6258652630972 68
70 3.3 1958.3531531131632 2081.8422382962426 8650.308837890625 29.037109375 1821.738318618463 98
80 4.8 1809.0772501627605 1827.621461544127 9066.2021484375 29.037109375 1856.152742575143 131
90 6.7 1787.3331717875467 1324.750177397664 9066.2021484375 29.037109375 1843.5291468444484 179
100 6.9 2534.4413708673005 2363.5579441290038 10069.06494140625 29.037109375 1828.2237390037474 246
110 7.1 2053.1854574713907 2554.0256097868164 15879.130126953125 15.10107421875 1982.9190297929067 315
120 13.5 1678.360885054977 1662.1945365431884 15879.130126953125 15.10107421875 1995.84368358869 386
130 16.3 2139.806892254601 2027.7070212019514 15879.130126953125 13.076904296875 1913.578467078035 521
140 14.1 1921.2130083665788 1896.370604531284 15879.130126953125 13.076904296875 1967.4896268788834 684
150 26.7 1636.1495256173923 1466.2673942846077 15879.130126953125 13.076904296875 1959.5805320785985 825
160 31.2 2064.2539352025747 2122.8809128947805 15879.130126953125 13.076904296875 1880.4998739053915 1092
170 32.2 2053.203836192256 2094.370665727196 15879.130126953125 13.076904296875 1921.3341097492098 1404
180 51.8 1783.769378544281 1740.016750251191 15879.130126953125 13.076904296875 1945.9355303254906 1726
190 64.2 1921.5255685966706 1834.4860184970278 15879.130126953125 13.076904296875 1908.5014542904341 2244
200 64.5 2060.5791500121136 2068.7973554956598 16387.943115234375 13.076904296875 1911.3987104874557 2886
210 100.7 1804.188242604503 1733.2519649998276 16387.943115234375 13.076904296875 1938.6491731024103 3531
220 122.2 1983.9279697249642 2044.1739244765292 16387.943115234375 13.076904296875 1908.811765210962 4538
230 129.7 1992.988502990676 1953.5322423712494 16387.943115234375 13.033935546875 1924.7478766547313 5760
240 190.6 1845.009873092988 1797.8881681829814 16387.943115234375 13.033935546875 1937.2897630593961 7057
250 226.3 1946.6372185747973 1891.1524427138618 16387.943115234375 13.033935546875 1917.6662586215994 8963
260 224.2 2052.301192652002 1985.5093367298591 16387.943115234375 13.033935546875 1923.5063871067307 11226
270 292.8 1885.7329780286773 1911.660519859491 16387.943115234375 10.9580078125 1944.9466866339433 13468
280 325.2 2039.7088277706596 1964.9135601737323 16387.943115234375 10.9580078125 1934.3722941725978 16396
290 331.7 2077.17003235286 2045.7207316159727 21242.827880859375 10.9580078125 1951.8068629460556 19648
300 112.6 3069.2774536783295 2639.1260656215327 21242.827880859375 10.9580078125 1969.913966491554 22965
307 1.1 11859.323996803978 1427.0471605840812 21242.827880859375 10.9580078125 2021.297607127987 24091
