0 0.8 39.495025634765625 66.4133871315791 172.551025390625 1.114990234375 0 0
10 0.9 1.5458713107638888 0.39527251761272436 172.551025390625 1.114990234375 39.495025634765625 8
20 0.7 1.892822265625 0.5524293153027747 172.551025390625 1.114990234375 19.404296875 17
30 1.7 2.1960592830882355 1.9841759127665604 172.551025390625 1.05712890625 14.296783447265625 24
40 2.4 1.4598897298177083 0.40722597995272203 172.551025390625 1.0087890625 9.279410013338415 41
50 1.4 1.6452985491071428 0.46180120332792596 172.551025390625 0.9521484375 6.392202524038462 65
60 3.1 3.6376401839717754 10.984332931772972 172.551025390625 0.9521484375 5.550979034810126 79
70 4.2 1.5599830264136905 0.771300429915262 172.551025390625 0.93408203125 5.011765358664773 110
80 4.3 1.493408203125 0.4898692920296833 172.551025390625 0.9228515625 4.0579833984375 152
90 7.4 1.5234704919763513 0.5570525298294118 172.551025390625 0.860107421875 3.492461688701923 195
100 7.5 1.5621256510416666 0.6514179771813245 172.551025390625 0.860107421875 2.950806117855483 269
110 9 1.5922227647569445 0.5362596934932476 172.551025390625 0.860107421875 2.648041481195494 344
120 1 7.5015869140625 18.019548777007966 172.551025390625 0.860107421875 2.4290928994455645 434
130 0 0 0 172.551025390625 0.860107421875 2.543338260135135 444
140 0 0 0 172.551025390625 0.860107421875 2.543338260135135 444
148 0 0 0 172.551025390625 0.860107421875 2.543338260135135 444
