0 1 52.3077392578125 65.89605519158847 184.22607421875 9.296875 0 0
10 3 335.67076009114584 1168.0650453790724 4714.23291015625 9.091064453125 52.3077392578125 10
20 2.3 410.95314622961956 1268.5050560065324 4995.488037109375 9.091064453125 264.8300048828125 40
30 4.2 246.2086065383185 925.0404579943778 4995.488037109375 9.052001953125 318.17654854910717 63
40 7 345.1470424107144 1172.796401159783 5027.97021484375 8.189208984375 289.3893717447917 105
50 5.5 560.7173650568185 1404.7440549147575 5027.97021484375 8.189208984375 311.6924400111608 175
60 7.2 278.1988016764323 1032.1339413459668 5027.97021484375 8.189208984375 371.24187860903544 230
70 13.2 260.70474890506625 970.2561849943603 5027.97021484375 8.189208984375 349.05942318139495 302
80 12.6 641.9683954148065 1808.0013542279125 8680.858154296875 8.189208984375 322.18657294066827 434
90 20.8 424.7867102989784 1375.3544763587295 8680.858154296875 8.189208984375 394.13748299734937 560
100 22.4 562.5531518118721 1586.1656302312385 9771.498779296875 8.189208984375 402.4383153915405 768
110 27.2 525.1098920036768 1671.8194106408152 10613.06982421875 8.189208984375 438.5932784541961 992
120 16.7 1061.1010669091506 2433.2595515908993 10613.06982421875 8.189208984375 457.21077757243876 1264
130 5.2 1395.0582697941707 2480.651474756379 10613.06982421875 8.189208984375 527.6857449513562 1431
140 1.2 17.55108642578125 5.397519053401722 10613.06982421875 8.189208984375 558.0993466316168 1483
148 0.5 13.80908203125 4.334776095621485 10613.06982421875 8.189208984375 553.7604977202656 1495
