10 0.1 1129 0 1129 1129 0 0
20 0.1 3352.0 0.0 3352 1129 1129.0 1
30 0.1 2007.0 0.0 3352 1129 2240.5 2
40 0.1 4352.0 0.0 4352 1129 2162.6666666666665 3
50 0.1 5135.0 0.0 5135 1129 2710.0 4
60 0.1 4885.0 0.0 5135 1129 3195.0 5
70 0.1 5102.0 0.0 5135 1129 3476.6666666666665 6
80 0.1 9136.0 0.0 9136 1129 3708.8571428571427 7
90 0.1 13086.0 0.0 13086 1129 4387.25 8
100 0.1 16645.0 0.0 16645 1129 5353.777777777777 9
110 0.1 19978.0 0.0 19978 1129 6482.9 10
120 0.1 21268.0 0.0 21268 1129 7709.727272727273 11
130 0.1 14551.0 0.0 21268 1129 8839.583333333334 12
140 0.1 3514.0 0.0 21268 1129 9278.923076923076 13
148 0.1 53.0 0.0 21268 53 8867.142857142857 14
