0 1 52.3077392578125 65.89605519158847 184.22607421875 9.296875 0 0
10 3.3 305.143095999053 1117.8657063653745 4714.23291015625 9.091064453125 52.3077392578125 10
20 2.4 393.8243815104167 1244.5057740747593 4995.488037109375 9.091064453125 246.34417582667152 43
30 4.6 224.7877250339674 886.6080429121236 4995.488037109375 9.052001953125 299.17290622084886 67
40 7.4 326.4837811444257 1143.320617716021 5027.97021484375 8.189208984375 268.89221299433075 113
50 6.1 505.5513455750512 1344.273717606419 5027.97021484375 8.189208984375 291.6824592141544 187
60 7.5 267.06463541666665 1012.7421654973276 5027.97021484375 8.189208984375 344.28730626260074 248
70 14.3 240.64018622978588 934.7642526864639 5027.97021484375 8.189208984375 326.3563455398606 323
80 13.8 586.133555536685 1734.5043968370874 8680.858154296875 8.189208984375 300.0528889275416 466
90 22.3 396.2043807367574 1332.3430573922947 8680.858154296875 8.189208984375 365.4156902389022 604
100 24.2 520.7004243204414 1533.00706858747 9771.498779296875 8.189208984375 373.7178401554944 827
110 29.3 487.4634180687393 1615.6828194541206 10613.06982421875 8.189208984375 406.99172730976676 1069
120 19 932.6351318359375 2306.2010053017098 10613.06982421875 8.189208984375 424.30318501342236 1362
130 5.9 1229.528427899894 2372.13843826755 10613.06982421875 8.189208984375 486.53454448267354 1552
140 1.4 15.025861467633929 4.992611315484112 10613.06982421875 8.189208984375 513.7453695116096 1611
148 0.6 11.486572265625 1.2226089370884516 10613.06982421875 8.189208984375 509.4487091346154 1625
