10 0.1 641 0 641 641 0 0
20 0.1 1758.0 0.0 1758 641 641.0 1
30 0.1 1059.0 0.0 1758 641 1199.5 2
40 0.1 2328.0 0.0 2328 641 1152.6666666666667 3
50 0.1 2896.0 0.0 2896 641 1446.5 4
60 0.1 2617.0 0.0 2896 641 1736.4 5
70 0.1 2889.0 0.0 2896 641 1883.1666666666667 6
80 0.1 5054.0 0.0 5054 641 2026.857142857143 7
90 0.1 7060.0 0.0 7060 641 2405.25 8
100 0.1 8992.0 0.0 8992 641 2922.4444444444443 9
110 0.1 10673.0 0.0 10673 641 3529.4 10
120 0.1 11529.0 0.0 11529 641 4178.818181818182 11
130 0.1 7447.0 0.0 11529 641 4791.333333333333 12
140 0.1 1839.0 0.0 11529 641 4995.615384615385 13
148 0.1 50.0 0.0 11529 50 4770.142857142857 14
