10 0.1 598 0 598 598 0 0
20 0.1 732.0 0.0 732 598 598.0 1
30 0.1 578.0 0.0 732 578 665.0 2
40 0.1 1408.0 0.0 1408 578 636.0 3
50 0.1 1466.0 0.0 1466 578 829.0 4
60 0.1 1370.0 0.0 1466 578 956.4 5
70 0.1 2573.0 0.0 2573 578 1025.3333333333333 6
80 0.1 3051.0 0.0 3051 578 1246.4285714285713 7
90 0.1 3470.0 0.0 3470 578 1472.0 8
100 0.1 6042.0 0.0 6042 578 1694.0 9
110 0.1 8024.0 0.0 8024 578 2128.8 10
120 0.1 8226.0 0.0 8226 578 2664.7272727272725 11
130 0.1 1280.0 0.0 8226 578 3128.1666666666665 12
140 0.1 515.0 0.0 8226 515 2986.0 13
150 0.1 212.0 0.0 8226 212 2809.5 14
160 0.1 88.0 0.0 8226 88 2636.3333333333335 15
167 0.1 8.0 0.0 8226 8 2477.0625 16
