0 533.51953125 533.51953125
10 585.384375 1118.90390625
20 580.115625 1699.01953125
30 1326.2984375 3025.31796875
40 1306.515625 4331.83359375
50 1186.9484375 5518.78203125
60 2302.60546875 7821.3875
70 2894.11953125 10715.50703125
80 2974.909375 13690.41640625
90 5401.4046875 19091.82109375
100 7694.4328125 26786.25390625
110 8329.08828125 35115.3421875
120 1762.81640625 36878.15859375
130 403.234375 37281.39296875
140 153.93515625 37435.328125
150 57.6453125 37492.9734375
160 19.325 37512.2984375
167 0.0765625 37512.375
