0 0.1 3156.26953125 0 3156.26953125 3156.26953125 0 0
10 0.1 3155.41796875 0.0 3156.26953125 3155.41796875 3156.26953125 1
20 0.1 3154.09765625 0.0 3156.26953125 3154.09765625 3155.84375 2
30 0.1 3153.38671875 0.0 3156.26953125 3153.38671875 3155.26171875 3
40 0.1 3153.2734375 0.0 3156.26953125 3153.2734375 3154.79296875 4
50 0.1 3153.04296875 0.0 3156.26953125 3153.04296875 3154.4890625 5
60 0.1 3152.9296875 0.0 3156.26953125 3152.9296875 3154.248046875 6
70 0.1 3151.2421875 0.0 3156.26953125 3151.2421875 3154.0597098214284 7
80 0.1 3149.6796875 0.0 3156.26953125 3149.6796875 3153.70751953125 8
90 0.1 3148.69140625 0.0 3156.26953125 3148.69140625 3153.2599826388887 9
100 0.1 3144.71875 0.0 3156.26953125 3144.71875 3152.803125 10
110 0.1 3143.5390625 0.0 3156.26953125 3143.5390625 3152.068181818182 11
120 0.1 3134.56640625 0.0 3156.26953125 3134.56640625 3151.357421875 12
130 0.1 3134.23046875 0.0 3156.26953125 3134.23046875 3150.0658052884614 13
140 0.1 3129.8515625 0.0 3156.26953125 3129.8515625 3148.9347098214284 14
150 0.1 3130.49609375 0.0 3156.26953125 3129.8515625 3147.6625 15
160 0.1 3130.2578125 0.0 3156.26953125 3129.8515625 3146.589599609375 16
170 0.1 3130.6328125 0.0 3156.26953125 3129.8515625 3145.62890625 17
180 0.1 3131.2109375 0.0 3156.26953125 3129.8515625 3144.7957899305557 18
190 0.1 3131.54296875 0.0 3156.26953125 3129.8515625 3144.0807976973683 19
199 0.1 3135.9765625 0.0 3156.26953125 3129.8515625 3143.45390625 20
