0 1.5 33.077083333333334 35.96566083315223 146.613037109375 10.7529296875 0 0
10 3.7 290.4342865815034 1052.8065421856886 4722.569091796875 10.7529296875 33.077083333333334 15
20 4.2 828.5659121558781 1722.0644617485964 5278.822998046875 10.399169921875 216.1966317983774 52
30 4.9 474.3625936702805 1312.5002338816494 5278.822998046875 10.048095703125 489.8084379155586 94
40 5 430.3953515625001 1349.3468833337593 6030.14892578125 10.048095703125 484.5158059713724 143
50 8.4 469.927952357701 1528.92551638556 7013.4130859375 8.9169921875 470.49496286026556 193
60 9.7 295.76933744764796 1079.4895630585074 7013.4130859375 8.9169921875 470.32301743710514 277
70 13.1 309.3764443433921 1082.5775127769168 8956.034912109375 8.9169921875 425.051073696524 374
80 11.3 1853.8244218404313 2575.9058440572185 11971.173828125 8.9169921875 395.0443876663056 505
90 8.7 3809.5927874685704 3530.797230015837 13398.013916015625 8.9169921875 661.7792482839047 618
100 13.1 3617.563580927959 3020.298937344728 13414.052001953125 8.9169921875 1050.232833970523 705
110 27.7 6970.262732330212 4569.177576093347 17711.427001953125 1.952880859375 1452.5298768550015 836
120 3.6 11265.15670437283 4006.8461003479033 25713.77001953125 1.952880859375 2825.766176016397 1113
130 3.3 14187.241980350378 2298.794343072628 25713.77001953125 1.952880859375 3090.185722596755 1149
140 10.9 14602.50102583859 5804.493267215629 25713.77001953125 1.952880859375 3400.0020140568813 1182
150 6.3 16194.98567320809 5904.9031264451105 31970.614990234375 1.952880859375 4345.836554943176 1291
160 1.7 21059.2970904182 1819.4815105332202 31970.614990234375 1.952880859375 4897.163286442947 1354
170 10.1 22429.170158763918 9909.212660505043 36903.8662109375 1.952880859375 5097.569030182975 1371
180 3.5 6788.8936802455355 11989.263872596171 41444.13916015625 1.952880859375 6286.761770663054 1472
190 6.1 11648.103635694162 11882.833073202666 44393.748046875 1.952880859375 6298.4237592731315 1507
199 0.1 11.6630859375 0.0 44393.748046875 1.952880859375 6506.54268303696 1568
