10 0.1 818 0 818 818 0 0
20 0.1 3951.0 0.0 3951 818 818.0 1
30 0.1 5506.0 0.0 5506 818 2384.5 2
40 0.1 4870.0 0.0 5506 818 3425.0 3
50 0.1 5079.0 0.0 5506 818 3786.25 4
60 0.1 5699.0 0.0 5699 818 4044.8 5
70 0.1 8003.0 0.0 8003 818 4320.5 6
80 0.1 8734.0 0.0 8734 818 4846.571428571428 7
90 0.1 10199.0 0.0 10199 818 5332.5 8
100 0.1 10968.0 0.0 10968 818 5873.222222222223 9
110 0.1 10999.0 0.0 10999 818 6382.7 10
120 0.1 16096.0 0.0 16096 818 6802.363636363636 11
130 0.1 8837.0 0.0 16096 818 7576.833333333333 12
140 0.1 9728.0 0.0 16096 818 7673.7692307692305 13
150 0.1 1696.0 0.0 16096 818 7820.5 14
160 0.1 7506.0 0.0 16096 818 7412.2 15
170 0.1 5424.0 0.0 16096 818 7418.0625 16
180 0.1 1855.0 0.0 16096 818 7300.764705882353 17
190 0.1 5291.0 0.0 16096 818 6998.222222222223 18
199 0.1 134.0 0.0 16096 134 6908.368421052632 19
