10 0.1 492 0 492 492 0 0
20 0.1 2183.0 0.0 2183 492 492.0 1
30 0.1 2828.0 0.0 2828 492 1337.5 2
40 0.1 2677.0 0.0 2828 492 1834.3333333333333 3
50 0.1 2818.0 0.0 2828 492 2045.0 4
60 0.1 3132.0 0.0 3132 492 2199.6 5
70 0.1 4592.0 0.0 4592 492 2355.0 6
80 0.1 5028.0 0.0 5028 492 2674.5714285714284 7
90 0.1 5428.0 0.0 5428 492 2968.75 8
100 0.1 6387.0 0.0 6387 492 3242.0 9
110 0.1 6081.0 0.0 6387 492 3556.5 10
120 0.1 9415.0 0.0 9415 492 3786.0 11
130 0.1 4505.0 0.0 9415 492 4255.083333333333 12
140 0.1 4505.0 0.0 9415 492 4274.307692307692 13
150 0.1 1021.0 0.0 9415 492 4290.785714285715 14
160 0.1 3805.0 0.0 9415 492 4072.8000000000006 15
170 0.1 2733.0 0.0 9415 492 4056.0625000000005 16
180 0.1 1133.0 0.0 9415 492 3978.235294117647 17
190 0.1 2821.0 0.0 9415 492 3820.1666666666665 18
199 0.1 113.0 0.0 9415 113 3767.5789473684213 19
