0 6.525 6.525
10 16.3921875 22.9171875
20 19.20078125 42.11796875
30 18.853125 60.97109375
40 25.696875 86.66796875
50 41.215625 127.88359375
60 44.3453125 172.22890625
70 75.053125 247.28203125
80 60.84296875 308.125
90 45.71171875 353.83671875
100 70.125 423.96171875
110 77.97109375 501.9328125
120 55.81640625 557.74921875
130 35.12109375 592.8703125
140 73.43671875 666.30703125
150 35.8953125 702.20234375
160 11.28203125 713.484375
170 24.64375 738.128125
180 22.0265625 760.1546875
190 10.9828125 771.1375
199 0.5453125 771.6828125
