0 0.1 3160.46484375 0 3160.46484375 3160.46484375 0 0
10 0.1 3159.625 0.0 3160.46484375 3159.625 3160.46484375 1
20 0.1 3159.79296875 0.0 3160.46484375 3159.625 3160.044921875 2
30 0.1 3159.55078125 0.0 3160.46484375 3159.55078125 3159.9609375 3
40 0.1 3156.41015625 0.0 3160.46484375 3156.41015625 3159.8583984375 4
50 0.1 3155.68359375 0.0 3160.46484375 3155.68359375 3159.16875 5
60 0.1 3155.11328125 0.0 3160.46484375 3155.11328125 3158.587890625 6
70 0.1 3154.3984375 0.0 3160.46484375 3154.3984375 3158.0915178571427 7
80 0.1 3151.75390625 0.0 3160.46484375 3151.75390625 3157.6298828125 8
90 0.1 3149.55078125 0.0 3160.46484375 3149.55078125 3156.976996527778 9
100 0.1 3147.39453125 0.0 3160.46484375 3147.39453125 3156.234375 10
110 0.1 3141.80078125 0.0 3160.46484375 3141.80078125 3155.430752840909 11
120 0.1 3139.47265625 0.0 3160.46484375 3139.47265625 3154.294921875 12
130 0.1 3139.140625 0.0 3160.46484375 3139.140625 3153.154747596154 13
140 0.1 3138.91796875 0.0 3160.46484375 3138.91796875 3152.153738839286 14
150 0.1 3138.94921875 0.0 3160.46484375 3138.91796875 3151.2713541666667 15
160 0.1 3139.48828125 0.0 3160.46484375 3138.91796875 3150.501220703125 16
170 0.1 3139.51171875 0.0 3160.46484375 3138.91796875 3149.853400735294 17
180 0.1 3139.25 0.0 3160.46484375 3138.91796875 3149.278862847222 18
190 0.1 3138.89453125 0.0 3160.46484375 3138.89453125 3148.7510279605262 19
200 0.1 3138.93359375 0.0 3160.46484375 3138.89453125 3148.258203125 20
210 0.1 3138.9453125 0.0 3160.46484375 3138.89453125 3147.8141741071427 21
220 0.1 3138.80078125 0.0 3160.46484375 3138.80078125 3147.411044034091 22
230 0.1 3138.87109375 0.0 3160.46484375 3138.80078125 3147.0366847826085 23
240 0.1 3138.8515625 0.0 3160.46484375 3138.80078125 3146.6964518229165 24
250 0.1 3138.95703125 0.0 3160.46484375 3138.80078125 3146.38265625 25
260 0.1 3139.08984375 0.0 3160.46484375 3138.80078125 3146.0970552884614 26
270 0.1 3139.25390625 0.0 3160.46484375 3138.80078125 3145.837528935185 27
