10 0.1 3050 0 3050 3050 0 0
20 0.1 219.0 0.0 3050 219 3050.0 1
30 0.1 1277.0 0.0 3050 219 1634.5 2
40 0.1 8164.0 0.0 8164 219 1515.3333333333333 3
50 0.1 2380.0 0.0 8164 219 3177.5 4
60 0.1 1043.0 0.0 8164 219 3018.0 5
70 0.1 837.0 0.0 8164 219 2688.8333333333335 6
80 0.1 3016.0 0.0 8164 219 2424.285714285714 7
90 0.1 2459.0 0.0 8164 219 2498.25 8
100 0.1 873.0 0.0 8164 219 2493.8888888888887 9
110 0.1 9127.0 0.0 9127 219 2331.8 10
120 0.1 2898.0 0.0 9127 219 2949.5454545454545 11
130 0.1 2869.0 0.0 9127 219 2945.25 12
140 0.1 5080.0 0.0 9127 219 2939.3846153846152 13
150 0.1 331.0 0.0 9127 219 3092.285714285714 14
160 0.1 5387.0 0.0 9127 219 2908.2 15
170 0.1 1285.0 0.0 9127 219 3063.125 16
180 0.1 2354.0 0.0 9127 219 2958.529411764706 17
190 0.1 3585.0 0.0 9127 219 2924.9444444444443 18
200 0.1 720.0 0.0 9127 219 2959.684210526316 19
210 0.1 2178.0 0.0 9127 219 2847.7 20
220 0.1 1053.0 0.0 9127 219 2815.809523809524 21
230 0.1 2460.0 0.0 9127 219 2735.681818181818 22
240 0.1 4999.0 0.0 9127 219 2723.695652173913 23
250 0.1 692.0 0.0 9127 219 2818.5 24
260 0.1 2561.0 0.0 9127 219 2733.44 25
270 0.1 273.0 0.0 9127 219 2726.8076923076924 26
