0 2.8 180.15006801060267 296.85586905121045 1306.779052734375 5.9599609375 0 0
10 1 155.058642578125 99.73468034102578 1306.779052734375 5.9599609375 180.15006801060267 28
20 0.6 15744.305501302084 2627.860972195489 21288.850830078125 5.9599609375 173.5470613178454 38
30 9.6 4223.409609476726 5956.172935524666 26419.1650390625 5.9599609375 2296.8323031338778 44
40 1.5 11537.557828776042 6563.431821423655 34963.216064453125 5.9599609375 3617.913884626116 140
50 1.4 16345.363106863839 6944.527974997526 36866.89501953125 5.9599609375 4384.331040511593 155
60 3.6 8575.505594889322 10191.064618426626 36866.89501953125 1.123046875 5375.185767901719 169
70 15.4 1594.7755491578737 7323.286418547652 39622.586181640625 0.632080078125 5937.1931521532015 205
80 32.4 2993.8058855975114 9974.232896646054 44369.30078125 0.630126953125 4074.4290550465703 359
90 56.4 0.9227840342420213 0.8718359694062495 44369.30078125 0.60302734375 3561.805472467515 683
100 79.6 4562.026729411212 13217.924944897191 57703.1171875 0.60302734375 1951.2699181159783 1247
110 98.2 595.8504743090475 4404.408123587642 62417.64697265625 0.599853515625 2968.4810888408956 2043
120 71.7 438.8087847721628 4098.858501193711 77092.90112304688 0.599853515625 2198.258522404441 3025
130 46.7 3652.3429422970753 10091.230226037515 77092.90112304688 0.599853515625 1861.1325304529862 3742
140 29 0.8963395743534482 0.32966531665075177 77092.90112304688 0.599853515625 2059.8721983862697 4209
150 15.4 9186.113395393666 18709.62899222961 77092.90112304688 0.599853515625 1927.153149918731 4499
160 10 23064.687429199217 11603.592061833073 77092.90112304688 0.599853515625 2167.4024251826772 4653
170 3.6 11625.013882107205 13088.841128847924 77092.90112304688 0.599853515625 2607.0675841142265 4753
180 5.9 24532.27816720736 11103.340244208324 77092.90112304688 0.599853515625 2674.8575333160948 4789
190 0 0 0 77092.90112304688 0.599853515625 2940.8616210635337 4848
200 4.8 28435.48548380534 6795.089795027252 77092.90112304688 0.599853515625 2940.8616210635337 4848
210 2.7 28825.61880606192 6925.648789442577 77092.90112304688 0.599853515625 3190.808913835512 4896
220 2.7 33891.325358072914 5745.406812094891 77092.90112304688 0.599853515625 3331.4020211054926 4923
230 15.3 10612.361337699145 11066.287247482047 77092.90112304688 0.599853515625 3498.092512034406 4950
240 3 3672.853377278647 8910.312919923317 77092.90112304688 0.599853515625 3711.3951046910206 5103
250 8.5 4285.319924747243 9279.15237325148 77092.90112304688 0.599853515625 3711.169846202345 5133
260 5 814.8081494140625 3960.909062643681 77092.90112304688 0.599853515625 3720.522616742076 5218
270 1.2 8.780253092447916 2.345267699748646 77092.90112304688 0.599853515625 3692.9437019041106 5268
