70 0.1 71726.541015625 0 71726.541015625 71726.541015625 0 0
80 0.5 26866.872412109376 22533.182179216965 71880.97900390625 14014.88818359375 71726.541015625 1
90 2.3 43230.547299592385 28111.48546551276 93058.87890625 14014.88818359375 34343.48384602865 6
100 2.8 35523.94990757534 25541.14503170323 102959.84399414063 14014.88818359375 41391.84451609645 29
110 4 44356.23334350586 27843.39645696171 112605.02392578125 14014.88818359375 38509.36997155976 57
120 7.3 38363.369618873076 27098.671818044273 120933.71997070313 12397.89013671875 40920.44765071279 97
130 5.3 45293.54986917748 28586.861397588513 134753.86303710938 12397.89013671875 39822.40826056985 170
140 5.4 52174.88137930411 28618.394709866665 140955.39697265625 12397.89013671875 41122.72442763803 223
150 2.4 65523.93061319987 26991.428921616454 140955.39697265625 12397.89013671875 43277.296540959214 277
160 2.4 77611.66197713216 26489.234827107677 148111.3330078125 12397.89013671875 45051.11454007475 301
170 0.5 77298.71279296876 18090.28081951106 148111.3330078125 12397.89013671875 47455.585735426685 325
180 1.1 84326.57490678267 17822.845563687537 148111.3330078125 12397.89013671875 47907.75432720762 330
190 0 0 0 148111.3330078125 12397.89013671875 49082.554991064884 341
200 0.7 115124.05276925223 24879.9879452674 151289.72314453125 12397.89013671875 49082.554991064884 341
210 0.5 133677.824609375 35802.8281844424 181185.85693359375 12397.89013671875 50410.97592338474 348
220 0.5 135220.88994140626 27531.243084911846 187881.80883789063 12397.89013671875 51590.3930435829 353
230 3.2 149793.28562164307 26211.776114513228 204230.2080078125 12397.89013671875 52758.41674327318 358
240 1.3 152509.10811673678 35968.35830392469 223624.05297851563 12397.89013671875 60720.25213842148 390
250 2.4 173734.0485127767 25939.328282026003 242007.89086914063 12397.89013671875 63681.18297643164 403
260 0.8 158137.91790771484 3783.0292580312534 242007.89086914063 12397.89013671875 69866.82413069929 427
270 0.5 176030.99306640626 20611.992022912054 242007.89086914063 12397.89013671875 71490.20056797774 435
