0 2414.42890625 2414.42890625
10 1119.14609375 3533.575
20 1413.37109375 4946.94609375
30 8885.04765625 13831.99375
40 2302.3734375 16134.3671875
50 1188.82265625 17323.18984375
60 981.0015625 18304.19140625
70 2473.384375 20777.57578125
80 3002.00625 23779.58203125
90 212.821875 23992.40390625
100 6509.496875 30501.90078125
110 4813.05546875 35314.95625
120 1967.40390625 37282.36015625
130 5700.04296875 42982.403125
140 109.4296875 43091.8328125
150 3671.0359375 46762.86875
160 3217.38984375 49980.25859375
170 596.83671875 50577.0953125
180 5884.5890625 56461.684375
190 0 56461.684375
200 2135.2984375 58596.9828125
210 2084.39296875 60681.37578125
220 2120.6921875 62802.06796875
230 4503.32109375 67305.3890625
240 997.4859375 68302.875
250 2013.2953125 70316.1703125
260 1510.04375 71826.2140625
270 38.62578125 71864.83984375
