0 1.3 13
10 3.2 45
20 5.2 97
30 5.2 149
40 8 229
50 2.7 256
60 5 306
70 8.8 394
80 12.8 522
90 8.2 604
100 8.9 693
110 7.5 768
120 4.5 813
130 2.5 838
140 2.4 862
150 5.9 921
160 2.6 947
170 2.7 974
180 2.2 996
190 2.5 1021
200 1.9 1040
210 3.1 1071
220 1.5 1086
230 1.9 1105
240 1.3 1118
250 0.7 1125
260 0.9 1134
270 3.2 1166
280 0.9 1175
290 2.3 1198
300 1 1208
310 2.4 1232
320 2.1 1253
330 2.7 1280
340 3.9 1319
350 2 1339
360 4.6 1385
370 3.3 1418
380 7.6 1494
390 3.6 1530
400 3.9 1569
410 2.3 1592
420 3 1622
430 2.5 1647
440 2.1 1668
450 2.7 1695
460 0.9 1704
470 2.1 1725
480 2.2 1747
490 2.5 1772
500 2.4 1796
510 2.3 1819
520 0.5 1824
530 1.2 1836
540 2.1 1857
550 0.7 1864
553 0 1864
