10 0.1 1
20 0 1
30 0.2 3
40 0.2 5
50 0.1 6
60 0.1 7
70 0.1 8
80 0.4 12
90 0.1 13
100 0.3 16
110 0.1 17
120 0.2 19
130 0.2 21
140 0.1 22
150 0.1 23
160 0.1 24
170 0.1 25
180 0 25
190 0 25
200 0 25
210 0 25
220 0.1 26
230 0.2 28
240 0 28
250 0.1 29
260 0 29
270 0 29
280 0 29
290 0 29
300 0.1 30
310 0.1 31
320 0.1 32
330 0 32
340 0.1 33
350 0.1 34
360 0 34
370 0 34
380 0.1 35
390 0.3 38
400 0.1 39
410 0 39
420 0.3 42
430 0 42
440 0 42
450 0.1 43
460 0.1 44
470 0 44
480 0 44
490 0 44
500 0.1 45
510 0 45
520 0 45
530 0 45
540 0 45
550 0 45
553 0 45
