0 0.1 2.7913388108161263 0 2.7913388108161263 2.7913388108161263 0 0
10 0.1 2.7613412228796843 0.0 2.7913388108161263 2.7613412228796843 2.7913388108161263 1
20 0.1 3.057199211045365 0.0 3.057199211045365 2.7613412228796843 2.7763400168479055 2
30 0.1 3.9408866995073892 0.0 3.9408866995073892 2.7613412228796843 2.8699597482470587 3
40 0.1 5.019685039370079 0.0 5.019685039370079 2.7613412228796843 3.1376914860621414 4
50 0.1 6.372549019607843 0.0 6.372549019607843 2.7613412228796843 3.5140901967237292 5
60 0.1 3.5538005923000986 0.0 6.372549019607843 2.7613412228796843 3.990500000537748 6
70 0.1 4.906771344455349 0.0 6.372549019607843 2.7613412228796843 3.9281143707895123 7
80 0.1 5.643564356435644 0.0 6.372549019607843 2.7613412228796843 4.050446492497742 8
90 0.1 8.250497017892645 0.0 8.250497017892645 2.7613412228796843 4.227459588490842 9
100 0.1 6.588003933136677 0.0 8.250497017892645 2.7613412228796843 4.629763331431024 10
110 0.1 9.683794466403162 0.0 9.683794466403162 2.7613412228796843 4.8077852043133555 11
120 0.1 12.5 0.0 12.5 2.7613412228796843 5.214119309487506 12
130 0.1 10.424710424710424 0.0 12.5 2.7613412228796843 5.774571670296159 13
140 0.1 7.71484375 0.0 12.5 2.7613412228796843 6.106724438468606 14
150 0.1 5.962854349951124 0.0 12.5 2.7613412228796843 6.213932392570699 15
160 0.1 5.550146056475171 0.0 12.5 2.7613412228796843 6.198240014906976 16
170 0.1 3.519061583577713 0.0 12.5 2.7613412228796843 6.160116840881576 17
180 0.1 3.353057199211045 0.0 12.5 2.7613412228796843 6.013391548809139 18
190 0.1 2.75049115913556 0.0 12.5 2.75049115913556 5.873373951461871 19
200 0.1 2.1653543307086616 0.0 12.5 2.1653543307086616 5.717229811845556 20
210 0.1 2.952755905511811 0.0 12.5 2.1653543307086616 5.5480928841723705 21
220 0.1 2.355250245338567 0.0 12.5 2.1653543307086616 5.430123021505981 22
230 0.1 3.5294117647058822 0.0 12.5 2.1653543307086616 5.29643290080305 23
240 0.1 1.678183613030602 0.0 12.5 1.678183613030602 5.222807020132335 24
250 0.1 1.5810276679841897 0.0 12.5 1.5810276679841897 5.081022083848265 25
260 0.1 1.6815034619188922 0.0 12.5 1.5810276679841897 4.94640691400734 26
270 0.1 1.678183613030602 0.0 12.5 1.5810276679841897 4.825484563929989 27
280 0.1 2.073050345508391 0.0 12.5 1.5810276679841897 4.713080958540725 28
290 0.1 1.4866204162537164 0.0 12.5 1.4866204162537164 4.622045420160299 29
300 0.1 2.55653883972468 0.0 12.5 1.4866204162537164 4.517531253363414 30
310 0.1 1.5810276679841897 0.0 12.5 1.4866204162537164 4.454273433568615 31
320 0.1 2.4801587301587302 0.0 12.5 1.4866204162537164 4.364484503394102 32
330 0.1 2.564102564102564 0.0 12.5 1.4866204162537164 4.30738372238697 33
340 0.1 2.4703557312252964 0.0 12.5 1.4866204162537164 4.256110747143311 34
350 0.1 1.87192118226601 0.0 12.5 1.4866204162537164 4.205089175259939 35
360 0.1 2.2817460317460316 0.0 12.5 1.4866204162537164 4.14027895323233 36
370 0.1 4.6966731898238745 0.0 12.5 1.4866204162537164 4.0900483337327005 37
380 0.1 3.2544378698224854 0.0 12.5 1.4866204162537164 4.1060121457351 38
390 0.1 5.004906771344456 0.0 12.5 1.4866204162537164 4.084176907891187 39
400 0.1 4.2198233562316 0.0 12.5 1.4866204162537164 4.107195154477519 40
410 0.1 3.0511811023622046 0.0 12.5 1.4866204162537164 4.109942183788593 41
420 0.1 2.465483234714004 0.0 12.5 1.4866204162537164 4.084733586611774 42
430 0.1 2.564102564102564 0.0 12.5 1.4866204162537164 4.047076601683919 43
440 0.1 2.8656126482213438 0.0 12.5 1.4866204162537164 4.013372646284343 44
450 0.1 3.1341821743388834 0.0 12.5 1.4866204162537164 3.9878668685496095 45
460 0.1 2.1653543307086616 0.0 12.5 1.4866204162537164 3.9693085056319855 46
470 0.1 1.8664047151277015 0.0 12.5 1.4866204162537164 3.9309265019102124 47
480 0.1 2.263779527559055 0.0 12.5 1.4866204162537164 3.8879156313522434 48
490 0.1 2.561576354679803 0.0 12.5 1.4866204162537164 3.854769996580954 49
500 0.1 2.0689655172413794 0.0 12.5 1.4866204162537164 3.828906123742931 50
510 0.1 2.1632251720747298 0.0 12.5 1.4866204162537164 3.794397484399763 51
520 0.1 1.7751479289940828 0.0 12.5 1.4866204162537164 3.76302878608582 52
530 0.1 2.55653883972468 0.0 12.5 1.4866204162537164 3.7255216001029567 53
540 0.1 1.7751479289940828 0.0 12.5 1.4866204162537164 3.703873771207063 54
550 0.1 2.2571148184494603 0.0 12.5 1.4866204162537164 3.668806028621372 55
