0 0.1 3155.5703125 0 3155.5703125 3155.5703125 0 0
10 0.1 3155.453125 0.0 3155.5703125 3155.453125 3155.5703125 1
20 0.1 3154.40625 0.0 3155.5703125 3154.40625 3155.51171875 2
30 0.1 3153.4609375 0.0 3155.5703125 3153.4609375 3155.1432291666665 3
40 0.1 3150.92578125 0.0 3155.5703125 3150.92578125 3154.72265625 4
50 0.1 3149.2421875 0.0 3155.5703125 3149.2421875 3153.96328125 5
60 0.1 3148.5234375 0.0 3155.5703125 3148.5234375 3153.1764322916665 6
70 0.1 3144.171875 0.0 3155.5703125 3144.171875 3152.51171875 7
80 0.1 3141.76171875 0.0 3155.5703125 3141.76171875 3151.46923828125 8
90 0.1 3137.5390625 0.0 3155.5703125 3137.5390625 3150.390625 9
100 0.1 3133.6640625 0.0 3155.5703125 3133.6640625 3149.10546875 10
110 0.1 3126.265625 0.0 3155.5703125 3126.265625 3147.7017045454545 11
120 0.1 3120.3046875 0.0 3155.5703125 3120.3046875 3145.9153645833335 12
130 0.1 3118.74609375 0.0 3155.5703125 3118.74609375 3143.9453125 13
140 0.1 3117.6640625 0.0 3155.5703125 3117.6640625 3142.1453683035716 14
150 0.1 3117.796875 0.0 3155.5703125 3117.6640625 3140.51328125 15
160 0.1 3117.44140625 0.0 3155.5703125 3117.44140625 3139.093505859375 16
170 0.1 3117.48046875 0.0 3155.5703125 3117.44140625 3137.8198529411766 17
180 0.1 3117.3359375 0.0 3155.5703125 3117.3359375 3136.689887152778 18
190 0.1 3117.34765625 0.0 3155.5703125 3117.3359375 3135.671258223684 19
200 0.1 3117.234375 0.0 3155.5703125 3117.234375 3134.755078125 20
210 0.1 3117.2734375 0.0 3155.5703125 3117.234375 3133.9207589285716 21
220 0.1 3117.28515625 0.0 3155.5703125 3117.234375 3133.1640625 22
230 0.1 3117.140625 0.0 3155.5703125 3117.140625 3132.473675271739 23
240 0.1 3117.1796875 0.0 3155.5703125 3117.140625 3131.8347981770835 24
250 0.1 3117.19140625 0.0 3155.5703125 3117.140625 3131.24859375 25
260 0.1 3117.19140625 0.0 3155.5703125 3117.140625 3130.7079326923076 26
270 0.1 3117.19921875 0.0 3155.5703125 3117.140625 3130.2073206018517 27
280 0.1 3117.203125 0.0 3155.5703125 3117.140625 3129.742745535714 28
290 0.1 3117.2265625 0.0 3155.5703125 3117.140625 3129.310344827586 29
300 0.1 3117.08203125 0.0 3155.5703125 3117.08203125 3128.9075520833335 30
310 0.1 3117.11328125 0.0 3155.5703125 3117.08203125 3128.5260836693546 31
320 0.1 3117.1328125 0.0 3155.5703125 3117.08203125 3128.16943359375 32
330 0.1 3116.875 0.0 3155.5703125 3116.875 3127.834990530303 33
340 0.1 3116.93359375 0.0 3155.5703125 3116.875 3127.512637867647 34
350 0.1 3116.18359375 0.0 3155.5703125 3116.18359375 3127.210379464286 35
360 0.1 3116.57421875 0.0 3155.5703125 3116.18359375 3126.9040798611113 36
370 0.1 3116.58203125 0.0 3155.5703125 3116.18359375 3126.624894425676 37
380 0.1 3116.59765625 0.0 3155.5703125 3116.18359375 3126.3606085526317 38
390 0.1 3116.6171875 0.0 3155.5703125 3116.18359375 3126.1102764423076 39
400 0.1 3116.47265625 0.0 3155.5703125 3116.18359375 3125.87294921875 40
410 0.1 3116.51171875 0.0 3155.5703125 3116.18359375 3125.643673780488 41
420 0.1 3116.51953125 0.0 3155.5703125 3116.18359375 3125.426246279762 42
430 0.1 3116.5234375 0.0 3155.5703125 3116.18359375 3125.219113372093 43
440 0.1 3116.5390625 0.0 3155.5703125 3116.18359375 3125.021484375 44
450 0.1 3116.38671875 0.0 3155.5703125 3116.18359375 3124.832986111111 45
460 0.1 3116.421875 0.0 3155.5703125 3116.18359375 3124.649371603261 46
470 0.1 3116.5078125 0.0 3155.5703125 3116.18359375 3124.4743184840427 47
480 0.1 3116.4296875 0.0 3155.5703125 3116.18359375 3124.308349609375 48
490 0.1 3116.484375 0.0 3155.5703125 3116.18359375 3124.1475605867345 49
500 0.1 3116.4921875 0.0 3155.5703125 3116.18359375 3123.994296875 50
510 0.1 3116.5625 0.0 3155.5703125 3116.18359375 3123.8471966911766 51
520 0.1 3116.63671875 0.0 3155.5703125 3116.18359375 3123.7071063701924 52
530 0.1 3116.70703125 0.0 3155.5703125 3116.18359375 3123.5737028301887 53
540 0.1 3116.74609375 0.0 3155.5703125 3116.18359375 3123.4465422453704 54
550 0.1 3124.39453125 0.0 3155.5703125 3116.18359375 3123.324715909091 55
