0 0.1 0.01171875 0 0.01171875 0.01171875 0 0
10 0.1 0.01171875 0.0 0.01171875 0.01171875 0.01171875 1
20 0.1 0.01171875 0.0 0.01171875 0.01171875 0.01171875 2
30 0.1 0.01171875 0.0 0.01171875 0.01171875 0.01171875 3
40 0.1 0.01171875 0.0 0.01171875 0.01171875 0.01171875 4
50 0.1 0.01171875 0.0 0.01171875 0.01171875 0.01171875 5
60 0.1 0.0 0.0 0.01171875 0.0 0.01171875 6
70 0.1 0.0 0.0 0.01171875 0.0 0.010044642857142858 7
80 0.1 0.0 0.0 0.01171875 0.0 0.0087890625 8
90 0.1 0.0 0.0 0.01171875 0.0 0.0078125 9
100 0.1 0.078125 0.0 0.078125 0.0 0.00703125 10
110 0.1 0.0703125 0.0 0.078125 0.0 0.013494318181818182 11
120 0.1 0.12890625 0.0 0.12890625 0.0 0.018229166666666668 12
130 0.1 0.19140625 0.0 0.19140625 0.0 0.02674278846153846 13
140 0.1 0.23046875 0.0 0.23046875 0.0 0.03850446428571429 14
150 0.1 0.19921875 0.0 0.23046875 0.0 0.05130208333333333 15
160 0.1 0.171875 0.0 0.23046875 0.0 0.060546875 16
170 0.1 0.140625 0.0 0.23046875 0.0 0.06709558823529412 17
180 0.1 0.12109375 0.0 0.23046875 0.0 0.07118055555555555 18
190 0.1 0.1015625 0.0 0.23046875 0.0 0.07380756578947369 19
200 0.1 0.08984375 0.0 0.23046875 0.0 0.0751953125 20
210 0.1 0.0703125 0.0 0.23046875 0.0 0.07589285714285714 21
220 0.1 0.05859375 0.0 0.23046875 0.0 0.07563920454545453 22
230 0.1 0.05078125 0.0 0.23046875 0.0 0.07489809782608693 23
240 0.1 0.0390625 0.0 0.23046875 0.0 0.07389322916666664 24
250 0.1 0.0390625 0.0 0.23046875 0.0 0.07249999999999998 25
260 0.1 0.03125 0.0 0.23046875 0.0 0.07121394230769229 26
270 0.1 0.03125 0.0 0.23046875 0.0 0.06973379629629628 27
280 0.1 0.01953125 0.0 0.23046875 0.0 0.06835937499999999 28
290 0.1 0.01953125 0.0 0.23046875 0.0 0.06667564655172412 29
300 0.1 0.01953125 0.0 0.23046875 0.0 0.06510416666666664 30
310 0.1 0.01171875 0.0 0.23046875 0.0 0.06363407258064514 31
320 0.1 0.01171875 0.0 0.23046875 0.0 0.06201171874999998 32
330 0.1 0.01171875 0.0 0.23046875 0.0 0.06048768939393937 33
340 0.1 0.01171875 0.0 0.23046875 0.0 0.05905330882352938 34
350 0.1 0.01171875 0.0 0.23046875 0.0 0.05770089285714283 35
360 0.1 0.01171875 0.0 0.23046875 0.0 0.056423611111111084 36
370 0.1 0.01171875 0.0 0.23046875 0.0 0.0552153716216216 37
380 0.1 0.0 0.0 0.23046875 0.0 0.0540707236842105 38
390 0.1 0.0 0.0 0.23046875 0.0 0.05268429487179485 39
400 0.1 0.0 0.0 0.23046875 0.0 0.05136718749999998 40
410 0.1 0.0 0.0 0.23046875 0.0 0.05011432926829266 41
420 0.1 0.0 0.0 0.23046875 0.0 0.04892113095238093 42
430 0.1 0.0 0.0 0.23046875 0.0 0.04778343023255812 43
440 0.1 0.0 0.0 0.23046875 0.0 0.04669744318181816 44
450 0.1 0.0 0.0 0.23046875 0.0 0.045659722222222206 45
460 0.1 0.0 0.0 0.23046875 0.0 0.04466711956521737 46
470 0.1 0.0 0.0 0.23046875 0.0 0.04371675531914892 47
480 0.1 0.0 0.0 0.23046875 0.0 0.042805989583333315 48
490 0.1 0.0 0.0 0.23046875 0.0 0.04193239795918365 49
500 0.1 0.0 0.0 0.23046875 0.0 0.041093749999999984 50
510 0.1 0.0 0.0 0.23046875 0.0 0.04028799019607841 51
520 0.1 0.0 0.0 0.23046875 0.0 0.03951322115384614 52
530 0.1 0.0 0.0 0.23046875 0.0 0.038767688679245266 53
540 0.1 0.0 0.0 0.23046875 0.0 0.038049768518518504 54
550 0.1 0.0 0.0 0.23046875 0.0 0.03735795454545453 55
