0 5.55546875 5.55546875
10 15.134375 20.68984375
20 28.65546875 49.3453125
30 24.3640625 73.709375
40 49.36796875 123.07734375
50 23.2328125 146.31015625
60 20.92421875 167.234375
70 53.81640625 221.05078125
80 66.165625 287.21640625
90 61.4328125 348.64921875
100 184.8640625 533.51328125
110 315.725 849.23828125
120 330.82890625 1180.0671875
130 246.4875 1426.5546875
140 167.15703125 1593.71171875
150 108.6359375 1702.34765625
160 71.58046875 1773.928125
170 59.77578125 1833.70390625
180 49.51015625 1883.2140625
190 20.12734375 1903.34140625
200 16.015625 1919.35703125
210 31.73203125 1951.0890625
220 51.871875 2002.9609375
230 22.8203125 2025.78125
240 11.93671875 2037.71796875
250 13.321875 2051.03984375
260 9.3953125 2060.43515625
270 22.80546875 2083.240625
280 13.96875 2097.209375
290 17.665625 2114.875
300 8.39609375 2123.27109375
310 14.51640625 2137.7875
320 15.478125 2153.265625
330 13.51015625 2166.77578125
340 18.65703125 2185.4328125
350 12.459375 2197.8921875
360 16.6375 2214.5296875
370 21.2046875 2235.734375
380 26.91328125 2262.64765625
390 22.278125 2284.92578125
400 21.79375 2306.71953125
410 11.57265625 2318.2921875
420 13.2015625 2331.49375
430 7.9328125 2339.4265625
440 11.02421875 2350.45078125
450 10.0875 2360.53828125
460 8.55390625 2369.0921875
470 6.7484375 2375.840625
480 6.78203125 2382.62265625
490 10.40703125 2393.0296875
500 9.41015625 2402.43984375
510 8.896875 2411.33671875
520 3.18203125 2414.51875
530 3.7546875 2418.2734375
540 3.78671875 2422.06015625
550 2.18125 2424.24140625
553 0 2424.24140625
