0 0.7 7
10 0.7 14
20 0.9 23
30 2.1 44
40 2.5 69
50 1.5 84
60 3.4 118
70 3.4 152
80 4.1 193
90 6.4 257
100 8 337
110 6.5 402
120 2.7 429
130 0 429
140 0 429
150 0 429
160 0 429
170 0 429
180 0 429
190 0 429
200 0 429
210 0 429
220 0 429
230 0 429
240 0 429
250 0 429
260 0 429
270 0 429
280 0 429
290 0 429
300 0 429
310 0 429
320 0 429
330 0 429
340 0 429
350 0 429
360 0 429
370 0 429
380 0 429
390 0 429
400 0 429
410 0 429
420 0 429
430 0 429
440 0 429
450 0 429
460 0 429
470 0 429
480 0 429
490 0 429
500 0 429
510 0 429
520 0 429
530 0 429
540 0 429
550 0 429
553 0 429
