0 0.1 1.320441649121793 0 1.320441649121793 1.320441649121793 0 0
10 0.1 2.6418786692759295 0.0 2.6418786692759295 1.320441649121793 1.320441649121793 1
20 0.1 1.3793103448275863 0.0 2.6418786692759295 1.320441649121793 1.9811601591988612 2
30 0.1 1.0869565217391304 0.0 2.6418786692759295 1.0869565217391304 1.7805435544084363 3
40 0.1 1.4763779527559056 0.0 2.6418786692759295 1.0869565217391304 1.6071467962411097 4
50 0.1 1.3806706114398422 0.0 2.6418786692759295 1.0869565217391304 1.580993027544069 5
60 0.1 2.06286836935167 0.0 2.6418786692759295 1.0869565217391304 1.5476059581933643 6
70 0.1 2.0710059171597637 0.0 2.6418786692759295 1.0869565217391304 1.621214874073122 7
80 0.1 2.167487684729064 0.0 2.6418786692759295 1.0869565217391304 1.6774387544589522 8
90 0.1 2.559055118110236 0.0 2.6418786692759295 1.0869565217391304 1.7318886356000758 9
100 0.1 4.2926829268292686 0.0 4.2926829268292686 1.0869565217391304 1.8146052838510918 10
110 0.1 3.8272816486751715 0.0 4.2926829268292686 1.0869565217391304 2.0398850695763806 11
120 0.1 2.8627838104639687 0.0 4.2926829268292686 1.0869565217391304 2.18883478450128 12
130 0.1 5.750487329434698 0.0 5.750487329434698 1.0869565217391304 2.2406770172676405 13
140 0.1 6.2439024390243905 0.0 6.2439024390243905 1.0869565217391304 2.4913777538510016 14
150 0.1 5.680705190989226 0.0 6.2439024390243905 1.0869565217391304 2.741546066195894 15
160 0.1 10.184287099903006 0.0 10.184287099903006 1.0869565217391304 2.925243511495477 16
170 0.1 10.37827352085354 0.0 10.37827352085354 1.0869565217391304 3.3522460755194494 17
180 0.1 10.745401742497581 0.0 10.745401742497581 1.0869565217391304 3.7425809335935654 18
190 0.1 17.79257849666984 0.0 17.79257849666984 1.0869565217391304 4.111150449851671 19
200 0.1 19.65811965811966 0.0 19.65811965811966 1.0869565217391304 4.79522185219258 20
210 0.1 18.618042226487525 0.0 19.65811965811966 1.0869565217391304 5.50297889057006 21
220 0.1 31.70731707317073 0.0 31.70731707317073 1.0869565217391304 6.099118133111762 22
230 0.1 32.74418604651162 0.0 32.74418604651162 1.0869565217391304 7.21251808702737 23
240 0.1 33.89990557129367 0.0 33.89990557129367 1.0869565217391304 8.276337585339215 24
250 0.1 45.878136200716845 0.0 45.878136200716845 1.0869565217391304 9.301280304777395 25
260 0.1 47.76386404293381 0.0 47.76386404293381 1.0869565217391304 10.708082454621218 26
270 0.1 47.686832740213525 0.0 47.76386404293381 1.0869565217391304 12.080518809743907 27
280 0.1 50.72115384615385 0.0 50.72115384615385 1.0869565217391304 13.352172878689249 28
290 0.1 50.27932960893855 0.0 50.72115384615385 1.0869565217391304 14.640758429291477 29
300 0.1 46.97478991596638 0.0 50.72115384615385 1.0869565217391304 15.82871080194638 30
310 0.1 3.9100684261974585 0.0 50.72115384615385 1.0869565217391304 16.833423031430897 31
