0 0.1 3162.62109375 0 3162.62109375 3162.62109375 0 0
10 0.1 3161.66015625 0.0 3162.62109375 3161.66015625 3162.62109375 1
20 0.1 3161.82421875 0.0 3162.62109375 3161.66015625 3162.140625 2
30 0.1 3161.82421875 0.0 3162.62109375 3161.66015625 3162.03515625 3
40 0.1 3161.69140625 0.0 3162.62109375 3161.66015625 3161.982421875 4
50 0.1 3161.4609375 0.0 3162.62109375 3161.4609375 3161.92421875 5
60 0.1 3161.21875 0.0 3162.62109375 3161.21875 3161.8470052083335 6
70 0.1 3161.2421875 0.0 3162.62109375 3161.21875 3161.757254464286 7
80 0.1 3161.109375 0.0 3162.62109375 3161.109375 3161.69287109375 8
90 0.1 3161.1328125 0.0 3162.62109375 3161.109375 3161.6280381944443 9
100 0.1 3159.6015625 0.0 3162.62109375 3159.6015625 3161.578515625 10
110 0.1 3159.93359375 0.0 3162.62109375 3159.6015625 3161.3987926136365 11
120 0.1 3159.9296875 0.0 3162.62109375 3159.6015625 3161.2766927083335 12
130 0.1 3158.48828125 0.0 3162.62109375 3158.48828125 3161.173076923077 13
140 0.1 3159.01171875 0.0 3162.62109375 3158.48828125 3160.9813058035716 14
150 0.1 3158.11328125 0.0 3162.62109375 3158.11328125 3160.85 15
160 0.1 3154.78125 0.0 3162.62109375 3154.78125 3160.678955078125 16
170 0.1 3153.05859375 0.0 3162.62109375 3153.05859375 3160.33203125 17
180 0.1 3154.27734375 0.0 3162.62109375 3153.05859375 3159.9279513888887 18
190 0.1 3145.74609375 0.0 3162.62109375 3145.74609375 3159.630550986842 19
200 0.1 3144.94921875 0.0 3162.62109375 3144.94921875 3158.936328125 20
210 0.1 3143.79296875 0.0 3162.62109375 3143.79296875 3158.2702752976193 21
220 0.1 3131.8125 0.0 3162.62109375 3131.8125 3157.612215909091 22
230 0.1 3128.93359375 0.0 3162.62109375 3128.93359375 3156.490489130435 23
240 0.1 3121.19140625 0.0 3162.62109375 3121.19140625 3155.34228515625 24
250 0.1 3106.92578125 0.0 3162.62109375 3106.92578125 3153.97625 25
260 0.1 3104.08984375 0.0 3162.62109375 3104.08984375 3152.1666165865386 26
270 0.1 3094.87109375 0.0 3162.62109375 3094.87109375 3150.3859953703704 27
280 0.1 3081.2578125 0.0 3162.62109375 3081.2578125 3148.4033203125 28
290 0.1 3075.1875 0.0 3162.62109375 3075.1875 3146.087957974138 29
300 0.1 3070.453125 0.0 3162.62109375 3070.453125 3143.724609375 30
310 0.1 3083.06640625 0.0 3162.62109375 3070.453125 3141.3610131048385 31
