0 1 18.45712890625 31.878652515053663 114.055908203125 7.161865234375 0 0
10 1.1 7.615545099431818 0.6829499943745596 114.055908203125 7.0478515625 18.45712890625 10
20 0.8 7.911163330078125 1.470573391391321 114.055908203125 6.884033203125 12.778204055059524 21
30 0.9 7.528537326388889 0.37064995257734057 114.055908203125 6.884033203125 11.435572130926724 29
40 1.3 7.655667818509615 0.8685679695128127 114.055908203125 6.884033203125 10.510221782483553 38
50 2.1 7.818184988839286 1.2896900386615573 114.055908203125 6.2568359375 9.782590379901961 51
60 3.1 6.979413432459677 0.35673040709865117 114.055908203125 5.991943359375 9.20963880750868 72
70 3.4 8.200604607077207 1.4453887212460304 114.055908203125 5.991943359375 8.538405927639563 103
80 3.4 7.264260684742647 0.39339104575167505 114.055908203125 5.991943359375 8.454572023266424 137
90 7.9 7.8209923852848116 3.9269826236336587 114.055908203125 5.925048828125 8.21790193256579 171
100 9.3 8.164684664818548 1.7457392500851818 114.055908203125 5.925048828125 8.092478515625 250
110 6.6 8.01397520123106 3.6844655776119604 114.055908203125 5.925048828125 8.112056276193513 343
120 12.5 7.233966796875 1.4056656255744575 114.055908203125 5.6689453125 8.096229012263143 409
130 14.7 7.519625916772959 2.0673953804977367 114.055908203125 5.426025390625 7.894388606039326 534
140 13.9 7.780693218862412 2.7602970127781066 114.055908203125 5.426025390625 7.813492695140418 681
150 26.2 7.678094994930821 3.442220553477492 114.055908203125 5.426025390625 7.807932783917683 820
160 29.6 7.7010390822951855 3.017504151378726 114.055908203125 5.426025390625 7.776493319301641 1082
170 29.6 8.001261118296027 3.03805897440958 114.055908203125 5.426025390625 7.760285442557148 1378
180 52.7 9.818914829666747 5.462936028679462 114.055908203125 5.426025390625 7.802895239461992 1674
190 60.1 9.92414904196131 4.592828785030866 114.055908203125 5.426025390625 8.28560415542651 2201
200 60 10.54421183268229 6.674303690691654 114.055908203125 5.426025390625 8.637055075057994 2802
210 100.2 15.689771579887102 10.44680565956446 114.055908203125 5.426025390625 8.973414291570217 3402
220 125.6 15.656429412258658 10.07239485199499 114.055908203125 5.426025390625 10.501522829920244 4404
230 127.5 15.619484145220587 9.910456375583864 114.055908203125 5.426025390625 11.64543849554163 5660
240 200 192.56211059570313 173.41180857392584 486.076171875 1.333984375 12.376066931495584 6935
250 229.9 409.09941588904144 99.13884150787608 541.39208984375 1.31787109375 52.70870121559352 8935
260 234.9 430.73501398533966 142.5687412184038 561.592041015625 1.281005859375 125.64285227792722 11234
270 336.7 314.1668286053058 253.75512762090514 606.8330078125 1.281005859375 178.40450197613174 13583
280 367.7 292.1666262089514 258.39890645035473 606.8330078125 1.281005859375 205.37274703574408 16950
290 371.5 447.5315379742178 396.8499919334984 1762.862060546875 1.251953125 220.8447542941861 20627
300 125.6 331.86045711055704 319.25394270142993 1762.862060546875 1.251953125 255.44098309097018 24342
310 0 0 0 1762.862060546875 1.251953125 259.190606474383 25598
313 0 0 0 1762.862060546875 1.251953125 259.190606474383 25598
