0 0.9 896.5774468315972 860.0234870041479 2583.1220703125 50.053955078125 0 0
10 0.8 2132.8604125976563 2878.27939883356 9431.14111328125 50.053955078125 896.5774468315972 9
20 1 2319.3401123046874 1960.2431569898856 9431.14111328125 50.053955078125 1478.357666015625 17
30 0.7 4851.401436941965 5922.061130228701 15468.14892578125 50.053955078125 1789.8326461226852 27
40 1.5 3046.7874674479167 2566.2280579489716 15468.14892578125 50.053955078125 2420.155632467831 34
50 2 2592.8157470703127 2491.739994014193 15468.14892578125 20.071044921875 2611.9817044005104 49
60 2.8 1941.2627912248881 1674.7385229350252 15468.14892578125 20.071044921875 2606.4263544497285 69
70 3.2 1800.1116943359375 1688.2266962778276 15468.14892578125 20.071044921875 2414.4203774363727 97
80 3.5 1979.907868303571 1740.919517090373 15468.14892578125 14.067138671875 2262.0337273649466 129
90 7.9 1882.9879969343353 1852.1755280952627 15468.14892578125 14.067138671875 2201.823940370141 164
100 8.2 1866.286737209413 1935.919283057494 15468.14892578125 14.067138671875 2098.1694567017103 243
110 6.5 2115.8312950721156 1968.3289127666535 15468.14892578125 14.067138671875 2039.663662860577 325
120 11.5 1955.8204971976902 2060.785727998903 15468.14892578125 14.067138671875 2052.3582682291667 390
130 15.2 2028.6976880525292 1924.3318952844152 15468.14892578125 14.067138671875 2030.3744193804146 505
140 14.1 2146.384687707781 1908.390925270403 15468.14892578125 14.067138671875 2029.9864998037956 657
150 21.4 1654.7929493556512 1512.2866602872873 15468.14892578125 9.112060546875 2050.5530969146503 798
160 30.5 2235.175638767932 2123.4051036839096 15468.14892578125 9.112060546875 1966.8646862648225 1012
170 30.6 1943.8967309091618 1971.805229512128 15468.14892578125 9.112060546875 2029.0019987275775 1317
180 45.5 1751.0876700935783 1826.827592971495 15468.14892578125 9.112060546875 2012.9562735566378 1623
190 62.7 2080.5897798918486 2059.7918751605034 15468.14892578125 9.112060546875 1955.6173830004818 2078
200 59.1 1972.1415160513163 1946.1643958833597 15468.14892578125 9.112060546875 1984.5851067900887 2705
210 92.1 1774.477513349536 1715.0248837695326 15468.14892578125 9.112060546875 1982.3538682808005 3296
220 126.5 1995.7018353971098 1961.3657052418387 15468.14892578125 9.112060546875 1936.9533174409394 4217
230 125.7 2024.5190499608439 1978.9463306513014 15468.14892578125 9.112060546875 1950.5098433830326 5482
240 180.5 1910.7154068289035 1683.7835744090753 15468.14892578125 9.112060546875 1964.3144987723053 6739
250 233 2360.929513248557 1848.8490308846006 15468.14892578125 9.112060546875 1952.9911887351052 8544
260 234.7 2422.0897625084863 2015.6763484921785 16535.31787109375 5.985107421875 2040.4011846994551 10874
270 309 2217.3485732390254 1978.8726903606141 19118.64501953125 5.985107421875 2108.1587743006803 13221
280 366.7 2286.3171165680615 1984.7973333772197 19118.64501953125 5.985107421875 2128.843985429335 16311
290 370.2 2463.674709128402 1983.5750829665099 19118.64501953125 5.985107421875 2157.748478966512 19978
300 189.7 2995.0719088733817 2406.355470012787 19118.64501953125 5.985107421875 2205.575290793341 23680
310 2 11122.474609375 3076.0103517653492 21024.343017578125 5.985107421875 2264.130832275838 25577
313 0.1 19156.10693359375 0.0 21024.343017578125 5.985107421875 2271.0522244523427 25597
