0 192.35 192.35
10 211.58671875 403.93671875
20 153.88125 557.81796875
30 173.11640625 730.934375
40 250.05625 980.990625
50 403.9375 1384.928125
60 596.28984375 1981.21796875
70 653.9953125 2635.21328125
80 653.9953125 3289.20859375
90 1519.57421875 4808.7828125
100 1788.86875 6597.6515625
110 1269.51875 7867.1703125
120 2404.39375 10271.5640625
130 2827.56640625 13099.13046875
140 2673.684375 15772.81484375
150 5039.6078125 20812.42265625
160 5693.5984375 26506.02109375
170 5693.59296875 32199.6140625
180 10136.909375 42336.5234375
190 11560.315625 53896.8390625
200 11541.078125 65437.9171875
210 19273.6078125 84711.525
220 24159.32890625 108870.85390625
230 24524.7671875 133395.62109375
240 37225.62578125 170621.246875
250 42467.80234375 213089.04921875
260 40940.31484375 254029.3640625
270 39400.840625 293430.2046875
280 39837.959375 333268.1640625
290 40738.18125 374006.3453125
300 13240.01640625 387246.36171875
310 0 387246.36171875
313 0 387246.36171875
