0 0.6 32.159627278645836 45.43348942866583 113.301025390625 0.90283203125 0 0
10 1.4 0.9713657924107143 0.3868699258974207 113.301025390625 0.809814453125 32.159627278645836 6
20 0.4 0.9005126953125 0.08345441168225477 113.301025390625 0.809814453125 10.32784423828125 20
30 1.1 1.0235262784090908 0.3281863146665773 113.301025390625 0.748046875 8.756622314453125 24
40 2.4 0.848297119140625 0.06726354142010622 113.301025390625 0.718994140625 6.326220703125 35
50 2 0.898681640625 0.10335819581066298 113.301025390625 0.6669921875 4.097912804555085 59
60 3.4 0.9527013442095589 0.38442202493767025 113.301025390625 0.6669921875 3.2879808643196204 79
70 3.7 0.8580751161317568 0.12592299738587714 113.301025390625 0.664794921875 2.5853303892422566 113
80 4.7 0.878168633643617 0.34409498869601035 113.301025390625 0.664794921875 2.159274088541667 150
90 6.3 0.7830829923115079 0.13445310067707364 113.301025390625 0.6240234375 1.8536296399111676 197
100 7.5 0.9294661458333333 1.0796021940173144 113.301025390625 0.6240234375 1.5942279522235576 260
110 8.8 0.8802074085582386 0.5961260682426863 113.301025390625 0.609130859375 1.445400682136194 335
120 0.8 0.796142578125 0.04954024777681176 113.301025390625 0.609130859375 1.3278191027630024 423
130 0 0 0 113.301025390625 0.609130859375 1.3179503969692576 431
140 0 0 0 113.301025390625 0.609130859375 1.3179503969692576 431
150 0 0 0 113.301025390625 0.609130859375 1.3179503969692576 431
160 0.1 0.819091796875 0.0 113.301025390625 0.609130859375 1.3179503969692576 431
170 0 0 0 113.301025390625 0.609130859375 1.3167956316912617 432
180 0.1 0.819091796875 0.0 113.301025390625 0.609130859375 1.3167956316912617 432
190 0 0 0 113.301025390625 0.609130859375 1.3156462002020786 433
200 0 0 0 113.301025390625 0.609130859375 1.3156462002020786 433
210 0 0 0 113.301025390625 0.609130859375 1.3156462002020786 433
220 0 0 0 113.301025390625 0.609130859375 1.3156462002020786 433
230 0 0 0 113.301025390625 0.609130859375 1.3156462002020786 433
240 0 0 0 113.301025390625 0.609130859375 1.3156462002020786 433
250 0 0 0 113.301025390625 0.609130859375 1.3156462002020786 433
260 0 0 0 113.301025390625 0.609130859375 1.3156462002020786 433
270 0 0 0 113.301025390625 0.609130859375 1.3156462002020786 433
280 0 0 0 113.301025390625 0.609130859375 1.3156462002020786 433
290 0 0 0 113.301025390625 0.609130859375 1.3156462002020786 433
300 0 0 0 113.301025390625 0.609130859375 1.3156462002020786 433
307 0 0 0 113.301025390625 0.609130859375 1.3156462002020786 433
