0 0.1 1.764771125841641 0 1.764771125841641 1.764771125841641 0 0
10 0.1 2.747791952894995 0.0 2.747791952894995 1.764771125841641 1.764771125841641 1
20 0.1 1.6765285996055226 0.0 2.747791952894995 1.6765285996055226 2.256281539368318 2
30 0.1 1.7769002961500493 0.0 2.747791952894995 1.6765285996055226 2.063030559447386 3
40 0.1 2.472799208704253 0.0 2.747791952894995 1.6765285996055226 1.9914979936230521 4
50 0.1 1.5779092702169626 0.0 2.747791952894995 1.5779092702169626 2.087758236639292 5
60 0.1 2.546523016650343 0.0 2.747791952894995 1.5779092702169626 2.0027834089022374 6
70 0.1 2.9585798816568047 0.0 2.9585798816568047 1.5779092702169626 2.0804604957233956 7
80 0.1 3.143418467583497 0.0 3.143418467583497 1.5779092702169626 2.190225418965072 8
90 0.1 4.906771344455349 0.0 4.906771344455349 1.5779092702169626 2.2961357577004526 9
100 0.1 6.031128404669261 0.0 6.031128404669261 1.5779092702169626 2.557199316375942 10
110 0.1 7.59493670886076 0.0 7.59493670886076 1.5779092702169626 2.8730110516753347 11
120 0.1 7.314725697786333 0.0 7.59493670886076 1.5779092702169626 3.2665048564407866 12
130 0.1 6.555772994129158 0.0 7.59493670886076 1.5779092702169626 3.5779064596212136 13
140 0.1 3.758654797230465 0.0 7.59493670886076 1.5779092702169626 3.7906112120860667 14
150 0.1 3.054187192118227 0.0 7.59493670886076 1.5779092702169626 3.7884807844290265 15
160 0.1 2.66798418972332 0.0 7.59493670886076 1.5779092702169626 3.7425874349096016 16
170 0.1 1.483679525222552 0.0 7.59493670886076 1.483679525222552 3.6793754793104085 17
180 0.1 2.6522593320235757 0.0 7.59493670886076 1.483679525222552 3.557392370749972 18
190 0.1 1.7733990147783252 0.0 7.59493670886076 1.483679525222552 3.5097537897643725 19
200 0.1 2.3692003948667324 0.0 7.59493670886076 1.483679525222552 3.42293605101507 20
210 0.1 1.8682399213372665 0.0 7.59493670886076 1.483679525222552 3.372758162627054 21
220 0.1 1.4749262536873156 0.0 7.59493670886076 1.4749262536873156 3.3043709698411545 22
230 0.1 2.0710059171597637 0.0 7.59493670886076 1.4749262536873156 3.22482989522577 23
240 0.1 1.183431952662722 0.0 7.59493670886076 1.183431952662722 3.1767538961396866 24
250 0.1 2.65748031496063 0.0 7.59493670886076 1.183431952662722 3.097021018400608 25
260 0.1 2.561576354679803 0.0 7.59493670886076 1.183431952662722 3.08011560672984 26
270 0.1 1.2807881773399015 0.0 7.59493670886076 1.183431952662722 3.0609104492465047 27
280 0.1 1.0848126232741617 0.0 7.59493670886076 1.0848126232741617 2.997334653821269 28
290 0.1 1.1822660098522169 0.0 7.59493670886076 1.0848126232741617 2.931385618285162 29
300 0.1 1.27826941986234 0.0 7.59493670886076 1.0848126232741617 2.873081631337397 30
307 0.1 0.9871668311944718 0.0 7.59493670886076 0.9871668311944718 2.821636076128524 31
