0 0.1 3160.1171875 0 3160.1171875 3160.1171875 0 0
10 0.1 3160.51171875 0.0 3160.51171875 3160.1171875 3160.1171875 1
20 0.1 3160.1640625 0.0 3160.51171875 3160.1171875 3160.314453125 2
30 0.1 3159.83203125 0.0 3160.51171875 3159.83203125 3160.2643229166665 3
40 0.1 3158.38671875 0.0 3160.51171875 3158.38671875 3160.15625 4
50 0.1 3158.03125 0.0 3160.51171875 3158.03125 3159.80234375 5
60 0.1 3157.31640625 0.0 3160.51171875 3157.31640625 3159.5071614583335 6
70 0.1 3154.66015625 0.0 3160.51171875 3154.66015625 3159.1941964285716 7
80 0.1 3152.703125 0.0 3160.51171875 3152.703125 3158.62744140625 8
90 0.1 3149.94921875 0.0 3160.51171875 3149.94921875 3157.969184027778 9
100 0.1 3147.4296875 0.0 3160.51171875 3147.4296875 3157.1671875 10
110 0.1 3144.0703125 0.0 3160.51171875 3144.0703125 3156.2819602272725 11
120 0.1 3143.171875 0.0 3160.51171875 3143.171875 3155.2643229166665 12
130 0.1 3142.70703125 0.0 3160.51171875 3142.70703125 3154.3341346153848 13
140 0.1 3142.63671875 0.0 3160.51171875 3142.63671875 3153.5036272321427 14
150 0.1 3142.515625 0.0 3160.51171875 3142.515625 3152.7791666666667 15
160 0.1 3142.421875 0.0 3160.51171875 3142.421875 3152.1376953125 16
170 0.1 3142.48046875 0.0 3160.51171875 3142.421875 3151.5661764705883 17
180 0.1 3142.5078125 0.0 3160.51171875 3142.421875 3151.0614149305557 18
190 0.1 3142.50390625 0.0 3160.51171875 3142.421875 3150.6112253289475 19
200 0.1 3142.52734375 0.0 3160.51171875 3142.421875 3150.205859375 20
210 0.1 3142.5390625 0.0 3160.51171875 3142.421875 3149.8402157738096 21
220 0.1 3142.5390625 0.0 3160.51171875 3142.421875 3149.5083451704545 22
230 0.1 3142.546875 0.0 3160.51171875 3142.421875 3149.205332880435 23
240 0.1 3142.41015625 0.0 3160.51171875 3142.41015625 3148.9278971354165 24
250 0.1 3142.42578125 0.0 3160.51171875 3142.41015625 3148.6671875 25
260 0.1 3141.2421875 0.0 3160.51171875 3141.2421875 3148.4271334134614 26
270 0.1 3142.87109375 0.0 3160.51171875 3141.2421875 3148.1610243055557 27
280 0.1 3142.93359375 0.0 3160.51171875 3141.2421875 3147.972098214286 28
290 0.1 3142.94140625 0.0 3160.51171875 3141.2421875 3147.7983566810344 29
300 0.1 3141.4140625 0.0 3160.51171875 3141.2421875 3147.6364583333334 30
307 0.1 3142.80078125 0.0 3160.51171875 3141.2421875 3147.4357358870966 31
