0 1.4 63.918125697544646 74.7692597548835 281.73388671875 7.545166015625 0 0
10 2.7 101.33857783564815 168.94952565138206 850.85107421875 7.545166015625 63.918125697544646 14
20 2 6878.520947265625 2962.4032668977643 17356.73193359375 7.545166015625 88.56086247141768 41
30 5.7 4617.101995100054 5867.71796082329 23063.498046875 7.545166015625 2314.7772837154203 61
40 0.1 25337.902099609375 0.0 25337.902099609375 7.545166015625 3426.9171866724046 118
50 2.5 15201.5655078125 4473.771916305201 30865.3779296875 7.545166015625 3611.0431103105307 119
60 6 12531.21484781901 5755.725715525889 30865.3779296875 0.85791015625 5623.286582099066 144
70 16.1 1511.0918484326482 5815.5972295945885 36229.451171875 0.69580078125 7655.030189663757 204
80 33.7 3305.3516755146516 8279.2110274497 36229.451171875 0.656982421875 4944.96423640839 365
90 53.1 1088.9392080648238 5245.028609301813 36229.451171875 0.636962890625 4157.85678196225 702
100 70.9 2448.0850948877173 8288.412694356435 46566.3779296875 0.636962890625 2836.20614794803 1233
110 80.5 679.1985333365685 4306.238562529341 46566.3779296875 0.629150390625 2694.507987999646 1942
120 69.1 1951.974067036565 7677.104845957027 46566.3779296875 0.629150390625 2103.92767820577 2747
130 36.6 1944.9572600484548 7992.726748840147 47888.27099609375 0.629150390625 2073.3866818945658 3438
140 18.3 2094.5338034707997 9275.664993053284 57229.570068359375 0.629150390625 2061.029907868363 3804
150 15.7 8938.041216224621 16927.043273724386 66874.07983398438 0.629150390625 2062.567708945676 3987
160 7.6 727.5650666889392 6290.083609055908 66874.07983398438 0.629150390625 2323.0525884444196 4144
170 5.5 33092.978022904834 23212.08118294613 75111.90478515625 0.629150390625 2294.3186899483494 4220
180 5.8 33172.57985924028 15374.883858448991 75111.90478515625 0.629150390625 2690.5587515419415 4275
190 1.9 37202.351626747535 22085.132194296013 75111.90478515625 0.629150390625 3098.580266484592 4333
200 7.9 21154.44492929193 12289.912935834798 75111.90478515625 0.629150390625 3247.4708124048575 4352
210 0.3 28863.828287760418 10457.135354617745 75111.90478515625 0.629150390625 3566.7330455879037 4431
220 6 22464.42755940755 6841.890698375719 75111.90478515625 0.629150390625 3583.84880691549 4434
230 1.6 18097.904098510735 7689.68560555365 75111.90478515625 0.629150390625 3835.9259598192557 4494
240 4 25588.534216308595 7481.656547542142 75111.90478515625 0.629150390625 3886.5227780496466 4510
250 13.6 4163.031874712774 8757.898525261799 75111.90478515625 0.629150390625 4077.3096917925823 4550
260 3 10.509244791666667 3.7718261778448694 75111.90478515625 0.629150390625 4079.7975741820715 4686
270 0.9 10.152587890625 4.4407316896175315 75111.90478515625 0.629150390625 4053.911516107069 4716
280 0.9 11.427001953125 3.7698009423040526 75111.90478515625 0.629150390625 4046.2091181485616 4725
290 0.4 11.4547119140625 4.151166120894739 75111.90478515625 0.629150390625 4038.53842971473 4734
300 0.2 7.900146484375 0.97998046875 75111.90478515625 0.629150390625 4035.1386123083976 4738
307 0.1 7.02197265625 0.0 75111.90478515625 0.629150390625 4033.439355571763 4740
