10 0.1 2020 0 2020 2020 0 0
20 0.1 1599.0 0.0 2020 1599 2020.0 1
30 0.1 2357.0 0.0 2357 1599 1809.5 2
40 0.1 6138.0 0.0 6138 1599 1992.0 3
50 0.1 423.0 0.0 6138 423 3028.5 4
60 0.1 3574.0 0.0 6138 423 2507.4 5
70 0.1 3853.0 0.0 6138 423 2685.1666666666665 6
80 0.1 1323.0 0.0 6138 423 2852.0 7
90 0.1 4515.0 0.0 6138 423 2660.875 8
100 0.1 3472.0 0.0 6138 423 2866.8888888888887 9
110 0.1 5621.0 0.0 6138 423 2927.4 10
120 0.1 2207.0 0.0 6138 423 3172.2727272727275 11
130 0.1 5027.0 0.0 6138 423 3091.8333333333335 12
140 0.1 3210.0 0.0 6138 423 3240.6923076923076 13
150 0.1 1795.0 0.0 6138 423 3238.5 14
160 0.1 4057.0 0.0 6138 423 3142.266666666667 15
170 0.1 723.0 0.0 6138 423 3199.4375 16
180 0.1 4650.0 0.0 6138 423 3053.764705882353 17
190 0.1 1656.0 0.0 6138 423 3142.4444444444443 18
200 0.1 4364.0 0.0 6138 423 3064.2105263157896 19
210 0.1 1713.0 0.0 6138 423 3129.2 20
220 0.1 1025.0 0.0 6138 423 3061.7619047619046 21
230 0.1 2618.0 0.0 6138 423 2969.181818181818 22
240 0.1 660.0 0.0 6138 423 2953.913043478261 23
250 0.1 5495.0 0.0 6138 423 2858.3333333333335 24
260 0.1 2086.0 0.0 6138 423 2963.8 25
270 0.1 289.0 0.0 6138 289 2930.0384615384614 26
280 0.1 80.0 0.0 6138 80 2832.222222222222 27
290 0.1 37.0 0.0 6138 37 2733.9285714285716 28
300 0.1 70.0 0.0 6138 37 2640.9310344827586 29
307 0.1 8.0 0.0 6138 8 2555.233333333333 30
