0 1.4 63.918125697544646 74.7692597548835 281.73388671875 7.545166015625 0 0
10 2.7 101.33857783564815 168.94952565138206 850.85107421875 7.545166015625 63.918125697544646 14
20 2 6878.520947265625 2962.4032668977643 17356.73193359375 7.545166015625 88.56086247141768 41
30 5.7 4617.101995100054 5867.71796082329 23063.498046875 7.545166015625 2314.7772837154203 61
40 0.1 25337.902099609375 0.0 25337.902099609375 7.545166015625 3426.9171866724046 118
50 2.5 15201.5655078125 4473.771916305201 30865.3779296875 7.545166015625 3611.0431103105307 119
60 6.2 12505.33296843498 5664.395102828929 30865.3779296875 0.85791015625 5623.286582099066 144
70 16.3 1612.3861031561541 5950.010156784497 36229.451171875 0.69580078125 7694.582096433177 206
80 34.3 3179.1358553605596 8006.752093588766 36229.451171875 0.656982421875 5007.866793169885 369
90 55.3 1045.6059746906076 5144.045509662642 36229.451171875 0.636962890625 4126.891074534213 712
100 74.8 2294.3161271855156 7981.7703582735985 46566.3779296875 0.635986328125 2779.894505195467 1265
110 85.7 668.6438287403371 4267.449138526573 46566.3779296875 0.629150390625 2599.461009541496 2013
120 77 1785.6723870611816 7349.244817136575 46566.3779296875 0.6279296875 2022.9068896994775 2870
130 42.5 1747.1696541819854 7578.853146568013 47888.27099609375 0.613037109375 1972.72266798753 3640
140 22.3 1901.0987893690442 8831.942067341086 57229.570068359375 0.613037109375 1949.1408645761262 4065
150 19 8337.6753880551 16036.35179056672 57229.570068359375 0.613037109375 1946.642407773146 4288
160 9.3 594.5171528477823 5693.149300564763 57229.570068359375 0.613037109375 2217.811739227717 4478
170 6.5 32464.751923076925 21347.18519452904 64582.60400390625 0.613037109375 2184.78474370522 4571
180 6.5 27145.35910456731 8964.400457868305 64582.60400390625 0.613037109375 2609.331306832735 4636
190 2 23762.529382324217 15211.14400032931 71172.63818359375 0.613037109375 2948.587168745679 4701
200 9.5 17144.391848273022 9277.779480409034 71172.63818359375 0.613037109375 3036.7631577885873 4721
210 0.3 22139.742350260418 11201.681506868263 71172.63818359375 0.613037109375 3315.0490227379273 4816
220 6.2 20074.119892735634 5061.647698870544 71172.63818359375 0.613037109375 3326.7680681794227 4819
230 2.5 16346.33662109375 6381.892859455519 71172.63818359375 0.613037109375 3539.49820813486 4881
240 4.5 21833.715798611112 5318.855487052295 71172.63818359375 0.613037109375 3604.7593088939248 4906
250 15.4 2924.4164468344147 7306.037699216371 71172.63818359375 0.613037109375 3770.4436235853555 4951
260 3.5 8.992410714285715 3.000193689185568 71172.63818359375 0.613037109375 3744.9219418577068 5105
270 1.1 8.288307883522727 1.797977451441965 71172.63818359375 0.613037109375 3719.482732988053 5140
280 1.2 8.541259765625 2.5769347843960997 71172.63818359375 0.613037109375 3711.5574488342677 5151
290 0.6 7.5994873046875 0.42989041132365824 71172.63818359375 0.613037109375 3702.9507871513656 5163
300 0.2 7.900146484375 0.97998046875 71172.63818359375 0.613037109375 3698.6613486141086 5169
307 0.1 7.02197265625 0.0 71172.63818359375 0.613037109375 3697.233864103519 5171
