10 0.1 1029 0 1029 1029 0 0
20 0.1 801.0 0.0 1029 801 1029.0 1
30 0.1 1146.0 0.0 1146 801 915.0 2
40 0.1 2882.0 0.0 2882 801 992.0 3
50 0.1 257.0 0.0 2882 257 1464.5 4
60 0.1 1591.0 0.0 2882 257 1223.0 5
70 0.1 1970.0 0.0 2882 257 1284.3333333333333 6
80 0.1 954.0 0.0 2882 257 1382.2857142857142 7
90 0.1 2689.0 0.0 2882 257 1328.75 8
100 0.1 2624.0 0.0 2882 257 1479.888888888889 9
110 0.1 3941.0 0.0 3941 257 1594.3 10
120 0.1 2535.0 0.0 3941 257 1807.6363636363637 11
130 0.1 3577.0 0.0 3941 257 1868.25 12
140 0.1 2191.0 0.0 3941 257 1999.6923076923076 13
150 0.1 1142.0 0.0 3941 257 2013.357142857143 14
160 0.1 2090.0 0.0 3941 257 1955.2666666666667 15
170 0.1 477.0 0.0 3941 257 1963.6875 16
180 0.1 2088.0 0.0 3941 257 1876.235294117647 17
190 0.1 766.0 0.0 3941 257 1888.0 18
200 0.1 2080.0 0.0 3941 257 1828.9473684210527 19
210 0.1 869.0 0.0 3941 257 1841.5 20
220 0.1 483.0 0.0 3941 257 1795.1904761904761 21
230 0.1 1153.0 0.0 3941 257 1735.5454545454545 22
240 0.1 306.0 0.0 3941 257 1710.2173913043478 23
250 0.1 2423.0 0.0 3941 257 1651.7083333333333 24
260 0.1 1165.0 0.0 3941 257 1682.56 25
270 0.1 205.0 0.0 3941 205 1662.6538461538462 26
280 0.1 62.0 0.0 3941 62 1608.6666666666667 27
290 0.1 34.0 0.0 3941 34 1553.4285714285713 28
300 0.1 57.0 0.0 3941 34 1501.0344827586207 29
307 0.1 9.0 0.0 3941 9 1452.9 30
