70 0.1 70477.97900390625 0 70477.97900390625 70477.97900390625 0 0
80 0.2 45140.12548828125 32128.9755859375 77269.10107421875 13011.14990234375 70477.97900390625 1
90 1.4 38117.7621372768 24099.4964807142 87762.994140625 9355.137939453125 53586.07666015625 3
100 2.5 45913.99414062502 26413.475554966553 100447.041015625 9299.9521484375 40847.464700137876 17
110 5.1 46966.98269952512 25889.828496406983 111127.76806640625 9299.9521484375 43863.25603376117 42
120 6.2 42598.00862367691 25040.34022715183 113685.13891601563 9299.9521484375 45565.29968918011 93
130 6.8 43689.09360997817 24120.34544207784 130711.94702148438 9299.9521484375 44378.38326297883 155
140 4.1 49503.24484922828 25956.769205548342 134889.9599609375 9299.9521484375 44168.19628358849 223
150 2.3 60691.06981360394 23659.007548904854 134889.9599609375 9299.9521484375 44996.74549264619 264
160 2.3 74512.42352029552 26965.014445661574 134889.9599609375 9299.9521484375 46254.478800597506 287
170 0.6 108473.18733723958 35519.33100832221 160118.083984375 9299.9521484375 48351.035989478325 310
180 1 81927.8293701172 18727.441622092152 160118.083984375 9299.9521484375 49492.59582519531 316
190 0.2 95524.02856445313 5057.7734375 160118.083984375 9299.9521484375 50487.54163945672 326
200 1.7 114859.37277401195 28707.11306155809 170969.26391601563 9299.9521484375 50762.15436460914 328
210 0 0 0 170969.26391601563 9299.9521484375 53920.56802536232 345
220 1.6 143858.75033569336 38163.31894966655 219428.1611328125 9299.9521484375 53920.56802536232 345
230 0.3 140678.7667643229 20782.507158659595 219428.1611328125 9299.9521484375 57906.74785075095 361
240 1.1 150705.14098011365 21190.806571891593 219428.1611328125 9299.9521484375 58588.93481981885 364
250 3.7 151661.4585422825 17471.287287944957 219428.1611328125 9299.9521484375 61291.01020052083 375
260 1 163051.07045898438 12698.495722273537 219428.1611328125 9299.9521484375 69406.80289140719 412
270 0.3 167979.4052734375 10332.267283923595 219428.1611328125 9299.9521484375 71625.86136457253 422
280 0.3 180531.09936523438 11993.483954343494 219428.1611328125 9299.9521484375 72306.00402745864 425
290 0.1 184050.39697265625 0.0 219428.1611328125 9299.9521484375 73064.5911443122 428
300 0.1 183664.26196289063 0.0 219428.1611328125 9299.9521484375 73323.29931640624 429
307 0.1 228962.3720703125 0.0 228962.3720703125 9299.9521484375 73579.90620628178 430
