0 4.31484375 4.31484375
10 12.115625 16.43046875
20 6.67578125 23.10625
30 15.93828125 39.04453125
40 10.30625 49.35078125
50 11.775 61.12578125
60 24.44609375 85.571875
70 27.87734375 113.44921875
80 72.97421875 186.4234375
90 121.74921875 308.17265625
100 161.1125 469.28515625
110 181.61640625 650.9015625
120 164.6109375 815.5125
130 119.6375 935.15
140 68.2796875 1003.4296875
150 66.63359375 1070.06328125
160 36.8015625 1106.86484375
170 20.234375 1127.09921875
180 22.18984375 1149.2890625
190 9.1828125 1158.471875
200 31.57265625 1190.04453125
210 3.8296875 1193.87421875
220 17.6328125 1211.50703125
230 10.58828125 1222.0953125
240 8.04609375 1230.14140625
250 51.05546875 1281.196875
260 14.7890625 1295.9859375
270 5.053125 1301.0390625
280 5.4046875 1306.44375
290 2.66875 1309.1125
300 0.934375 1310.046875
307 0.41875 1310.465625
