0 1189.996875 1189.996875
10 2716.70078125 3906.69765625
20 2598.3015625 6504.99921875
30 6757.17265625 13262.171875
40 402.51875 13664.690625
50 3080.9796875 16745.6703125
60 4905.84296875 21651.51328125
70 1220.07890625 22871.5921875
80 3195.94765625 26067.53984375
90 1771.91875 27839.45859375
100 7695.35703125 35534.815625
110 1836.465625 37371.28125
120 4374.54765625 41745.82890625
130 3544.7390625 45290.56796875
140 1634.08046875 46924.6484375
150 4346.2625 51270.9109375
160 716.125 51987.0359375
170 3080.85625 55067.8921875
180 3651.0625 58718.9546875
190 1437.71328125 60156.66796875
200 4990.7828125 65147.45078125
210 20.4421875 65167.89296875
220 3062.146875 68230.03984375
230 1429.55 69659.58984375
240 3100.6296875 72760.21953125
250 4407.4234375 77167.64296875
260 474.5328125 77642.17578125
270 38.5703125 77680.74609375
280 57.49609375 77738.2421875
290 38.1734375 77776.415625
300 0.159375 77776.575
307 0.07734375 77776.65234375
