0 0.1 1.7859702932014963 0 1.7859702932014963 1.7859702932014963 0 0
10 0.1 3.996101364522417 0.0 3.996101364522417 1.7859702932014963 1.7859702932014963 1
20 0.1 1.3806706114398422 0.0 3.996101364522417 1.3806706114398422 2.8910358288619564 2
30 0.1 1.2845849802371543 0.0 3.996101364522417 1.2845849802371543 2.3875807563879183 3
40 0.1 3.9292730844793713 0.0 3.996101364522417 1.2845849802371543 2.1118318123502275 4
50 0.1 1.9762845849802373 0.0 3.996101364522417 1.2845849802371543 2.475320066776056 5
60 0.1 1.6748768472906401 0.0 3.996101364522417 1.2845849802371543 2.392147486476753 6
70 0.1 1.966568338249754 0.0 3.996101364522417 1.2845849802371543 2.2896802523073085 7
80 0.1 3.7181996086105675 0.0 3.996101364522417 1.2845849802371543 2.249291263050114 8
90 0.1 4.019607843137255 0.0 4.019607843137255 1.2845849802371543 2.41250330144572 9
100 0.1 6.595538312318137 0.0 6.595538312318137 1.2845849802371543 2.5732137556148738 10
110 0.1 9.002904162633108 0.0 9.002904162633108 1.2845849802371543 2.938879624406079 11
120 0.1 9.849906191369605 0.0 9.849906191369605 1.2845849802371543 3.444215002591665 12
130 0.1 6.110572259941804 0.0 9.849906191369605 1.2845849802371543 3.9369604786515064 13
140 0.1 4.81335952848723 0.0 9.849906191369605 1.2845849802371543 4.0922184630293845 14
150 0.1 3.1189083820662766 0.0 9.849906191369605 1.2845849802371543 4.140294534059908 15
160 0.1 3.525954946131244 0.0 9.849906191369605 1.2845849802371543 4.076457899560307 16
170 0.1 2.0648967551622417 0.0 9.849906191369605 1.2845849802371543 4.04407537288801 17
180 0.1 1.9646365422396856 0.0 9.849906191369605 1.2845849802371543 3.9341210052365785 18
190 0.1 2.4485798237022527 0.0 9.849906191369605 1.2845849802371543 3.830463928236742 19
200 0.1 1.2833168805528135 0.0 9.849906191369605 1.2833168805528135 3.7613697230100174 20
210 0.1 1.678183613030602 0.0 9.849906191369605 1.2833168805528135 3.6433672067025316 21
220 0.1 1.4792899408284024 0.0 9.849906191369605 1.2833168805528135 3.5540406797174438 22
230 0.1 1.8682399213372665 0.0 9.849906191369605 1.2833168805528135 3.463834125852703 23
240 0.1 3.048180924287119 0.0 9.849906191369605 1.2833168805528135 3.397351033997893 24
250 0.1 1.3806706114398422 0.0 9.849906191369605 1.2833168805528135 3.383384229609462 25
260 0.1 2.359882005899705 0.0 9.849906191369605 1.2833168805528135 3.3063567827567844 26
270 0.1 1.0869565217391304 0.0 9.849906191369605 1.0869565217391304 3.2713021613917075 27
