0 2.8 180.15006801060267 296.85586905121045 1306.779052734375 5.9599609375 0 0
10 1 155.058642578125 99.73468034102578 1306.779052734375 5.9599609375 180.15006801060267 28
20 0.6 15744.305501302084 2627.860972195489 21288.850830078125 5.9599609375 173.5470613178454 38
30 9.5 4267.868616365134 5976.3744924326065 26419.1650390625 5.9599609375 2296.8323031338778 44
40 1.5 11537.557828776042 6563.431821423655 34963.216064453125 5.9599609375 3643.943452464592 139
50 1.4 16345.363106863839 6944.527974997526 36866.89501953125 5.9599609375 4412.801995611811 154
60 3.6 8575.505594889322 10191.064618426626 36866.89501953125 1.123046875 5407.182088216147 168
70 15.3 1605.200899011948 7346.040589427543 39622.586181640625 0.632080078125 5966.298001158472 204
80 31.5 3079.3520593067933 10102.688077242938 44369.30078125 0.632080078125 4097.256385952819 357
90 53.5 0.9887325679030374 0.9107280800661388 44369.30078125 0.632080078125 3620.113732837495 672
100 76.1 4647.135208992074 13303.736057792707 57703.1171875 0.6240234375 2015.9448221960436 1207
110 92.9 673.016833614354 4902.717699006205 62417.64697265625 0.60498046875 3033.391917903248 1968
120 63.5 495.5081358421504 4352.248023327773 77092.90112304688 0.60498046875 2276.474950935909 2897
130 39.2 4155.837148238201 11062.724868212212 77092.90112304688 0.60498046875 1956.2841447115215 3532
140 24.5 1.1112912547831628 0.5587816258982915 77092.90112304688 0.60498046875 2176.015229671373 3924
150 13.3 10367.988962273846 19681.96926737523 77092.90112304688 0.60498046875 2048.202453247275 4169
160 8.4 25790.893807547433 13831.585176924997 77092.90112304688 0.60498046875 2305.4157507136943 4302
170 2.9 19951.436472925645 20030.413986385305 77092.90112304688 0.60498046875 2755.2060281359545 4386
180 5.3 26899.68744011645 12419.90572209366 77092.90112304688 0.60498046875 2868.159750196861 4415
190 0 0 0 77092.90112304688 0.60498046875 3153.224872749622 4468
200 3.9 30101.91609074519 7646.4669543055015 77092.90112304688 0.60498046875 3153.224872749622 4468
210 2.1 31574.815359933036 9233.008731570297 77092.90112304688 0.60498046875 3386.4174526257766 4507
220 2.4 46162.483489990234 12819.865791387094 77092.90112304688 0.60498046875 3517.1498634149666 4528
230 13.7 13907.22250477588 14365.123094023447 77092.90112304688 0.60498046875 3741.993450198316 4552
240 2.7 3881.0653483072915 9369.404325548474 77092.90112304688 0.60498046875 4038.99417113607 4689
250 7.3 5070.690048426798 9891.041566849228 77092.90112304688 0.60498046875 4038.0899984862867 4716
260 4.1 993.693008050686 4353.726407130682 77092.90112304688 0.60498046875 4053.830195530692 4789
270 1 10.5587890625 4.346070797297493 77092.90112304688 0.60498046875 4027.8538757197853 4830
