10 0.1 1353 0 1353 1353 0 0
20 0.1 137.0 0.0 1353 137 1353.0 1
30 0.1 334.0 0.0 1353 137 745.0 2
40 0.1 3695.0 0.0 3695 137 608.0 3
50 0.1 1142.0 0.0 3695 137 1379.75 4
60 0.1 529.0 0.0 3695 137 1332.2 5
70 0.1 441.0 0.0 3695 137 1198.3333333333333 6
80 0.1 1618.0 0.0 3695 137 1090.142857142857 7
90 0.1 1703.0 0.0 3695 137 1156.125 8
100 0.1 1520.0 0.0 3695 137 1216.888888888889 9
110 0.1 5351.0 0.0 5351 137 1247.2 10
120 0.1 2950.0 0.0 5351 137 1620.2727272727273 11
130 0.1 2294.0 0.0 5351 137 1731.0833333333333 12
140 0.1 3034.0 0.0 5351 137 1774.3846153846155 13
150 0.1 605.0 0.0 5351 137 1864.357142857143 14
160 0.1 2286.0 0.0 5351 137 1780.4 15
170 0.1 670.0 0.0 5351 137 1812.0 16
180 0.1 1083.0 0.0 5351 137 1744.8235294117646 17
190 0.1 1528.0 0.0 5351 137 1708.0555555555557 18
200 0.1 344.0 0.0 5351 137 1698.578947368421 19
210 0.1 793.0 0.0 5351 137 1630.85 20
220 0.1 493.0 0.0 5351 137 1590.952380952381 21
230 0.1 966.0 0.0 5351 137 1541.0454545454545 22
240 0.1 2008.0 0.0 5351 137 1516.0434782608695 23
250 0.1 353.0 0.0 5351 137 1536.5416666666667 24
260 0.1 1235.0 0.0 5351 137 1489.2 25
270 0.1 170.0 0.0 5351 137 1479.423076923077 26
