10 0.1 225 0 225 225 0 0
20 0.1 235.0 0.0 235 225 225.0 1
30 0.1 229.0 0.0 235 225 230.0 2
40 0.1 492.0 0.0 492 225 229.66666666666666 3
50 0.1 452.0 0.0 492 225 295.25 4
60 0.1 336.0 0.0 492 225 326.6 5
70 0.1 1078.0 0.0 1078 225 328.1666666666667 6
80 0.1 730.0 0.0 1078 225 435.2857142857143 7
90 0.1 920.0 0.0 1078 225 472.125 8
100 0.1 1777.0 0.0 1777 225 521.8888888888889 9
110 0.1 1679.0 0.0 1777 225 647.4 10
120 0.1 1933.0 0.0 1933 225 741.1818181818181 11
130 0.1 3599.0 0.0 3599 225 840.5 12
140 0.1 3613.0 0.0 3613 225 1052.6923076923076 13
150 0.1 3211.0 0.0 3613 225 1235.5714285714287 14
160 0.1 7462.0 0.0 7462 225 1367.2666666666667 15
170 0.1 7257.0 0.0 7462 225 1748.1875 16
180 0.1 7302.0 0.0 7462 225 2072.235294117647 17
190 0.1 13809.0 0.0 13809 225 2362.777777777778 18
200 0.1 14249.0 0.0 14249 225 2965.2105263157896 19
210 0.1 14384.0 0.0 14384 225 3529.4 20
220 0.1 26890.0 0.0 26890 225 4046.285714285714 21
230 0.1 27393.0 0.0 27393 225 5084.636363636364 22
240 0.1 31279.0 0.0 31279 225 6054.565217391304 23
250 0.1 52922.0 0.0 52922 225 7105.583333333333 24
260 0.1 53609.0 0.0 53609 225 8938.24 25
270 0.1 54513.0 0.0 54513 225 10656.346153846154 26
280 0.1 57911.0 0.0 57911 225 12280.666666666666 27
290 0.1 58974.0 0.0 58974 225 13910.32142857143 28
300 0.1 45806.0 0.0 58974 225 15464.241379310344 29
308 0.1 362.0 0.0 58974 225 16475.633333333335 30
