0 0.6 19.649169921875 42.42076862571507 114.5048828125 0.641845703125 0 0
10 1.3 0.6963829627403846 0.036856158945328704 114.5048828125 0.59814453125 19.649169921875 6
20 0.7 0.7706473214285714 0.07195517021467193 114.5048828125 0.59814453125 6.6814735814144735 19
30 1.5 0.8333821614583333 0.21737640849739265 114.5048828125 0.59814453125 5.090097280649038 26
40 2.2 0.9282337535511364 0.7876233333119501 114.5048828125 0.56591796875 3.532762480945122 41
50 2.4 0.7052001953125 0.1059292523934815 114.5048828125 0.527099609375 2.6232445126488093 63
60 4.7 0.6562707779255319 0.12811544201339806 114.5048828125 0.52099609375 2.094128838900862 87
70 3.9 0.695625500801282 0.23428329205129644 114.5048828125 0.52099609375 1.5898054891557836 134
80 3.7 0.6685494087837838 0.13203381846078854 114.5048828125 0.511962890625 1.388227341492052 173
90 5.8 0.6525626346982759 0.07968228782408095 114.5048828125 0.487060546875 1.2614269438244048 210
100 7.1 0.611417528609155 0.10701857693628575 114.5048828125 0.487060546875 1.1296578022971082 268
110 8.5 0.6502326516544116 0.3237891704773737 114.5048828125 0.487060546875 1.0211178039730826 339
120 15.6 0.6412760416666663 0.3522355978416855 114.5048828125 0.468017578125 0.9467658276827831 424
130 15.8 0.659531991693038 0.4292951352945807 114.5048828125 0.468017578125 0.8645996093749999 580
140 16.1 0.5933921292701865 0.09497819724777741 114.5048828125 0.468017578125 0.8206962440718157 738
150 22.9 0.5860569050218347 0.09255453735348824 114.5048828125 0.468017578125 0.7799888330784205 899
160 33.5 0.6443825792910447 1.3077812887099427 114.5048828125 0.468017578125 0.7406179008754433 1128
170 33.9 0.6036884679203535 0.7186188014928957 114.5048828125 0.468017578125 0.718581788277512 1463
180 57.6 0.633572048611111 0.422677054856935 114.5048828125 0.468017578125 0.6969675620837956 1802
190 59.4 0.6227571121369953 0.8394877671091169 114.5048828125 0.468017578125 0.6816118784167366 2378
200 62 0.6073104366179429 0.22091135863777792 114.5048828125 0.468017578125 0.6698488463944734 2972
210 103.9 0.6016689443725948 0.19937219098842768 114.5048828125 0.465087890625 0.6590543547292593 3592
220 120.8 0.6236281237065396 0.473971565385607 114.5048828125 0.4521484375 0.646179502351679 4631
230 126.6 0.6635211866237165 1.0156569593559155 114.5048828125 0.4521484375 0.6415139662319105 5839
240 202.6 0.7695563147828222 0.9667904439216695 114.5048828125 0.4521484375 0.6454353090913091 7105
250 231 0.7390407281520563 0.8807159103651844 114.5048828125 0.4521484375 0.6729754643350946 9131
260 231.4 0.8166739184380399 1.3812482846412328 114.5048828125 0.4521484375 0.6863143996918974 11441
270 329.2 1.2692540332149895 2.0931267405544784 114.5048828125 0.447998046875 0.7082447469386131 13755
280 361.7 1.3940138770692259 2.3579966989161085 114.5048828125 0.447998046875 0.8165830217331125 17047
290 368 1.3145341292671504 2.0580371628654377 114.5048828125 0.447998046875 0.9176557764635964 20664
300 103.6 1.6040953411558876 2.6642832858723056 114.5048828125 0.447998046875 0.9776505323918366 24344
308 0 0 0 114.5048828125 0.447998046875 1.003221723167233 25380
