0 0.1 3160.07421875 0 3160.07421875 3160.07421875 0 0
10 0.1 3159.8515625 0.0 3160.07421875 3159.8515625 3160.07421875 1
20 0.1 3159.65625 0.0 3160.07421875 3159.65625 3159.962890625 2
30 0.1 3158.81640625 0.0 3160.07421875 3158.81640625 3159.8606770833335 3
40 0.1 3158.7265625 0.0 3160.07421875 3158.7265625 3159.599609375 4
50 0.1 3158.76953125 0.0 3160.07421875 3158.7265625 3159.425 5
60 0.1 3158.3984375 0.0 3160.07421875 3158.3984375 3159.3157552083335 6
70 0.1 3157.4375 0.0 3160.07421875 3157.4375 3159.1847098214284 7
80 0.1 3157.4453125 0.0 3160.07421875 3157.4375 3158.96630859375 8
90 0.1 3157.84375 0.0 3160.07421875 3157.4375 3158.797309027778 9
100 0.1 3157.3125 0.0 3160.07421875 3157.3125 3158.701953125 10
110 0.1 3156.5703125 0.0 3160.07421875 3156.5703125 3158.5756392045455 11
120 0.1 3156.4375 0.0 3160.07421875 3156.4375 3158.4085286458335 12
130 0.1 3153.953125 0.0 3160.07421875 3153.953125 3158.2569110576924 13
140 0.1 3154.44921875 0.0 3160.07421875 3153.953125 3157.9494977678573 14
150 0.1 3154.2734375 0.0 3160.07421875 3153.953125 3157.7161458333335 15
160 0.1 3151.03515625 0.0 3160.07421875 3151.03515625 3157.5009765625 16
170 0.1 3147.95703125 0.0 3160.07421875 3147.95703125 3157.1206341911766 17
180 0.1 3147.55859375 0.0 3160.07421875 3147.55859375 3156.6115451388887 18
190 0.1 3137.20703125 0.0 3160.07421875 3137.20703125 3156.135074013158 19
200 0.1 3137.69921875 0.0 3160.07421875 3137.20703125 3155.188671875 20
210 0.1 3136.765625 0.0 3160.07421875 3136.765625 3154.3558407738096 21
220 0.1 3119.8671875 0.0 3160.07421875 3119.8671875 3153.5562855113635 22
230 0.1 3118.33203125 0.0 3160.07421875 3118.33203125 3152.091542119565 23
240 0.1 3105.94140625 0.0 3160.07421875 3105.94140625 3150.6848958333335 24
250 0.1 3063.0390625 0.0 3160.07421875 3063.0390625 3148.89515625 25
260 0.1 3061.73828125 0.0 3160.07421875 3061.73828125 3145.592998798077 26
270 0.1 3014.85546875 0.0 3160.07421875 3014.85546875 3142.4872685185187 27
280 0.1 2958.58984375 0.0 3160.07421875 2958.58984375 3137.9289899553573 28
290 0.1 2958.24609375 0.0 3160.07421875 2958.24609375 3131.744881465517 29
300 0.1 2947.05078125 0.0 3160.07421875 2947.05078125 3125.9615885416665 30
308 0.1 3021.07421875 0.0 3160.07421875 2947.05078125 3120.1902721774195 31
