0 0.6 25.569620768229168 42.93744963370822 121.576904296875 5.97607421875 0 0
10 1.3 6.305382361778846 0.6945751163865862 121.576904296875 5.85400390625 25.569620768229168 6
20 0.7 8.9482421875 0.7799398717655642 121.576904296875 5.85400390625 12.388826069078947 19
30 1.5 8.137744140625001 1.0015063114840275 121.576904296875 5.85400390625 11.462515024038462 26
40 2.2 7.408413973721591 2.237605033518396 121.576904296875 5.85400390625 10.246135432545731 41
50 2.4 5.943216959635417 0.2838391225660374 121.576904296875 5.55810546875 9.255185081845237 63
60 4.7 6.010866855053192 0.8398032937890032 121.576904296875 5.518798828125 8.341538703304598 87
70 3.9 5.907865084134615 0.596193530384458 121.576904296875 5.518798828125 7.524064249067165 134
80 3.7 6.768040012668919 4.843728456984334 121.576904296875 5.511962890625 7.15971877257948 173
90 5.8 5.875340955010776 0.44188237274857245 121.576904296875 5.34912109375 7.090708705357143 210
100 7.1 5.882379236355632 0.6005634340909963 121.576904296875 5.34912109375 6.827681356401586 268
110 8.5 6.016730813419116 0.9539373370713575 121.576904296875 5.34912109375 6.6296977265394545 339
120 15.6 5.992572490985578 0.8899226759441514 121.576904296875 5.34912109375 6.50681520857901 424
130 15.7 6.010737522392517 0.8117756333910578 121.576904296875 5.34912109375 6.368501650053879 580
140 16.2 6.1176923586998475 2.4966079153650256 121.576904296875 5.34912109375 6.292288667634837 737
150 22.9 5.833826589792576 0.5555816498050217 121.576904296875 5.34912109375 6.260826373922414 899
160 33.5 5.9356328708022374 1.4104722661740416 121.576904296875 5.34912109375 6.17413936100953 1128
170 33.9 5.825445934734515 0.8632135402244948 121.576904296875 5.34912109375 6.11952577644395 1463
180 57.6 6.1732453240288665 1.0953325821930306 121.576904296875 5.34912109375 6.064202210217814 1802
190 59.4 6.163425843723696 1.8146928722738664 121.576904296875 5.34912109375 6.0906146717633 2378
200 62 6.09308491368448 0.900123833623346 121.576904296875 5.34912109375 6.105167106536004 2972
210 103.8 6.108848145472062 0.9612999601855572 121.576904296875 5.34912109375 6.103081650086131 3592
220 120.8 6.298124199671459 1.5905905723280276 121.576904296875 5.34912109375 6.104374441060342 4630
230 126.5 6.31815171072134 1.7956708206847878 121.576904296875 5.34912109375 6.1444651756273565 5838
240 202.8 7.314523189025517 2.923856639034201 121.576904296875 5.34912109375 6.175397664279178 7103
250 230.5 7.1592396369983735 2.9393557906410246 121.576904296875 5.34912109375 6.428398054618197 9131
260 231.5 7.291319561622567 2.990965264042088 121.576904296875 5.34912109375 6.575703917453655 11436
270 329.3 10.579624837486701 4.801025786082215 121.576904296875 5.34912109375 6.696178807734437 13751
280 361.5 11.544815911890577 5.404884936147979 121.576904296875 5.34912109375 7.446483183231633 17044
290 368.3 11.125085578481384 4.6923927986248755 121.576904296875 5.34912109375 8.163626937242093 20659
300 103.8 12.234882332686052 5.91841243527576 121.576904296875 5.34912109375 8.611702369650454 24342
308 0 0 0 121.576904296875 5.34912109375 8.759884434332523 25380
