10 0.1 157 0 157 157 0 0
20 0.1 266.0 0.0 266 157 157.0 1
30 0.1 217.0 0.0 266 157 211.5 2
40 0.1 314.0 0.0 314 157 213.33333333333334 3
50 0.1 475.0 0.0 475 157 238.5 4
60 0.1 558.0 0.0 558 157 285.8 5
70 0.1 1140.0 0.0 1140 157 331.1666666666667 6
80 0.1 918.0 0.0 1140 157 446.7142857142857 7
90 0.1 641.0 0.0 1140 157 505.625 8
100 0.1 1555.0 0.0 1555 157 520.6666666666666 9
110 0.1 1746.0 0.0 1746 157 624.1 10
120 0.1 1841.0 0.0 1841 157 726.0909090909091 11
130 0.1 3813.0 0.0 3813 157 819.0 12
140 0.1 3657.0 0.0 3813 157 1049.3076923076924 13
150 0.1 3241.0 0.0 3813 157 1235.5714285714287 14
160 0.1 6208.0 0.0 6208 157 1369.2666666666667 15
170 0.1 7570.0 0.0 7570 157 1671.6875 16
180 0.1 7437.0 0.0 7570 157 2018.6470588235295 17
190 0.1 14662.0 0.0 14662 157 2319.6666666666665 18
200 0.1 12946.0 0.0 14662 157 2969.2631578947367 19
210 0.1 14116.0 0.0 14662 157 3468.1 20
220 0.1 27178.0 0.0 27178 157 3975.1428571428573 21
230 0.1 27224.0 0.0 27224 157 5029.818181818182 22
240 0.1 30820.0 0.0 30820 157 5994.782608695652 23
250 0.1 54423.0 0.0 54423 157 7029.166666666667 24
260 0.1 51411.0 0.0 54423 157 8924.92 25
270 0.1 56316.0 0.0 56316 157 10559.0 26
280 0.1 80860.0 0.0 80860 157 12253.703703703704 27
290 0.1 79137.0 0.0 80860 157 14703.92857142857 28
300 0.1 63580.0 0.0 80860 157 16925.758620689656 29
308 0.1 415.0 0.0 80860 157 18480.9 30
