0 0.9 9
10 3.6 45
20 3.2 77
30 1.1 88
40 6.6 154
50 4 194
60 9.9 293
70 2.3 316
80 0.4 320
90 1.7 337
100 1 347
110 1.6 363
120 3.4 397
130 1.4 411
140 4.5 456
150 0.7 463
160 1.7 480
170 1.8 498
180 2 518
190 1.6 534
200 1.8 552
210 1.9 571
220 2.6 597
230 1.5 612
240 2 632
250 1 642
260 1.7 659
270 1.8 677
280 2 697
290 1.9 716
300 1.6 732
310 1.8 750
320 1.7 767
330 2.2 789
340 2.1 810
350 1.1 821
360 1.7 838
370 1 848
380 2.5 873
390 1.2 885
400 1.4 899
410 2.8 927
420 1.6 943
430 2 963
440 1.5 978
450 1.5 993
452 0 993
