0 0.6 17.9735107421875 38.448547824753476 103.947021484375 0.69189453125 0 0
10 1 0.778076171875 0.07005253523405491 103.947021484375 0.6708984375 17.9735107421875 6
20 1.2 0.7804158528645834 0.0736010399987608 103.947021484375 0.666015625 7.2263641357421875 16
30 2.3 0.7912279211956522 0.06883735325466361 103.947021484375 0.56591796875 4.463814871651786 28
40 2.3 0.9735160495923914 0.733791408340836 103.947021484375 0.56591796875 2.807550168504902 51
50 0.9 0.8067762586805556 0.03574826291137258 103.947021484375 0.56591796875 2.2375125369510136 74
60 3.1 0.7290826612903226 0.1397988362881287 103.947021484375 0.5439453125 2.0823724585843375 83
70 4.8 0.7466888427734374 0.09092331799533175 103.947021484375 0.531005859375 1.7143726014254386 114
80 3.5 0.7191755022321429 0.10934722458744475 103.947021484375 0.531005859375 1.4276514877507716 162
90 7.6 0.6793245014391447 0.11316231227220801 103.947021484375 0.531005859375 1.3017801197652283 197
100 8.2 0.6712021246189027 0.14845636446729316 103.947021484375 0.531005859375 1.1284957718063187 273
110 8.2 0.7161567501905489 0.4569391387055998 103.947021484375 0.491943359375 1.0228673800616197 355
120 1.2 1.06622314453125 1.1143348086626612 103.947021484375 0.491943359375 0.9653152710240275 437
130 0 0 0 103.947021484375 0.491943359375 0.9680121406945991 449
140 0 0 0 103.947021484375 0.491943359375 0.9680121406945991 449
150 0 0 0 103.947021484375 0.491943359375 0.9680121406945991 449
160 0 0 0 103.947021484375 0.491943359375 0.9680121406945991 449
170 0 0 0 103.947021484375 0.491943359375 0.9680121406945991 449
180 0 0 0 103.947021484375 0.491943359375 0.9680121406945991 449
190 0 0 0 103.947021484375 0.491943359375 0.9680121406945991 449
200 0 0 0 103.947021484375 0.491943359375 0.9680121406945991 449
210 0 0 0 103.947021484375 0.491943359375 0.9680121406945991 449
220 0 0 0 103.947021484375 0.491943359375 0.9680121406945991 449
230 0 0 0 103.947021484375 0.491943359375 0.9680121406945991 449
240 0 0 0 103.947021484375 0.491943359375 0.9680121406945991 449
250 0 0 0 103.947021484375 0.491943359375 0.9680121406945991 449
260 0 0 0 103.947021484375 0.491943359375 0.9680121406945991 449
270 0 0 0 103.947021484375 0.491943359375 0.9680121406945991 449
280 0 0 0 103.947021484375 0.491943359375 0.9680121406945991 449
290 0 0 0 103.947021484375 0.491943359375 0.9680121406945991 449
300 0 0 0 103.947021484375 0.491943359375 0.9680121406945991 449
310 0 0 0 103.947021484375 0.491943359375 0.9680121406945991 449
320 0 0 0 103.947021484375 0.491943359375 0.9680121406945991 449
330 0 0 0 103.947021484375 0.491943359375 0.9680121406945991 449
340 0 0 0 103.947021484375 0.491943359375 0.9680121406945991 449
350 0 0 0 103.947021484375 0.491943359375 0.9680121406945991 449
360 0 0 0 103.947021484375 0.491943359375 0.9680121406945991 449
370 0 0 0 103.947021484375 0.491943359375 0.9680121406945991 449
380 0 0 0 103.947021484375 0.491943359375 0.9680121406945991 449
390 0 0 0 103.947021484375 0.491943359375 0.9680121406945991 449
400 0 0 0 103.947021484375 0.491943359375 0.9680121406945991 449
410 0 0 0 103.947021484375 0.491943359375 0.9680121406945991 449
420 0 0 0 103.947021484375 0.491943359375 0.9680121406945991 449
430 0 0 0 103.947021484375 0.491943359375 0.9680121406945991 449
440 0 0 0 103.947021484375 0.491943359375 0.9680121406945991 449
450 0 0 0 103.947021484375 0.491943359375 0.9680121406945991 449
452 0 0 0 103.947021484375 0.491943359375 0.9680121406945991 449
