0 0.1 3.3292186478388026 0 3.3292186478388026 3.3292186478388026 0 0
10 0.1 2.263779527559055 0.0 3.3292186478388026 2.263779527559055 3.3292186478388026 1
20 0.1 2.6627218934911245 0.0 3.3292186478388026 2.263779527559055 2.796499087698929 2
30 0.1 2.0689655172413794 0.0 3.3292186478388026 2.0689655172413794 2.7519066896296605 3
40 0.1 2.2660098522167487 0.0 3.3292186478388026 2.0689655172413794 2.58117139653259 4
50 0.1 3.0632411067193677 0.0 3.3292186478388026 2.0689655172413794 2.518139087669422 5
60 0.1 3.8048780487804876 0.0 3.8048780487804876 2.0689655172413794 2.608989424177746 6
70 0.1 4.253214638971316 0.0 4.253214638971316 2.0689655172413794 2.7798306562638517 7
80 0.1 3.8499506416584404 0.0 4.253214638971316 2.0689655172413794 2.9640036541022847 8
90 0.1 5.376344086021505 0.0 5.376344086021505 2.0689655172413794 3.062442208275191 9
100 0.1 6.692531522793405 0.0 6.692531522793405 2.0689655172413794 3.2938323960498224 10
110 0.1 9.266409266409266 0.0 9.266409266409266 2.0689655172413794 3.6028050439356023 11
120 0.1 9.351145038167939 0.0 9.351145038167939 2.0689655172413794 4.074772062475074 12
130 0.1 6.686332350049164 0.0 9.351145038167939 2.0689655172413794 4.480646906759142 13
140 0.1 5.288932419196866 0.0 9.351145038167939 2.0689655172413794 4.638195866994144 14
150 0.1 4.887585532746823 0.0 9.351145038167939 2.0689655172413794 4.681578303807658 15
160 0.1 3.140333660451423 0.0 9.351145038167939 2.0689655172413794 4.694453755616356 16
170 0.1 2.371541501976284 0.0 9.351145038167939 2.0689655172413794 4.603034926489007 17
180 0.1 2.1589793915603535 0.0 9.351145038167939 2.0689655172413794 4.479063069571634 18
190 0.1 1.782178217821782 0.0 9.351145038167939 1.782178217821782 4.356953402307883 19
200 0.1 1.5779092702169626 0.0 9.351145038167939 1.5779092702169626 4.228214643083578 20
210 0.1 2.171767028627838 0.0 9.351145038167939 1.5779092702169626 4.102009625328025 21
220 0.1 2.2571148184494603 0.0 9.351145038167939 1.5779092702169626 4.014271325478017 22
230 0.1 1.8700787401574805 0.0 9.351145038167939 1.5779092702169626 3.9378732164767754 23
240 0.1 1.5779092702169626 0.0 9.351145038167939 1.5779092702169626 3.851715113296805 24
250 0.1 2.0689655172413794 0.0 9.351145038167939 1.5779092702169626 3.760762879573611 25
260 0.1 2.1632251720747298 0.0 9.351145038167939 1.5779092702169626 3.695693750253141 26
270 0.1 1.8756169792694966 0.0 9.351145038167939 1.5779092702169626 3.6389356547650515 27
280 0.1 2.2660098522167487 0.0 9.351145038167939 1.5779092702169626 3.5759599877830675 28
290 0.1 1.8756169792694966 0.0 9.351145038167939 1.5779092702169626 3.5307892934531946 29
300 0.1 1.4807502467917077 0.0 9.351145038167939 1.4807502467917077 3.4756168829804044 30
310 0.1 1.9782393669634024 0.0 9.351145038167939 1.4807502467917077 3.4112663463291564 31
320 0.1 2.3692003948667324 0.0 9.351145038167939 1.4807502467917077 3.3664842532239767 32
330 0.1 1.4807502467917077 0.0 9.351145038167939 1.4807502467917077 3.3362635302434542 33
340 0.1 2.1547502448579823 0.0 9.351145038167939 1.4807502467917077 3.2816896101419326 34
350 0.1 1.6765285996055226 0.0 9.351145038167939 1.4807502467917077 3.2494913425623912 35
360 0.1 1.671583087512291 0.0 9.351145038167939 1.4807502467917077 3.2057979330358117 36
370 0.1 1.4822134387351777 0.0 9.351145038167939 1.4807502467917077 3.1643326669405814 37
380 0.1 1.4807502467917077 0.0 9.351145038167939 1.4807502467917077 3.120066371461492 38
390 0.1 2.6470588235294117 0.0 9.351145038167939 1.4807502467917077 3.0780326246750875 39
400 0.1 1.8700787401574805 0.0 9.351145038167939 1.4807502467917077 3.0672582796464454 40
410 0.1 1.8793273986152326 0.0 9.351145038167939 1.4807502467917077 3.0380587786833 41
420 0.1 2.0648967551622417 0.0 9.351145038167939 1.4807502467917077 3.010469936300727 42
430 0.1 1.4807502467917077 0.0 9.351145038167939 1.4807502467917077 2.988479862320762 43
440 0.1 1.8756169792694966 0.0 9.351145038167939 1.4807502467917077 2.954213280149647 44
450 0.1 1.7751479289940828 0.0 9.351145038167939 1.4807502467917077 2.9302444734634214 45
