10 0.1 1528 0 1528 1528 0 0
20 0.1 6276.0 0.0 6276 1528 1528.0 1
30 0.1 3378.0 0.0 6276 1528 3902.0 2
40 0.1 3837.0 0.0 6276 1528 3727.3333333333335 3
50 0.1 8320.0 0.0 8320 1528 3754.75 4
60 0.1 11138.0 0.0 11138 1528 4667.8 5
70 0.1 11042.0 0.0 11138 1528 5746.166666666667 6
80 0.1 3988.0 0.0 11138 1528 6502.714285714285 7
90 0.1 2951.0 0.0 11138 1528 6188.375 8
100 0.1 3232.0 0.0 11138 1528 5828.666666666667 9
110 0.1 5402.0 0.0 11138 1528 5569.0 10
120 0.1 3808.0 0.0 11138 1528 5553.818181818182 11
130 0.1 4679.0 0.0 11138 1528 5408.333333333333 12
140 0.1 5172.0 0.0 11138 1528 5352.2307692307695 13
150 0.1 7213.0 0.0 11138 1528 5339.357142857143 14
160 0.1 3753.0 0.0 11138 1528 5464.266666666666 15
170 0.1 4806.0 0.0 11138 1528 5357.3125 16
180 0.1 2322.0 0.0 11138 1528 5324.882352941177 17
190 0.1 4143.0 0.0 11138 1528 5158.055555555556 18
200 0.1 2505.0 0.0 11138 1528 5104.631578947368 19
210 0.1 4816.0 0.0 11138 1528 4974.65 20
220 0.1 4055.0 0.0 11138 1528 4967.0952380952385 21
230 0.1 3337.0 0.0 11138 1528 4925.636363636364 22
240 0.1 3184.0 0.0 11138 1528 4856.565217391304 23
250 0.1 3191.0 0.0 11138 1528 4786.875 24
260 0.1 4257.0 0.0 11138 1528 4723.04 25
270 0.1 4250.0 0.0 11138 1528 4705.115384615385 26
280 0.1 4637.0 0.0 11138 1528 4688.259259259259 27
290 0.1 4380.0 0.0 11138 1528 4686.428571428572 28
300 0.1 2463.0 0.0 11138 1528 4675.862068965517 29
310 0.1 4811.0 0.0 11138 1528 4602.1 30
320 0.1 5168.0 0.0 11138 1528 4608.8387096774195 31
330 0.1 2695.0 0.0 11138 1528 4626.3125 32
340 0.1 3243.0 0.0 11138 1528 4567.787878787879 33
350 0.1 3061.0 0.0 11138 1528 4528.823529411765 34
360 0.1 3418.0 0.0 11138 1528 4486.885714285714 35
370 0.1 2329.0 0.0 11138 1528 4457.194444444444 36
380 0.1 3097.0 0.0 11138 1528 4399.675675675676 37
390 0.1 4226.0 0.0 11138 1528 4365.394736842105 38
400 0.1 3725.0 0.0 11138 1528 4361.820512820513 39
410 0.1 4645.0 0.0 11138 1528 4345.9 40
420 0.1 3452.0 0.0 11138 1528 4353.195121951219 41
430 0.1 2143.0 0.0 11138 1528 4331.738095238095 42
440 0.1 2292.0 0.0 11138 1528 4280.837209302325 43
450 0.1 2944.0 0.0 11138 1528 4235.636363636364 44
