10 0.1 715 0 715 715 0 0
20 0.1 2618.0 0.0 2618 715 715.0 1
30 0.1 1309.0 0.0 2618 715 1666.5 2
40 0.1 1582.0 0.0 2618 715 1547.3333333333333 3
50 0.1 3574.0 0.0 3574 715 1556.0 4
60 0.1 4131.0 0.0 4131 715 1959.6 5
70 0.1 4583.0 0.0 4583 715 2321.5 6
80 0.1 2107.0 0.0 4583 715 2644.5714285714284 7
90 0.1 1.8e3 0.0 4583 715 2577.375 8
100 0.1 2521.0 0.0 4583 715 2491.0 9
110 0.1 3578.0 0.0 4583 715 2494.0 10
120 0.1 3467.0 0.0 4583 715 2592.5454545454545 11
130 0.1 3380.0 0.0 4583 715 2665.4166666666665 12
140 0.1 2540.0 0.0 4583 715 2720.3846153846152 13
150 0.1 3605.0 0.0 4583 715 2707.5 14
160 0.1 1864.0 0.0 4583 715 2767.3333333333335 15
170 0.1 1931.0 0.0 4583 715 2710.875 16
180 0.1 962.0 0.0 4583 715 2665.0 17
190 0.1 1706.0 0.0 4583 715 2570.3888888888887 18
200 0.1 1021.0 0.0 4583 715 2524.8947368421054 19
210 0.1 2132.0 0.0 4583 715 2449.7 20
220 0.1 1563.0 0.0 4583 715 2434.5714285714284 21
230 0.1 1286.0 0.0 4583 715 2394.9545454545455 22
240 0.1 1395.0 0.0 4583 715 2346.7391304347825 23
250 0.1 1378.0 0.0 4583 715 2307.0833333333335 24
260 0.1 1531.0 0.0 4583 715 2269.92 25
270 0.1 1767.0 0.0 4583 715 2241.5 26
280 0.1 2044.0 0.0 4583 715 2223.925925925926 27
290 0.1 1812.0 0.0 4583 715 2217.5000000000005 28
300 0.1 832.0 0.0 4583 715 2203.5172413793107 29
310 0.1 2096.0 0.0 4583 715 2157.8 30
320 0.1 2233.0 0.0 4583 715 2155.8064516129034 31
330 0.1 953.0 0.0 4583 715 2158.21875 32
340 0.1 1445.0 0.0 4583 715 2121.6969696969695 33
350 0.1 1346.0 0.0 4583 715 2101.794117647059 34
360 0.1 1460.0 0.0 4583 715 2080.2 35
370 0.1 1031.0 0.0 4583 715 2062.972222222222 36
380 0.1 1123.0 0.0 4583 715 2035.081081081081 37
390 0.1 1719.0 0.0 4583 715 2011.078947368421 38
400 0.1 1507.0 0.0 4583 715 2003.5897435897436 39
410 0.1 1986.0 0.0 4583 715 1991.175 40
420 0.1 1529.0 0.0 4583 715 1991.0487804878048 41
430 0.1 1004.0 0.0 4583 715 1980.047619047619 42
440 0.1 1039.0 0.0 4583 715 1957.3488372093022 43
450 0.1 1272.0 0.0 4583 715 1936.4772727272727 44
