0 1110.86796875 1110.86796875
10 6153.74921875 7264.6171875
20 5093.89453125 12358.51171875
30 4242.5421875 16601.05390625
40 6847.79375 23448.84765625
50 9427.28984375 32876.1375
60 17450.365625 50326.503125
70 2586.959375 52913.4625
80 3116.634375 56030.096875
90 3843.3140625 59873.4109375
100 3998.571875 63871.9828125
110 3942.6625 67814.6453125
120 5084.90234375 72899.54765625
130 4240.19765625 77139.7453125
140 8854.8328125 85994.578125
150 2435.90859375 88430.48671875
160 4263.65859375 92694.1453125
170 3024.67578125 95718.82109375
180 4730.9359375 100449.75703125
190 3782.209375 104231.96640625
200 6140.7875 110372.75390625
210 2596.81796875 112969.571875
220 4466.175 117435.746875
230 4460.821875 121896.56875
240 3727.63046875 125624.19921875
250 2984.9734375 128609.17265625
260 3158.67421875 131767.846875
270 5508.91484375 137276.76171875
280 3837.63671875 141114.3984375
290 5852.0625 146966.4609375
300 4965.04296875 151931.50390625
310 5030.29921875 156961.803125
320 2720.42109375 159682.22421875
330 3945.4609375 163627.68515625
340 4068.29296875 167695.978125
350 2978.7234375 170674.7015625
360 4740.56328125 175415.26484375
370 1681.2796875 177096.54453125
380 5046.68671875 182143.23125
390 2400.48984375 184543.72109375
400 4413.80625 188957.52734375
410 5576.40234375 194533.9296875
420 3533.725 198067.6546875
430 3239.9421875 201307.596875
440 2292.08671875 203599.68359375
450 3622.2015625 207221.88515625
452 0 207221.88515625
