0 6 6
10 16 16
20 30 30
30 52 52
40 74 74
50 84 84
60 114 114
70 161 161
80 192 192
90 245 245
100 284 286
110 317 321
120 255 324
130 196 324
140 142 324
150 131 324
160 120 324
170 114 324
180 110 324
190 105 324
200 104 324
210 102 324
220 99 324
230 96 324
240 93 324
250 89 324
260 86 324
270 86 324
280 82 324
290 78 324
300 75 324
310 72 324
320 67 324
330 64 324
340 55 324
350 53 324
360 48 324
370 47 324
380 44 324
390 35 324
400 33 324
410 27 324
420 23 324
430 16 324
440 13 324
450 1 324
452 0 324
