0 0.1 0.0703125 0 0.0703125 0.0703125 0 0
10 0.1 0.05859375 0.0 0.0703125 0.05859375 0.0703125 1
20 0.1 0.05078125 0.0 0.0703125 0.05078125 0.064453125 2
30 0.1 0.0390625 0.0 0.0703125 0.0390625 0.059895833333333336 3
40 0.1 0.0390625 0.0 0.0703125 0.0390625 0.0546875 4
50 0.1 0.03125 0.0 0.0703125 0.03125 0.0515625 5
60 0.1 0.03125 0.0 0.0703125 0.03125 0.048177083333333336 6
70 0.1 0.01953125 0.0 0.0703125 0.01953125 0.04575892857142857 7
80 0.1 0.01953125 0.0 0.0703125 0.01953125 0.04248046875 8
90 0.1 0.01953125 0.0 0.0703125 0.01953125 0.03993055555555555 9
100 0.1 0.01171875 0.0 0.0703125 0.01171875 0.037890625 10
110 0.1 0.01171875 0.0 0.0703125 0.01171875 0.03551136363636364 11
120 0.1 0.01171875 0.0 0.0703125 0.01171875 0.033528645833333336 12
130 0.1 0.01171875 0.0 0.0703125 0.01171875 0.031850961538461536 13
140 0.1 0.08984375 0.0 0.08984375 0.01171875 0.030412946428571428 14
150 0.1 0.0703125 0.0 0.08984375 0.01171875 0.034375 15
160 0.1 0.05859375 0.0 0.08984375 0.01171875 0.03662109375 16
167 0.1 0.25 0.0 0.25 0.01171875 0.03791360294117647 17
