10 0.1 1153 0 1153 1153 0 0
20 0.1 2158.0 0.0 2158 1153 1153.0 1
30 0.1 2187.0 0.0 2187 1153 1655.5 2
40 0.1 2550.0 0.0 2550 1153 1832.6666666666667 3
50 0.1 2509.0 0.0 2550 1153 2012.0 4
60 0.1 3589.0 0.0 3589 1153 2111.4 5
70 0.1 4518.0 0.0 4518 1153 2357.6666666666665 6
80 0.1 6952.0 0.0 6952 1153 2666.285714285714 7
90 0.1 5068.0 0.0 6952 1153 3202.0 8
100 0.1 10068.0 0.0 10068 1153 3409.3333333333335 9
110 0.1 9878.0 0.0 10068 1153 4075.2 10
120 0.1 9895.0 0.0 10068 1153 4602.727272727273 11
130 0.1 9850.0 0.0 10068 1153 5043.75 12
140 0.1 2870.0 0.0 10068 1153 5413.461538461538 13
150 0.1 2028.0 0.0 10068 1153 5231.785714285715 14
160 0.1 864.0 0.0 10068 864 5018.2 15
167 0.1 45.0 0.0 10068 45 4758.5625 16
