0 0.3 3226.8496907552085 2648.3447608956576 6782.116943359375 429.093017578125 0 0
10 0.7 6653.26921735491 3960.205850238476 11502.1689453125 429.093017578125 3226.8496907552085 3
20 1 9571.8904296875 8067.4005147013095 24396.4912109375 229.0419921875 5625.343359375 10
30 1.3 9344.956524188701 8330.545645243617 24396.4912109375 62.06201171875 7598.61689453125 20
40 1.2 10166.099731445313 7574.706661867597 24568.912841796875 62.06201171875 8286.568869850853 33
50 1.8 8714.299045138889 6630.191804076495 24568.912841796875 62.06201171875 8787.777099609375 45
60 2.7 5976.445936414931 6375.753178048457 24568.912841796875 56.032958984375 8766.783369760664 63
70 3.9 8709.188476562498 7281.885325538596 27669.781982421875 56.032958984375 7929.682139756945 90
80 2.9 12785.65444841056 9033.470017444793 37858.161865234375 56.032958984375 8165.346846233043 129
90 4.4 11016.949313077059 8625.421011028724 37858.161865234375 56.032958984375 9013.377988404865 158
100 6.7 8918.595083663706 10525.577731967354 44576.5 56.032958984375 9449.799465066135 202
110 5.7 10372.664482250548 9544.274324652577 44576.5 56.032958984375 9317.49205408486 269
120 4.2 16555.757370721727 9376.217638712696 44576.5 34.093017578125 9501.985392751867 326
130 3.7 24217.1515057538 7904.174450556873 46459.90478515625 34.093017578125 10307.035455454949 368
140 2.5 34492.37740234376 6442.528208590818 49468.448974609375 34.093017578125 11577.836181037806 405
150 1.3 44291.73274113582 8204.108787044132 59357.0419921875 34.093017578125 12910.076949718385 430
160 0.6 50528.647623697914 6953.483112244084 60175.3330078125 34.093017578125 13830.98332734463 443
167 0.1 55066.693115234375 0.0 60175.3330078125 34.093017578125 14321.375277852692 449
