0 0.1 1.8103992190434741 0 1.8103992190434741 1.8103992190434741 0 0
10 0.1 2.167487684729064 0.0 2.167487684729064 1.8103992190434741 1.8103992190434741 1
20 0.1 1.282051282051282 0.0 2.167487684729064 1.282051282051282 1.9889434518862692 2
30 0.1 1.282051282051282 0.0 2.167487684729064 1.282051282051282 1.7533127286079402 3
40 0.1 1.5810276679841897 0.0 2.167487684729064 1.282051282051282 1.6354973669687756 4
50 0.1 1.7733990147783252 0.0 2.167487684729064 1.282051282051282 1.6246034271718586 5
60 0.1 1.3793103448275863 0.0 2.167487684729064 1.282051282051282 1.6494026917729363 6
70 0.1 2.55653883972468 0.0 2.55653883972468 1.282051282051282 1.6108180707807433 7
80 0.1 2.0689655172413794 0.0 2.55653883972468 1.282051282051282 1.7290331668987355 8
90 0.1 2.4533856722276743 0.0 2.55653883972468 1.282051282051282 1.7668034280479181 9
100 0.1 3.9254170755642788 0.0 3.9254170755642788 1.282051282051282 1.8354616524658938 10
110 0.1 3.155818540433925 0.0 3.9254170755642788 1.282051282051282 2.0254576000202924 11
120 0.1 4.00390625 0.0 4.00390625 1.282051282051282 2.119654345054762 12
130 0.1 5.143422354104846 0.0 5.143422354104846 1.282051282051282 2.2645967992813185 13
140 0.1 6.601941747572816 0.0 6.601941747572816 1.282051282051282 2.4702271960544278 14
150 0.1 6.0370009737098345 0.0 6.601941747572816 1.282051282051282 2.74567483282232 15
160 0.1 11.14341085271318 0.0 11.14341085271318 1.282051282051282 2.95138271662779 16
170 0.1 10.505836575875486 0.0 11.14341085271318 1.282051282051282 3.433266724632813 17
180 0.1 11.143131604226705 0.0 11.14341085271318 1.282051282051282 3.826187271924073 18
190 0.1 18.582375478927204 0.0 18.582375478927204 1.282051282051282 4.211289605203159 19
200 0.1 19.092627599243855 0.0 19.092627599243855 1.282051282051282 4.929843898889361 20
210 0.1 19.21606118546845 0.0 19.21606118546845 1.282051282051282 5.604262170334813 21
220 0.1 31.00848256361923 0.0 31.00848256361923 1.282051282051282 6.222980307386342 22
230 0.1 32.05607476635514 0.0 32.05607476635514 1.282051282051282 7.300610840266033 23
240 0.1 33.14659197012138 0.0 33.14659197012138 1.282051282051282 8.332088503853079 24
250 0.1 47.23981900452488 0.0 47.23981900452488 1.282051282051282 9.324668642503811 25
260 0.1 47.294938917975564 0.0 47.294938917975564 1.282051282051282 10.782943656427697 26
270 0.1 47.66930518909411 0.0 47.66930518909411 1.282051282051282 12.135239777225767 27
280 0.1 50.652528548123975 0.0 50.652528548123975 1.282051282051282 13.404313541935352 28
290 0.1 50.564516129032256 0.0 50.652528548123975 1.282051282051282 14.688734749045306 29
300 0.1 44.230769230769226 0.0 50.652528548123975 1.282051282051282 15.884594128378204 30
308 0.1 3.346456692913386 0.0 50.652528548123975 1.282051282051282 16.798986873616624 31
