0 0.1 3162.078125 0 3162.078125 3162.078125 0 0
10 0.1 3161.5625 0.0 3162.078125 3161.5625 3162.078125 1
20 0.1 3160.9609375 0.0 3162.078125 3160.9609375 3161.8203125 2
30 0.1 3161.0546875 0.0 3162.078125 3160.9609375 3161.5338541666665 3
40 0.1 3160.953125 0.0 3162.078125 3160.953125 3161.4140625 4
50 0.1 3160.8515625 0.0 3162.078125 3160.8515625 3161.321875 5
60 0.1 3160.90625 0.0 3162.078125 3160.8515625 3161.2434895833335 6
70 0.1 3160.15625 0.0 3162.078125 3160.15625 3161.1953125 7
80 0.1 3159.92578125 0.0 3162.078125 3159.92578125 3161.0654296875 8
90 0.1 3159.68359375 0.0 3162.078125 3159.68359375 3160.9388020833335 9
100 0.1 3159.3046875 0.0 3162.078125 3159.3046875 3160.81328125 10
110 0.1 3159.16015625 0.0 3162.078125 3159.16015625 3160.6761363636365 11
120 0.1 3157.80859375 0.0 3162.078125 3157.80859375 3160.5498046875 12
130 0.1 3155.921875 0.0 3162.078125 3155.921875 3160.3389423076924 13
140 0.1 3155.859375 0.0 3162.078125 3155.859375 3160.0234375 14
150 0.1 3155.671875 0.0 3162.078125 3155.671875 3159.7458333333334 15
160 0.1 3152.1328125 0.0 3162.078125 3152.1328125 3159.4912109375 16
170 0.1 3150.984375 0.0 3162.078125 3150.984375 3159.0583639705883 17
180 0.1 3150.47265625 0.0 3162.078125 3150.47265625 3158.609809027778 18
190 0.1 3144.6484375 0.0 3162.078125 3144.6484375 3158.1815378289475 19
200 0.1 3140.45703125 0.0 3162.078125 3140.45703125 3157.5048828125 20
210 0.1 3137.4921875 0.0 3162.078125 3137.4921875 3156.6930803571427 21
220 0.1 3126.0859375 0.0 3162.078125 3126.0859375 3155.8203125 22
230 0.1 3122.86328125 0.0 3162.078125 3122.86328125 3154.5275135869565 23
240 0.1 3103.7265625 0.0 3162.078125 3103.7265625 3153.2081705729165 24
250 0.1 3079.26953125 0.0 3162.078125 3079.26953125 3151.22890625 25
260 0.1 3076.25390625 0.0 3162.078125 3076.25390625 3148.461237980769 26
270 0.1 3053.6875 0.0 3162.078125 3053.6875 3145.7868923611113 27
280 0.1 3035.8203125 0.0 3162.078125 3035.8203125 3142.497628348214 28
290 0.1 3021.9140625 0.0 3162.078125 3021.9140625 3138.819100215517 29
300 0.1 3022.7890625 0.0 3162.078125 3021.9140625 3134.922265625 30
308 0.1 3050.85546875 0.0 3162.078125 3021.9140625 3131.3050655241937 31
