0 0.1 0.3984375 0 0.3984375 0.3984375 0 0
10 0.1 0.33984375 0.0 0.3984375 0.33984375 0.3984375 1
20 0.1 0.2890625 0.0 0.3984375 0.2890625 0.369140625 2
30 0.1 0.25 0.0 0.3984375 0.25 0.3424479166666667 3
40 0.1 0.2109375 0.0 0.3984375 0.2109375 0.3193359375 4
50 0.1 0.1796875 0.0 0.3984375 0.1796875 0.29765625 5
60 0.1 0.1484375 0.0 0.3984375 0.1484375 0.2779947916666667 6
70 0.1 0.12890625 0.0 0.3984375 0.12890625 0.25948660714285715 7
80 0.1 0.109375 0.0 0.3984375 0.109375 0.2431640625 8
90 0.1 0.08984375 0.0 0.3984375 0.08984375 0.2282986111111111 9
100 0.1 0.16015625 0.0 0.3984375 0.08984375 0.214453125 10
110 0.1 0.2109375 0.0 0.3984375 0.08984375 0.20951704545454544 11
120 0.1 0.171875 0.0 0.3984375 0.08984375 0.20963541666666666 12
130 0.1 0.1484375 0.0 0.3984375 0.08984375 0.20673076923076922 13
140 0.1 0.12109375 0.0 0.3984375 0.08984375 0.20256696428571427 14
150 0.1 0.1796875 0.0 0.3984375 0.08984375 0.19713541666666667 15
160 0.1 0.1484375 0.0 0.3984375 0.08984375 0.196044921875 16
170 0.1 0.12890625 0.0 0.3984375 0.08984375 0.19324448529411764 17
180 0.1 0.109375 0.0 0.3984375 0.08984375 0.1896701388888889 18
190 0.1 0.08984375 0.0 0.3984375 0.08984375 0.18544407894736842 19
200 0.1 0.078125 0.0 0.3984375 0.078125 0.1806640625 20
210 0.1 0.1484375 0.0 0.3984375 0.078125 0.17578125 21
220 0.1 0.28125 0.0 0.3984375 0.078125 0.17453835227272727 22
230 0.1 0.30859375 0.0 0.3984375 0.078125 0.17917798913043478 23
240 0.1 0.3515625 0.0 0.3984375 0.078125 0.1845703125 24
250 0.1 0.44921875 0.0 0.44921875 0.078125 0.19125 25
260 0.1 0.44921875 0.0 0.44921875 0.078125 0.201171875 26
270 0.1 0.4609375 0.0 0.4609375 0.078125 0.2103587962962963 27
280 0.1 0.55078125 0.0 0.55078125 0.078125 0.21930803571428573 28
290 0.1 0.62109375 0.0 0.62109375 0.078125 0.23073814655172414 29
300 0.1 0.6015625 0.0 0.62109375 0.078125 0.24375 30
308 0.1 0.51171875 0.0 0.62109375 0.078125 0.25529233870967744 31
