0 0.9 21.037109375 37.853618957624484 128.10205078125 7.432861328125 0 0
10 0.9 7.671739366319445 0.19936792813242238 128.10205078125 7.30908203125 21.037109375 9
20 1.2 7.4769287109375 0.305658708064395 128.10205078125 6.578125 14.354424370659721 18
30 2 7.33201904296875 0.5461300897854404 128.10205078125 5.9580078125 11.603426106770833 30
40 2.1 7.3335077194940474 1.7843789724156565 128.10205078125 5.9580078125 9.89486328125 50
50 1.3 7.15283203125 0.473166537698591 128.10205078125 5.9580078125 9.137279241857394 71
60 4.3 7.591240461482558 1.1274733256788771 128.10205078125 5.9580078125 8.830162411644345 84
70 3.6 8.062554253472221 1.9787394548675143 128.10205078125 5.9580078125 8.410684900959646 127
80 4.2 7.750627790178571 1.7560706334709977 128.10205078125 5.9580078125 8.333797150594325 163
90 6.9 7.589751754981884 1.6765420435418952 128.10205078125 5.903076171875 8.21431854992378 205
100 6.5 6.824522986778846 0.596594412043867 128.10205078125 5.744873046875 8.05703713075958 274
110 9.7 7.184766631765464 1.036191423759218 128.10205078125 5.575927734375 7.820714359789823 339
120 13.4 6.907561800373134 1.419414129036953 128.10205078125 5.575927734375 7.679230576261468 436
130 16.5 6.72023703835227 1.217435733950401 128.10205078125 5.428955078125 7.49782072368421 570
140 14.2 6.845837230413734 1.1433600987922015 128.10205078125 5.428955078125 7.323261120854592 735
150 28.8 6.848141140407986 2.0882291220048197 128.10205078125 5.428955078125 7.245958734945125 877
160 31 6.826736548639113 1.5920970592571342 128.10205078125 5.407958984375 7.147614127883584 1165
170 33.1 6.877454682779456 1.5340671330588629 128.10205078125 5.407958984375 7.080175450211865 1475
180 55.2 7.441442074983018 2.5319661961190865 128.10205078125 5.407958984375 7.0430212010312845 1806
190 62.5 7.942366015625 3.4200526722823 128.10205078125 5.407958984375 7.136290209691741 2358
200 62.2 7.34751455423533 2.0497450319303674 128.10205078125 5.407958984375 7.305179709761566 2983
210 99.5 9.783654355763188 5.117893298500199 128.10205078125 5.407958984375 7.312484085146498 3605
220 119.5 9.814265984571117 5.564579084010109 128.10205078125 5.407958984375 7.8470089588994565 4600
230 128.3 10.401104779143127 5.940572242776469 128.10205078125 5.407958984375 8.25268146031061 5795
240 207.8 44.7858546002767 31.417600066379723 154.157958984375 5.407958984375 8.642117334577652 7078
250 233.9 52.34381053935973 36.730537679245764 175.93798828125 5.407958984375 16.84511930466531 9156
260 240 87.89062133789069 50.4999219120985 220.864013671875 5.407958984375 24.06838496781888 11495
270 333.6 237.18087753917968 205.86600029003822 517.609130859375 1.148193359375 35.09201701446676 13895
280 361.4 292.38056889224254 204.03599012283482 517.609130859375 1.13818359375 74.21733990405194 17231
290 368.2 286.94707751338905 209.17475389186222 517.609130859375 1.118896484375 112.04137010617815 20845
300 102.8 364.706972352262 292.4693521726046 1471.931884765625 1.118896484375 138.29826310872025 24527
308 0 0 0 1471.931884765625 1.118896484375 147.40599752869133 25555
