0 1.3 13
10 4.7 60
20 7 130
30 7.2 202
40 10.1 303
50 11.1 414
60 11.4 528
70 11.7 645
80 11.8 763
90 12.6 889
100 17.3 1062
110 15.4 1216
120 9 1306
130 10.9 1415
140 10.5 1520
150 8 1600
160 8.5 1685
170 5.7 1742
180 6.4 1806
190 7.9 1885
200 11.3 1998
210 4.5 2043
220 2.8 2071
230 3.7 2108
240 4.1 2149
250 7 2219
260 6.7 2286
270 5.1 2337
280 5.2 2389
290 6.8 2457
300 5.9 2516
310 5.1 2567
320 6.6 2633
330 4.1 2674
340 4.1 2715
350 8.4 2799
360 6.9 2868
370 7.7 2945
380 7.9 3024
390 7.6 3100
400 9.8 3198
410 6.3 3261
420 5.1 3312
430 7.2 3384
440 5.2 3436
450 6.3 3499
460 5.9 3558
470 4.2 3600
480 7.4 3674
490 4.4 3718
500 1.5 3733
510 2.9 3762
520 2.8 3790
530 0.9 3799
533 0 3799
