0 0 0
10 0 0
20 0 0
30 0 0
40 0.3 3
50 0.3 6
60 0.5 11
70 0.3 14
80 0 14
90 0.2 16
100 0.2 18
110 0.3 21
120 0.3 24
130 0.6 30
140 1.8 48
150 1.4 62
160 1.6 78
170 1 88
180 0.9 97
190 0.5 102
200 0.6 108
210 0.3 111
220 0.6 117
230 0.5 122
240 0.5 127
250 0.8 135
260 1.3 148
270 0.8 156
280 0.4 160
290 0.4 164
300 0.4 168
310 0.5 173
320 0.3 176
330 0.2 178
340 0.3 181
350 1.4 195
360 1.3 208
370 1.1 219
380 0.3 222
390 0.7 229
400 1.1 240
410 1.5 255
420 0.9 264
430 1.6 280
440 1.3 293
450 2.5 318
460 2 338
470 1.4 352
480 3.2 384
490 1.5 399
500 0.9 408
510 1.4 422
520 1.7 439
530 0.7 446
533 0.1 447
