0 0.1 3155.40625 0 3155.40625 3155.40625 0 0
10 0.1 3155.40625 0.0 3155.40625 3155.40625 3155.40625 1
20 0.1 3153.71875 0.0 3155.40625 3153.71875 3155.40625 2
30 0.1 3152.39453125 0.0 3155.40625 3152.39453125 3154.84375 3
40 0.1 3148.53515625 0.0 3155.40625 3148.53515625 3154.2314453125 4
50 0.1 3147.58984375 0.0 3155.40625 3147.58984375 3153.0921875 5
60 0.1 3146.40625 0.0 3155.40625 3146.40625 3152.1751302083335 6
70 0.1 3143.46875 0.0 3155.40625 3143.46875 3151.351004464286 7
80 0.1 3140.2265625 0.0 3155.40625 3140.2265625 3150.36572265625 8
90 0.1 3137.02734375 0.0 3155.40625 3137.02734375 3149.2391493055557 9
100 0.1 3129.5390625 0.0 3155.40625 3129.5390625 3148.01796875 10
110 0.1 3121.12890625 0.0 3155.40625 3121.12890625 3146.338068181818 11
120 0.1 3115.20703125 0.0 3155.40625 3115.20703125 3144.2373046875 12
130 0.1 3110.640625 0.0 3155.40625 3110.640625 3142.004206730769 13
140 0.1 3109.90234375 0.0 3155.40625 3109.90234375 3139.7639508928573 14
150 0.1 3108.2421875 0.0 3155.40625 3108.2421875 3137.7731770833334 15
160 0.1 3108.1328125 0.0 3155.40625 3108.1328125 3135.927490234375 16
170 0.1 3107.90625 0.0 3155.40625 3107.90625 3134.2925091911766 17
180 0.1 3107.19140625 0.0 3155.40625 3107.19140625 3132.826605902778 18
190 0.1 3104.05078125 0.0 3155.40625 3104.05078125 3131.4773848684213 19
200 0.1 3104.1796875 0.0 3155.40625 3104.05078125 3130.1060546875005 20
210 0.1 3103.94921875 0.0 3155.40625 3103.94921875 3128.87146577381 21
220 0.1 3103.8359375 0.0 3155.40625 3103.8359375 3127.738636363637 22
230 0.1 3104.22265625 0.0 3155.40625 3103.8359375 3126.699388586957 23
240 0.1 3103.48828125 0.0 3155.40625 3103.48828125 3125.7628580729174 24
250 0.1 3103.484375 0.0 3155.40625 3103.484375 3124.8718750000007 25
260 0.1 3103.6328125 0.0 3155.40625 3103.484375 3124.0492788461543 26
270 0.1 3103.79296875 0.0 3155.40625 3103.484375 3123.2931134259265 27
280 0.1 3103.53125 0.0 3155.40625 3103.484375 3122.5966796875005 28
290 0.1 3104.0546875 0.0 3155.40625 3103.484375 3121.9392510775865 29
300 0.1 3103.890625 0.0 3155.40625 3103.484375 3121.343098958334 30
310 0.1 3103.796875 0.0 3155.40625 3103.484375 3120.78011592742 31
320 0.1 3103.56640625 0.0 3155.40625 3103.484375 3120.249389648438 32
330 0.1 3103.60546875 0.0 3155.40625 3103.484375 3119.74384469697 33
340 0.1 3103.4609375 0.0 3155.40625 3103.4609375 3119.269186580883 34
350 0.1 3103.47265625 0.0 3155.40625 3103.4609375 3118.817522321429 35
360 0.1 3103.359375 0.0 3155.40625 3103.359375 3118.391276041667 36
370 0.1 3103.3984375 0.0 3155.40625 3103.359375 3117.9850084459463 37
380 0.1 3103.2578125 0.0 3155.40625 3103.2578125 3117.60115131579 38
390 0.1 3103.14453125 0.0 3155.40625 3103.14453125 3117.2333733974365 39
400 0.1 3103.03125 0.0 3155.40625 3103.03125 3116.8811523437507 40
410 0.1 3102.94921875 0.0 3155.40625 3102.94921875 3116.543349847562 41
420 0.1 3102.9140625 0.0 3155.40625 3102.9140625 3116.2196800595243 42
430 0.1 3102.69921875 0.0 3155.40625 3102.69921875 3115.9102470930234 43
440 0.1 3102.10546875 0.0 3155.40625 3102.10546875 3115.6099964488635 44
450 0.1 3102.14453125 0.0 3155.40625 3102.10546875 3115.3098958333335 45
460 0.1 3102.17578125 0.0 3155.40625 3102.10546875 3115.023692255435 46
470 0.1 3104.58203125 0.0 3155.40625 3102.10546875 3114.7503324468084 47
480 0.1 3104.57421875 0.0 3155.40625 3102.10546875 3114.5384928385415 48
490 0.1 3104.59765625 0.0 3155.40625 3102.10546875 3114.3351403061224 49
500 0.1 3104.64453125 0.0 3155.40625 3102.10546875 3114.140390625 50
510 0.1 3104.69140625 0.0 3155.40625 3102.10546875 3113.954197303922 51
520 0.1 3109.16796875 0.0 3155.40625 3102.10546875 3113.776066706731 52
530 0.1 3112.8671875 0.0 3155.40625 3102.10546875 3113.689121462264 53
