0 0.1 0.1796875 0 0.1796875 0.1796875 0 0
10 0.1 0.1484375 0.0 0.1796875 0.1484375 0.1796875 1
20 0.1 0.12890625 0.0 0.1796875 0.12890625 0.1640625 2
30 0.1 0.109375 0.0 0.1796875 0.109375 0.15234375 3
40 0.1 0.08984375 0.0 0.1796875 0.08984375 0.1416015625 4
50 0.1 0.078125 0.0 0.1796875 0.078125 0.13125 5
60 0.1 0.0703125 0.0 0.1796875 0.0703125 0.12239583333333333 6
70 0.1 0.05859375 0.0 0.1796875 0.05859375 0.11495535714285714 7
80 0.1 0.12890625 0.0 0.1796875 0.05859375 0.10791015625 8
90 0.1 0.109375 0.0 0.1796875 0.05859375 0.11024305555555555 9
100 0.1 0.1484375 0.0 0.1796875 0.05859375 0.11015625 10
110 0.1 0.12890625 0.0 0.1796875 0.05859375 0.11363636363636363 11
120 0.1 0.109375 0.0 0.1796875 0.05859375 0.11490885416666667 12
130 0.1 0.08984375 0.0 0.1796875 0.05859375 0.11448317307692307 13
140 0.1 0.078125 0.0 0.1796875 0.05859375 0.11272321428571429 14
150 0.1 0.0703125 0.0 0.1796875 0.05859375 0.11041666666666666 15
160 0.1 0.05859375 0.0 0.1796875 0.05859375 0.10791015625 16
170 0.1 0.05078125 0.0 0.1796875 0.05078125 0.10500919117647059 17
180 0.1 0.0390625 0.0 0.1796875 0.0390625 0.10199652777777778 18
190 0.1 0.03125 0.0 0.1796875 0.03125 0.09868421052631579 19
200 0.1 0.03125 0.0 0.1796875 0.03125 0.0953125 20
210 0.1 0.01953125 0.0 0.1796875 0.01953125 0.09226190476190477 21
220 0.1 0.01953125 0.0 0.1796875 0.01953125 0.08895596590909091 22
230 0.1 0.1015625 0.0 0.1796875 0.01953125 0.0859375 23
240 0.1 0.078125 0.0 0.1796875 0.01953125 0.08658854166666667 24
250 0.1 0.0703125 0.0 0.1796875 0.01953125 0.08625 25
260 0.1 0.05859375 0.0 0.1796875 0.01953125 0.08563701923076923 26
270 0.1 0.05078125 0.0 0.1796875 0.01953125 0.08463541666666667 27
280 0.1 0.0390625 0.0 0.1796875 0.01953125 0.08342633928571429 28
290 0.1 0.12109375 0.0 0.1796875 0.01953125 0.08189655172413793 29
300 0.1 0.1015625 0.0 0.1796875 0.01953125 0.083203125 30
310 0.1 0.078125 0.0 0.1796875 0.01953125 0.08379536290322581 31
320 0.1 0.0703125 0.0 0.1796875 0.01953125 0.0836181640625 32
330 0.1 0.05859375 0.0 0.1796875 0.01953125 0.08321496212121213 33
340 0.1 0.05078125 0.0 0.1796875 0.01953125 0.08249080882352941 34
350 0.1 0.0390625 0.0 0.1796875 0.01953125 0.08158482142857143 35
360 0.1 0.0390625 0.0 0.1796875 0.01953125 0.08040364583333333 36
370 0.1 0.03125 0.0 0.1796875 0.01953125 0.07928631756756757 37
380 0.1 0.03125 0.0 0.1796875 0.01953125 0.07802220394736842 38
390 0.1 0.01953125 0.0 0.1796875 0.01953125 0.07682291666666667 39
400 0.1 0.01953125 0.0 0.1796875 0.01953125 0.075390625 40
410 0.1 0.01953125 0.0 0.1796875 0.01953125 0.0740282012195122 41
420 0.1 0.01171875 0.0 0.1796875 0.01171875 0.07273065476190477 42
430 0.1 0.01171875 0.0 0.1796875 0.01171875 0.07131177325581395 43
440 0.1 0.01171875 0.0 0.1796875 0.01171875 0.06995738636363637 44
450 0.1 0.01171875 0.0 0.1796875 0.01171875 0.06866319444444445 45
460 0.1 0.01171875 0.0 0.1796875 0.01171875 0.06742527173913045 46
470 0.1 0.08984375 0.0 0.1796875 0.01171875 0.0662400265957447 47
480 0.1 0.0703125 0.0 0.1796875 0.01171875 0.06673177083333336 48
490 0.1 0.05859375 0.0 0.1796875 0.01171875 0.06680484693877553 49
500 0.1 0.05078125 0.0 0.1796875 0.01171875 0.06664062500000002 50
510 0.1 0.0390625 0.0 0.1796875 0.01171875 0.06632965686274513 51
520 0.1 0.0390625 0.0 0.1796875 0.01171875 0.06580528846153849 52
530 0.1 0.109375 0.0 0.1796875 0.01171875 0.06530070754716985 53
