10 0.1 1852 0 1852 1852 0 0
20 0.1 9014.0 0.0 9014 1852 1852.0 1
30 0.1 10388.0 0.0 10388 1852 5433.0 2
40 0.1 14717.0 0.0 14717 1852 7084.666666666667 3
50 0.1 14096.0 0.0 14717 1852 8992.75 4
60 0.1 25485.0 0.0 25485 1852 10013.4 5
70 0.1 17298.0 0.0 25485 1852 12592.0 6
80 0.1 20599.0 0.0 25485 1852 13264.285714285714 7
90 0.1 21821.0 0.0 25485 1852 14181.125 8
100 0.1 24857.0 0.0 25485 1852 15030.0 9
110 0.1 26745.0 0.0 26745 1852 16012.7 10
120 0.1 23736.0 0.0 26745 1852 16988.363636363636 11
130 0.1 21476.0 0.0 26745 1852 17550.666666666668 12
140 0.1 15593.0 0.0 26745 1852 17852.615384615383 13
150 0.1 17395.0 0.0 26745 1852 17691.214285714283 14
160 0.1 19332.0 0.0 26745 1852 17671.466666666664 15
170 0.1 18042.0 0.0 26745 1852 17775.249999999996 16
180 0.1 13719.0 0.0 26745 1852 17790.941176470584 17
190 0.1 13244.0 0.0 26745 1852 17564.72222222222 18
200 0.1 17028.0 0.0 26745 1852 17337.31578947368 19
210 0.1 13536.0 0.0 26745 1852 17321.849999999995 20
220 0.1 9713.0 0.0 26745 1852 17141.571428571424 21
230 0.1 9715.0 0.0 26745 1852 16803.909090909085 22
240 0.1 9717.0 0.0 26745 1852 16495.69565217391 23
250 0.1 9907.0 0.0 26745 1852 16213.249999999995 24
260 0.1 9961.0 0.0 26745 1852 15960.999999999995 25
270 0.1 8093.0 0.0 26745 1852 15730.230769230764 26
280 0.1 12173.0 0.0 26745 1852 15447.370370370367 27
290 0.1 14138.0 0.0 26745 1852 15330.428571428567 28
300 0.1 12227.0 0.0 26745 1852 15289.310344827582 29
310 0.1 9972.0 0.0 26745 1852 15187.23333333333 30
320 0.1 12848.0 0.0 26745 1852 15018.999999999996 31
330 0.1 8868.0 0.0 26745 1852 14951.156249999996 32
340 0.1 7044.0 0.0 26745 1852 14766.818181818178 33
350 0.1 10567.0 0.0 26745 1852 14539.676470588232 34
360 0.1 11775.0 0.0 26745 1852 14426.171428571426 35
370 0.1 18086.0 0.0 26745 1852 14352.527777777774 36
380 0.1 12446.0 0.0 26745 1852 14453.43243243243 37
390 0.1 15671.0 0.0 26745 1852 14400.605263157891 38
400 0.1 17051.0 0.0 26745 1852 14433.179487179485 39
410 0.1 15902.0 0.0 26745 1852 14498.624999999996 40
420 0.1 11376.0 0.0 26745 1852 14532.853658536582 41
430 0.1 12399.0 0.0 26745 1852 14457.690476190473 42
440 0.1 12162.0 0.0 26745 1852 14409.813953488368 43
450 0.1 9151.0 0.0 26745 1852 14358.72727272727 44
460 0.1 12567.0 0.0 26745 1852 14242.999999999998 45
470 0.1 10138.0 0.0 26745 1852 14206.565217391302 46
480 0.1 10632.0 0.0 26745 1852 14119.999999999998 47
490 0.1 10010.0 0.0 26745 1852 14047.33333333333 48
500 0.1 5542.0 0.0 26745 1852 13964.938775510202 49
510 0.1 5112.0 0.0 26745 1852 13796.479999999998 50
520 0.1 6350.0 0.0 26745 1852 13626.19607843137 51
530 0.1 2601.0 0.0 26745 1852 13486.269230769229 52
