40 0.3 36709.656087239586 4549.643024965659 41579.092041015625 30632.779052734375 0 0
50 0.3 40973.71329752604 6190.3402552093885 47390.90185546875 30632.779052734375 36709.656087239586 3
60 0.5 54188.69345703125 9708.707548105865 66317.11010742188 30632.779052734375 38841.68469238281 6
70 0.3 56906.432454427086 4302.509682713066 66317.11010742188 30632.779052734375 45817.597767223015 11
80 0 0 0 66317.11010742188 30632.779052734375 48193.77662876674 14
90 0.2 76507.55505371094 12450.556030273438 88958.11108398438 30632.779052734375 48193.77662876674 14
100 0.2 76821.1025390625 11696.993408203125 88958.11108398438 30632.779052734375 51732.998931884766 16
110 0.3 78555.47037760417 7124.268732908419 88958.11108398438 30632.779052734375 54520.56599934896 18
120 0.3 94403.47037760417 12493.004114307781 111661.14721679688 30632.779052734375 57954.12376767113 21
130 0.6 57650.6317952474 39781.173751635244 116313.15405273438 18072.928955078125 62510.29209391276 24
140 1.8 71449.27651638455 40002.45569760703 125894.1201171875 18072.928955078125 61538.360034179685 30
150 1.4 79201.7507498605 21402.919705296037 125894.1201171875 18072.928955078125 65254.95371500651 48
160 1.6 94804.99546813965 30514.553891905904 150811.12109375 18072.928955078125 68404.23046481225 62
170 1 100634.33598632812 21170.484650822964 150811.12109375 18072.928955078125 73819.77200395633 78
180 0.9 108864.46313476563 28059.882081260843 166050.15502929688 18072.928955078125 76866.88154740767 88
190 0.5 114491.63100585938 24822.42299902516 166050.15502929688 18072.928955078125 79835.72932355429 97
200 0.6 122858.80631510417 25820.07419687123 166050.15502929688 18072.928955078125 81534.5480334712 102
210 0.3 173093.8712565104 16212.176591199903 195997.26098632813 18072.928955078125 83830.34016022859 108
220 0.6 136136.83764648438 14071.838210113257 195997.26098632813 18072.928955078125 86242.86802769566 111
230 0.5 141408.38662109376 18802.273139093555 195997.26098632813 18072.928955078125 88801.5331363515 117
240 0.5 174425.1923828125 19412.362459938005 203288.23901367188 18072.928955078125 90957.55172179175 122
250 0.8 168483.19708251953 34628.66114237836 219469.1220703125 18072.928955078125 94243.67930687132 127
260 1.3 178059.8798828125 26429.04245164342 222114.18701171875 18072.928955078125 98643.05813802083 135
270 0.8 194830.1569519043 25514.295705349585 247510.09497070313 18072.928955078125 105618.86004803632 148
280 0.4 222606.40167236328 26886.54542403075 259913.17993164063 18072.928955078125 110193.79835079878 156
290 0.4 210960.41925048828 20106.02667706411 259913.17993164063 18072.928955078125 113004.11343383789 160
300 0.4 228478.21850585938 18547.559359443574 259913.17993164063 18072.928955078125 115393.2916244879 164
310 0.5 249049.37763671874 4191.593501045823 259913.17993164063 18072.928955078125 118085.78988356817 168
320 0.3 260532.52604166666 3992.100810069553 265647.24609375 18072.928955078125 121870.86467412167 173
330 0.2 227512.68896484375 9718.49609375 265647.24609375 18072.928955078125 124234.41572015936 176
340 0.3 277145.4989420573 26949.646823032344 310632.1198730469 18072.928955078125 125394.84575661649 178
350 1.4 264732.5274483817 22135.632957279493 312051.22412109375 18072.928955078125 127910.04995306025 181
360 1.3 283542.5636080228 28367.93052017372 321878.0881347656 18072.928955078125 137733.2021834936 195
370 1.1 288241.91257546167 14565.605491823915 321878.0881347656 18072.928955078125 146846.28727252668 208
380 0.3 318328.80623372394 3486.8999542198317 323145.126953125 18072.928955078125 153948.35064390698 219
390 0.7 302822.2812848772 18003.04202996234 325494.17578125 18072.928955078125 156169.70815187745 222
400 1.1 329802.8788174716 15671.921788303873 369860.14501953125 18072.928955078125 160652.53789830103 229
410 1.5 333646.5684733073 19522.102204136256 370127.1428222656 18072.928955078125 168405.26185709637 240
420 0.9 332424.9443359375 6044.325192194212 370127.1428222656 18072.928955078125 178125.33871687346 255
430 1.6 338446.32342529297 12910.266773053883 370127.1428222656 18072.928955078125 183385.5525447961 264
440 1.3 354895.6255446214 19151.64064057476 401678.1379394531 18072.928955078125 192246.16802368165 280
450 2.5 349534.533798828 13829.104705192856 401678.1379394531 18072.928955078125 199462.69685566874 293
460 2 359848.8182495117 16351.774868745684 407823.18212890625 18072.928955078125 211260.7972442819 318
470 1.4 370206.2304513114 18762.260233945563 418210.39794921875 18072.928955078125 220052.98783630732 338
480 3.2 381558.87144470215 16191.602530482505 429976.1071777344 18072.928955078125 226024.99180394952 352
490 1.5 386285.64243164065 12751.514475696216 429976.1071777344 18072.928955078125 238986.14844067892 384
500 0.9 402458.37972005206 14824.546123653841 429976.1071777344 18072.928955078125 244523.72340274515 399
510 1.4 415540.74267578125 14144.582650388782 439622.205078125 18072.928955078125 248007.57611562693 408
520 1.7 416588.41291360295 12651.489628547624 442615.0471191406 18072.928955078125 253565.5484659638 422
530 0.7 425342.7579171317 10297.944908512027 442615.0471191406 18072.928955078125 259878.50677031427 439
533 0.1 427811.2370605469 0.0 442615.0471191406 18072.928955078125 262475.4793219459 446
