0 0.6 6
10 1.3 19
20 1.1 30
30 1 40
40 2.4 64
50 1.9 83
60 3.5 118
70 4.3 161
80 2.9 190
90 7.9 269
100 6.9 338
110 8.9 427
120 2 447
130 0 447
140 0 447
150 0 447
160 0 447
170 0 447
180 0 447
190 0 447
200 0 447
210 0 447
220 0 447
230 0 447
240 0 447
250 0 447
260 0 447
270 0 447
280 0 447
290 0 447
300 0 447
310 0 447
320 0 447
330 0 447
340 0 447
350 0 447
360 0 447
370 0 447
380 0 447
390 0 447
400 0 447
410 0 447
420 0 447
430 0 447
440 0 447
450 0 447
460 0 447
470 0 447
480 0 447
490 0 447
500 0 447
510 0 447
520 0 447
530 0 447
533 0 447
