0 6 6
10 19 19
20 30 30
30 40 40
40 61 61
50 77 77
60 107 107
70 147 147
80 176 176
90 253 253
100 320 320
110 406 406
120 423 425
130 417 425
140 399 425
150 385 425
160 369 425
170 359 425
180 350 425
190 345 425
200 339 425
210 336 425
220 330 425
230 325 425
240 320 425
250 312 425
260 299 425
270 291 425
280 287 425
290 283 425
300 279 425
310 274 425
320 271 425
330 269 425
340 266 425
350 252 425
360 239 425
370 228 425
380 225 425
390 218 425
400 207 425
410 192 425
420 183 425
430 167 425
440 154 425
450 129 425
460 109 425
470 95 425
480 63 425
490 48 425
500 39 425
510 25 425
520 8 425
530 1 425
533 0 425
