0 0.3 36.794596354166664 50.77899092019928 108.60693359375 0.8818359375 0 0
10 1.9 0.8143246299342105 0.08385957364298265 108.60693359375 0.625 36.794596354166664 3
20 1.4 0.8156563895089286 0.07309430198142487 108.60693359375 0.625 5.7207253196022725 22
30 0.4 0.80029296875 0.06610262403141884 108.60693359375 0.625 3.813198513454861 36
40 2.5 0.75646484375 0.09347409963651132 108.60693359375 0.590087890625 3.511907958984375 40
50 2.4 0.8331197102864584 0.1344526587528733 108.60693359375 0.590087890625 2.4521221454326922 65
60 3.3 0.876760771780303 0.34016207834815915 108.60693359375 0.590087890625 2.0155372191011236 89
70 5 0.765380859375 0.07278606344171631 108.60693359375 0.590087890625 1.7075075243340163 122
80 4 0.76563720703125 0.06829983870674347 108.60693359375 0.590087890625 1.4336334938226745 172
90 5.6 0.7930079868861607 0.2793558871124319 108.60693359375 0.571044921875 1.3075964585790094 212
100 9.7 0.9107150048324744 0.8670823097000332 108.60693359375 0.56591796875 1.2000705092700559 268
110 11.9 0.7810202205882353 0.47033446834127984 108.60693359375 0.56591796875 1.1231732930222602 365
120 14.9 0.767886168204698 0.45797216998818396 108.60693359375 0.56591796875 1.039048880584969 484
130 21.8 0.8137811783256881 0.9475699316863726 108.60693359375 0.56591796875 0.9752206907829779 633
140 24.3 0.6924471129115228 0.12638627006512984 108.60693359375 0.56103515625 0.9338648579795829 851
150 29.5 0.681893869173729 0.060386694593579995 108.60693359375 0.55908203125 0.8802409895595292 1094
160 44.8 0.8789803641183036 0.8360193474718699 108.60693359375 0.55908203125 0.8381154312342513 1389
170 42.3 0.7132715536347518 0.18089415793464386 108.60693359375 0.556884765625 0.8480814028902423 1837
180 34 0.7435589958639703 0.28813450056366874 108.60693359375 0.556884765625 0.8228492939366704 2260
190 16 0.7119491577148438 0.08480909896964266 108.60693359375 0.556884765625 0.8124805626502404 2600
200 6.4 0.7565803527832031 0.15524021386850817 108.60693359375 0.556884765625 0.8066526551177536 2760
210 4 0.7727355957031249 0.0983276812353809 108.60693359375 0.556884765625 0.8055178720620131 2824
220 1.1 0.8191583806818182 0.12742733574976609 108.60693359375 0.556884765625 0.8050600190402409 2864
230 1.7 0.8037827435661765 0.07103684087426929 108.60693359375 0.556884765625 0.8051139605978261 2875
240 0.7 0.8206612723214286 0.07460345124390189 108.60693359375 0.556884765625 0.8051061353248185 2892
250 0.7 0.839599609375 0.03464462753289157 108.60693359375 0.556884765625 0.805143695158891 2899
260 0.8 0.805877685546875 0.08738916713338181 108.60693359375 0.556884765625 0.8052266928875602 2906
270 0.6 0.7305094401041666 0.019876813935062625 108.60693359375 0.556884765625 0.8052284801014499 2914
280 1.8 0.9538981119791666 0.2324518955479089 108.60693359375 0.556884765625 0.8050749478274829 2920
290 0.9 0.816162109375 0.07005923777069398 108.60693359375 0.556884765625 0.80598673031718 2938
300 0.5 0.8275390625 0.0659177155666434 108.60693359375 0.556884765625 0.8060178054483373 2947
310 0 0 0 108.60693359375 0.556884765625 0.8060542574419884 2952
320 0.2 0.9163818359375 0.0435791015625 108.60693359375 0.556884765625 0.8060542574419884 2952
330 0 0 0 108.60693359375 0.556884765625 0.8061289545161222 2954
340 0 0 0 108.60693359375 0.556884765625 0.8061289545161222 2954
350 0 0 0 108.60693359375 0.556884765625 0.8061289545161222 2954
351 0 0 0 108.60693359375 0.556884765625 0.8061289545161222 2954
