0 0.1 18.024194877542275 0 18.024194877542275 18.024194877542275 0 0
10 0.1 2.1653543307086616 0.0 18.024194877542275 2.1653543307086616 18.024194877542275 1
20 0.1 1.3902681231380336 0.0 18.024194877542275 1.3902681231380336 10.094774604125469 2
30 0.1 1.6831683168316833 0.0 18.024194877542275 1.3902681231380336 7.193272443796324 3
40 0.1 1.188118811881188 0.0 18.024194877542275 1.188118811881188 5.815746412055163 4
50 0.1 2.561576354679803 0.0 18.024194877542275 1.188118811881188 4.890220892020368 5
60 0.1 1.4866204162537164 0.0 18.024194877542275 1.188118811881188 4.502113469130274 6
70 0.1 1.7804154302670623 0.0 18.024194877542275 1.188118811881188 4.0713287472907655 7
80 0.1 2.783300198807157 0.0 18.024194877542275 1.188118811881188 3.784964582662803 8
90 0.1 1.787487586891758 0.0 18.024194877542275 1.188118811881188 3.673668540012175 9
100 0.1 2.4801587301587302 0.0 18.024194877542275 1.188118811881188 3.4850504447001334 10
110 0.1 3.084577114427861 0.0 18.024194877542275 1.188118811881188 3.3936966524690964 11
120 0.1 3.3932135728542914 0.0 18.024194877542275 1.188118811881188 3.36793669096566 12
130 0.1 4.504504504504505 0.0 18.024194877542275 1.188118811881188 3.3698810664955547 13
140 0.1 5.141129032258065 0.0 18.024194877542275 1.188118811881188 3.450925597781908 14
150 0.1 6.030150753768844 0.0 18.024194877542275 1.188118811881188 3.5636058267469854 15
160 0.1 8.316633266533065 0.0 18.024194877542275 1.188118811881188 3.7177648846858515 16
170 0.1 10.65326633165829 0.0 18.024194877542275 1.188118811881188 3.9882865542062755 17
180 0.1 10.440122824974411 0.0 18.024194877542275 1.188118811881188 4.358563208509165 18
190 0.1 7.661290322580645 0.0 18.024194877542275 1.188118811881188 4.678645293586283 19
200 0.1 3.493013972055888 0.0 18.024194877542275 1.188118811881188 4.8277775450360005 20
210 0.1 2.8712871287128716 0.0 18.024194877542275 1.188118811881188 4.76421737489409 21
220 0.1 1.4866204162537164 0.0 18.024194877542275 1.188118811881188 4.678175090976762 22
230 0.1 1.1869436201780417 0.0 18.024194877542275 1.1869436201780417 4.539411844249672 23
240 0.1 1.0901883052527255 0.0 18.024194877542275 1.0901883052527255 4.399725668246687 24
250 0.1 1.183431952662722 0.0 18.024194877542275 1.0901883052527255 4.267344173726928 25
260 0.1 0.8902077151335311 0.0 18.024194877542275 0.8902077151335311 4.148732165224459 26
270 0.1 1.2833168805528135 0.0 18.024194877542275 0.8902077151335311 4.028046074480351 27
280 0.1 0.9910802775024776 0.0 18.024194877542275 0.8902077151335311 3.930020031840081 28
290 0.1 1.085883514313919 0.0 18.024194877542275 0.8902077151335311 3.8286772816905086 29
300 0.1 1.188118811881188 0.0 18.024194877542275 0.8902077151335311 3.737250822777956 30
310 0.1 0.7928642220019821 0.0 18.024194877542275 0.7928642220019821 3.655020757910318 31
320 0.1 0.9891196834817012 0.0 18.024194877542275 0.7928642220019821 3.5655783661631824 32
330 0.1 1.083743842364532 0.0 18.024194877542275 0.7928642220019821 3.48750386062738 33
340 0.1 0.891089108910891 0.0 18.024194877542275 0.7928642220019821 3.4168050365608256 34
350 0.1 0.9871668311944718 0.0 18.024194877542275 0.7928642220019821 3.3446417243422557 35
