0 0.1 3164.3359375 0 3164.3359375 3164.3359375 0 0
10 0.1 3165.171875 0.0 3165.171875 3164.3359375 3164.3359375 1
20 0.1 3163.4609375 0.0 3165.171875 3163.4609375 3164.75390625 2
30 0.1 3162.88671875 0.0 3165.171875 3162.88671875 3164.3229166666665 3
40 0.1 3162.87890625 0.0 3165.171875 3162.87890625 3163.9638671875 4
50 0.1 3162.796875 0.0 3165.171875 3162.796875 3163.746875 5
60 0.1 3162.84375 0.0 3165.171875 3162.796875 3163.5885416666665 6
70 0.1 3161.9765625 0.0 3165.171875 3161.9765625 3163.4821428571427 7
80 0.1 3157.640625 0.0 3165.171875 3157.640625 3163.2939453125 8
90 0.1 3156.8984375 0.0 3165.171875 3156.8984375 3162.6657986111113 9
100 0.1 3155.28515625 0.0 3165.171875 3155.28515625 3162.0890625 10
110 0.1 3153.76171875 0.0 3165.171875 3153.76171875 3161.470525568182 11
120 0.1 3150.70703125 0.0 3165.171875 3150.70703125 3160.828125 12
130 0.1 3149.859375 0.0 3165.171875 3149.859375 3160.049579326923 13
140 0.1 3149.07421875 0.0 3165.171875 3149.07421875 3159.321707589286 14
150 0.1 3146.93359375 0.0 3165.171875 3146.93359375 3158.6385416666667 15
160 0.1 3146.015625 0.0 3165.171875 3146.015625 3157.906982421875 16
170 0.1 3140.984375 0.0 3165.171875 3140.984375 3157.2074908088234 17
180 0.1 3137.3515625 0.0 3165.171875 3137.3515625 3156.306206597222 18
190 0.1 3136.8984375 0.0 3165.171875 3136.8984375 3155.30859375 19
200 0.1 3136.7421875 0.0 3165.171875 3136.7421875 3154.3880859375 20
210 0.1 3136.7578125 0.0 3165.171875 3136.7421875 3153.547805059524 21
220 0.1 3136.77734375 0.0 3165.171875 3136.7421875 3152.7846235795455 22
230 0.1 3136.90234375 0.0 3165.171875 3136.7421875 3152.0886548913045 23
240 0.1 3136.9375 0.0 3165.171875 3136.7421875 3151.4558919270835 24
250 0.1 3137.109375 0.0 3165.171875 3136.7421875 3150.87515625 25
260 0.1 3137.1328125 0.0 3165.171875 3136.7421875 3150.345703125 26
270 0.1 3137.12890625 0.0 3165.171875 3136.7421875 3149.8563368055557 27
280 0.1 3137.26953125 0.0 3165.171875 3136.7421875 3149.401785714286 28
290 0.1 3137.42578125 0.0 3165.171875 3136.7421875 3148.983432112069 29
300 0.1 3137.55078125 0.0 3165.171875 3136.7421875 3148.598177083333 30
310 0.1 3137.71484375 0.0 3165.171875 3136.7421875 3148.2418094758063 31
320 0.1 3142.96484375 0.0 3165.171875 3136.7421875 3147.912841796875 32
330 0.1 3143.30078125 0.0 3165.171875 3136.7421875 3147.762902462121 33
340 0.1 3143.47265625 0.0 3165.171875 3136.7421875 3147.631663602941 34
350 0.1 3145.1796875 0.0 3165.171875 3136.7421875 3147.5128348214284 35
