0 0.1 0.33984375 0 0.33984375 0.33984375 0 0
10 0.1 0.2890625 0.0 0.33984375 0.2890625 0.33984375 1
20 0.1 0.23828125 0.0 0.33984375 0.23828125 0.314453125 2
30 0.1 0.19921875 0.0 0.33984375 0.19921875 0.2890625 3
40 0.1 0.171875 0.0 0.33984375 0.171875 0.2666015625 4
50 0.1 0.1484375 0.0 0.33984375 0.1484375 0.24765625 5
60 0.1 0.12109375 0.0 0.33984375 0.12109375 0.23111979166666666 6
70 0.1 0.1015625 0.0 0.33984375 0.1015625 0.21540178571428573 7
80 0.1 0.08984375 0.0 0.33984375 0.08984375 0.201171875 8
90 0.1 0.078125 0.0 0.33984375 0.078125 0.18880208333333334 9
100 0.1 0.05859375 0.0 0.33984375 0.05859375 0.177734375 10
110 0.1 0.05078125 0.0 0.33984375 0.05078125 0.1669034090909091 11
120 0.1 0.05078125 0.0 0.33984375 0.05078125 0.1572265625 12
130 0.1 0.0390625 0.0 0.33984375 0.0390625 0.14903846153846154 13
140 0.1 0.03125 0.0 0.33984375 0.03125 0.14118303571428573 14
150 0.1 0.03125 0.0 0.33984375 0.03125 0.13385416666666666 15
160 0.1 0.01953125 0.0 0.33984375 0.01953125 0.12744140625 16
170 0.1 0.01953125 0.0 0.33984375 0.01953125 0.12109375 17
180 0.1 0.01953125 0.0 0.33984375 0.01953125 0.1154513888888889 18
190 0.1 0.01171875 0.0 0.33984375 0.01171875 0.11040296052631579 19
200 0.1 0.01171875 0.0 0.33984375 0.01171875 0.10546875 20
210 0.1 0.01171875 0.0 0.33984375 0.01171875 0.10100446428571429 21
220 0.1 0.01171875 0.0 0.33984375 0.01171875 0.09694602272727272 22
230 0.1 0.01171875 0.0 0.33984375 0.01171875 0.09324048913043478 23
240 0.1 0.01171875 0.0 0.33984375 0.01171875 0.08984375 24
250 0.1 0.01171875 0.0 0.33984375 0.01171875 0.08671875 25
260 0.1 0.0 0.0 0.33984375 0.0 0.08383413461538461 26
270 0.1 0.0 0.0 0.33984375 0.0 0.08072916666666667 27
280 0.1 0.0 0.0 0.33984375 0.0 0.07784598214285714 28
290 0.1 0.0 0.0 0.33984375 0.0 0.07516163793103449 29
300 0.1 0.0 0.0 0.33984375 0.0 0.07265625 30
310 0.1 0.0 0.0 0.33984375 0.0 0.0703125 31
320 0.1 0.0 0.0 0.33984375 0.0 0.068115234375 32
330 0.1 0.0 0.0 0.33984375 0.0 0.06605113636363637 33
340 0.1 0.0 0.0 0.33984375 0.0 0.06410845588235294 34
350 0.1 0.0 0.0 0.33984375 0.0 0.062276785714285715 35
