0 0.6 69.88529459635417 61.69370459444168 141.42578125 7.2119140625 0 0
10 4.7 167.8399372506649 381.85024232122134 1829.1669921875 1.414794921875 69.88529459635417 6
20 5.6 679.8315865652902 1851.2406373307915 7161.84814453125 1.269775390625 156.750732421875 53
30 2.3 3105.815228006114 3268.7305017513904 9834.4541015625 1.269775390625 425.489519871703 109
40 6.7 793.1717365321829 2197.5246832042913 9834.4541015625 1.214111328125 892.5159690163352 132
50 3.4 1637.726957433364 2803.679333622881 9834.4541015625 1.214111328125 859.0684133558417 199
60 4.3 5460.247075990189 3004.20473931825 14731.671875 1.214111328125 972.6924069122183 233
70 11.9 3974.508075105042 2498.406020305531 15030.568115234375 1.214111328125 1671.8404169497283 276
80 5.7 5128.005075555098 3853.4206769496755 15852.94189453125 0.951904296875 2365.5554835838607 395
90 15.3 4635.845640893078 6600.296659828338 21149.61083984375 0.735107421875 2713.9174896510303 452
100 27.5 1481.6683638139207 5780.670674585422 26887.611083984375 0.638916015625 3199.9588237667876 605
110 40 3047.56671142578 8920.696367509123 33609.39306640625 0.638916015625 2662.993055031517 880
120 45.9 3101.9114902471415 9234.480822762665 40519.093017578125 0.638916015625 2783.172322654724 1280
130 72.9 1373.3173272194338 5717.851455410205 41576.976806640625 0.627197265625 2867.3018671773916 1739
140 80.3 927.8096423689493 4507.15621290116 41576.976806640625 0.627197265625 2426.0074062254666 2468
150 89 1380.6191436424688 5758.330592614855 41576.976806640625 0.627197265625 2058.213824942439 3271
160 144 601.3025375366209 4064.1809809900633 41576.976806640625 0.627197265625 1913.2824944072372 4161
170 145.8 850.6110893427427 5094.67050189115 41576.976806640625 0.627197265625 1575.9764530050434 5601
180 129.9 920.6325191177705 5283.262247537925 42856.97900390625 0.627197265625 1426.155982652354 7059
190 48.7 1834.556789014374 7253.6094313906015 42856.97900390625 0.627197265625 1347.5875477239713 8358
200 18.8 6679.9502433614525 12041.09571829695 42856.97900390625 0.627197265625 1374.399760330916 8845
210 8.6 6874.943657453668 11573.610673713798 42856.97900390625 0.627197265625 1484.821933563479 9033
220 3.1 19483.9339954007 14725.478116836659 42856.97900390625 0.627197265625 1535.6554096304333 9119
230 3.4 17358.56550867417 17438.700739076306 42856.97900390625 0.627197265625 1596.463785166923 9150
240 2.6 29637.391301081734 18063.110792733318 43681.9580078125 0.627197265625 1654.8165136729383 9184
250 2.1 30566.411167689734 21680.8942418698 49323.779052734375 0.627197265625 1733.8118388056885 9210
260 2 31799.47677001953 25975.78782237304 55558.89404296875 0.627197265625 1799.4043624658082 9231
270 2.9 47653.44638166756 24430.973716259887 64318.052978515625 0.627197265625 1864.2623722108167 9251
280 3.3 28157.905088482483 31056.949593358815 70536.96704101563 0.627197265625 2007.353572240369 9280
290 3.4 39911.01691032859 25347.183434494316 70536.96704101563 0.627197265625 2100.016323237469 9313
300 2 30288.889270019532 23055.52971305247 70536.96704101563 0.627197265625 2237.55500088389 9347
310 1.3 23597.957876352164 8165.953462897887 70536.96704101563 0.627197265625 2297.44895683379 9367
320 1.3 17926.192119891828 8918.749514569166 70536.96704101563 0.627197265625 2326.9699180228877 9380
330 0.9 18516.517144097223 7495.203240536976 70536.96704101563 0.627197265625 2348.5593876943767 9393
340 0.9 12437.426106770834 4640.1387676084505 70536.96704101563 0.627197265625 2364.0360543405823 9402
350 0 0 0 70536.96704101563 0.627197265625 2373.6695162970027 9411
351 0 0 0 70536.96704101563 0.627197265625 2373.6695162970027 9411
