10 0.1 550 0 550 550 0 0
20 0.1 3016.0 0.0 3016 550 550.0 1
30 0.1 2658.0 0.0 3016 550 1783.0 2
40 0.1 1164.0 0.0 3016 550 2074.6666666666665 3
50 0.1 3979.0 0.0 3979 550 1847.0 4
60 0.1 1948.0 0.0 3979 550 2273.4 5
70 0.1 1778.0 0.0 3979 550 2219.1666666666665 6
80 0.1 5816.0 0.0 5816 550 2156.1428571428573 7
90 0.1 1902.0 0.0 5816 550 2613.625 8
100 0.1 3656.0 0.0 5816 550 2534.5555555555557 9
110 0.1 1253.0 0.0 5816 550 2646.7 10
120 0.1 2783.0 0.0 5816 550 2520.0 11
130 0.1 5850.0 0.0 5850 550 2541.9166666666665 12
140 0.1 4383.0 0.0 5850 550 2796.3846153846152 13
150 0.1 3467.0 0.0 5850 550 2909.714285714286 14
160 0.1 4301.0 0.0 5850 550 2946.866666666667 15
170 0.1 4393.0 0.0 5850 550 3031.5 16
180 0.1 5731.0 0.0 5850 550 3111.5882352941176 17
190 0.1 4750.0 0.0 5850 550 3257.1111111111113 18
200 0.1 2876.0 0.0 5850 550 3335.684210526316 19
210 0.1 3538.0 0.0 5850 550 3312.7 20
220 0.1 733.0 0.0 5850 550 3323.4285714285716 21
230 0.1 640.0 0.0 5850 550 3205.681818181818 22
240 0.1 683.0 0.0 5850 550 3094.1304347826085 23
250 0.1 939.0 0.0 5850 550 2993.6666666666665 24
260 0.1 517.0 0.0 5850 517 2911.48 25
270 0.1 1088.0 0.0 5850 517 2819.3846153846152 26
280 0.1 869.0 0.0 5850 517 2755.259259259259 27
290 0.1 592.0 0.0 5850 517 2687.8928571428573 28
300 0.1 1396.0 0.0 5850 517 2615.6206896551726 29
310 0.1 351.0 0.0 5850 351 2574.9666666666667 30
320 0.1 540.0 0.0 5850 351 2503.2258064516127 31
330 0.1 332.0 0.0 5850 332 2441.875 32
340 0.1 187.0 0.0 5850 187 2377.939393939394 33
350 0.1 135.0 0.0 5850 135 2313.5 34
