0 0.6 69.88529459635417 61.69370459444168 141.42578125 7.2119140625 0 0
10 4.8 164.33796183268223 378.6133934915943 1829.1669921875 0.508056640625 69.88529459635417 6
20 5.9 645.2497806872352 1809.7387019315076 7161.84814453125 0.508056640625 153.84322102864576 54
30 2.7 2645.662009910301 3212.267772804529 9834.4541015625 0.508056640625 410.41832739905976 113
40 6.9 770.174118263134 2169.5281411809246 9834.4541015625 0.508056640625 841.5010375976563 140
50 3.5 1590.9278459821428 2776.7776018219943 9834.4541015625 0.508056640625 817.9529159034838 209
60 4.6 5104.128853175951 3202.175656815385 14731.671875 0.508056640625 928.8304673491931 244
70 12.2 3876.7679743532276 2543.084380848102 15030.568115234375 0.508056640625 1591.1191768251617 290
80 6.1 4791.727511046362 3935.23777698458 15852.94189453125 0.508056640625 2267.937510073764 412
90 15.6 4546.690025916467 6567.460182620302 21149.61083984375 0.508056640625 2593.415713159025 473
100 29.1 1400.1889270900458 5629.648754790619 26887.611083984375 0.508056640625 3077.8525856394076 629
110 42.4 2875.0494839650282 8693.090149302929 33609.39306640625 0.4951171875 2547.2002762504244 920
120 48.2 2953.8839673560674 9035.687487364843 40519.093017578125 0.4951171875 2650.628895350865 1344
130 76.9 1301.8721604762682 5575.488349700407 41576.976806640625 0.493896484375 2730.6776054858638 1826
140 85.3 873.4122931244499 4378.454526879463 41576.976806640625 0.493896484375 2307.266666290342 2595
150 93.5 1314.161895523479 5625.811040258911 41576.976806640625 0.493896484375 1952.5457323255782 3448
160 150 577.2412654622384 3983.807771704667 41576.976806640625 0.493896484375 1816.3630064734307 4383
170 152.6 812.697729748167 4982.958804676001 41576.976806640625 0.493896484375 1500.4217160575224 5883
180 139.3 858.4949501623631 5107.107445976 42856.97900390625 0.489013671875 1358.7741518642338 7409
190 53.3 1676.2103058491139 6952.651370653479 42856.97900390625 0.489013671875 1279.6002223060987 8802
200 21.1 5951.780098720747 11554.956379089406 42856.97900390625 0.489013671875 1302.2454472154106 9335
210 8.9 6643.1961519048455 11444.30470295786 42856.97900390625 0.489013671875 1405.0164310272298 9546
220 4 15099.99546508789 15304.832194969284 42856.97900390625 0.489013671875 1453.4023153197163 9635
230 3.8 15531.320961400083 17334.084060306675 42856.97900390625 0.489013671875 1509.822338677931 9675
240 3 25685.708154296874 19602.71641135972 43681.9580078125 0.489013671875 1564.6784024752585 9713
250 2.2 29177.01743386008 22118.543141261143 49323.779052734375 0.489013671875 1638.9502789562857 9743
260 2.4 26499.528889973957 26508.83475691748 55558.89404296875 0.489013671875 1700.9920073134679 9765
270 3.6 38387.45436604818 28922.22525022044 64318.052978515625 0.489013671875 1761.7913622203894 9789
280 4 23230.23252563476 30169.45935285678 70536.96704101563 0.489013671875 1895.9922648298345 9825
290 3.9 34794.18965970553 27168.670299130303 70536.96704101563 0.489013671875 1982.497040342475 9865
300 2 30288.889270019532 23055.52971305247 70536.96704101563 0.489013671875 2111.7030189526486 9904
310 1.4 21912.3744594029 9942.503866028062 70536.96704101563 0.489013671875 2168.4889646420215 9924
320 1.3 17926.192119891828 8918.749514569166 70536.96704101563 0.489013671875 2196.302850426551 9938
330 0.9 18516.517144097223 7495.203240536976 70536.96704101563 0.489013671875 2216.85239926617 9951
340 0.9 12437.426106770834 4640.1387676084505 70536.96704101563 0.489013671875 2231.5810119874027 9960
350 0 0 0 70536.96704101563 0.489013671875 2240.7948354253654 9969
351 0 0 0 70536.96704101563 0.489013671875 2240.7948354253654 9969
