10 0.1 275 0 275 275 0 0
20 0.1 1325.0 0.0 1325 275 275.0 1
30 0.1 1184.0 0.0 1325 275 800.0 2
40 0.1 586.0 0.0 1325 275 928.0 3
50 0.1 1971.0 0.0 1971 275 842.5 4
60 0.1 887.0 0.0 1971 275 1068.2 5
70 0.1 1015.0 0.0 1971 275 1038.0 6
80 0.1 2944.0 0.0 2944 275 1034.7142857142858 7
90 0.1 1028.0 0.0 2944 275 1273.375 8
100 0.1 1911.0 0.0 2944 275 1246.111111111111 9
110 0.1 1222.0 0.0 2944 275 1312.6 10
120 0.1 2201.0 0.0 2944 275 1304.3636363636363 11
130 0.1 3635.0 0.0 3635 275 1379.0833333333333 12
140 0.1 3562.0 0.0 3635 275 1552.6153846153845 13
150 0.1 3350.0 0.0 3635 275 1696.142857142857 14
160 0.1 4238.0 0.0 4238 275 1806.4 15
170 0.1 5076.0 0.0 5076 275 1958.375 16
180 0.1 5833.0 0.0 5833 275 2141.764705882353 17
190 0.1 4549.0 0.0 5833 275 2346.8333333333335 18
200 0.1 2306.0 0.0 5833 275 2462.7368421052633 19
210 0.1 2088.0 0.0 5833 275 2454.9 20
220 0.1 525.0 0.0 5833 275 2437.4285714285716 21
230 0.1 398.0 0.0 5833 275 2350.5 22
240 0.1 392.0 0.0 5833 275 2265.608695652174 23
250 0.1 477.0 0.0 5833 275 2187.5416666666665 24
260 0.1 279.0 0.0 5833 275 2119.12 25
270 0.1 494.0 0.0 5833 275 2048.346153846154 26
280 0.1 463.0 0.0 5833 275 1990.7777777777778 27
290 0.1 338.0 0.0 5833 275 1936.2142857142858 28
300 0.1 687.0 0.0 5833 275 1881.103448275862 29
310 0.1 177.0 0.0 5833 177 1841.3 30
320 0.1 302.0 0.0 5833 177 1787.6129032258063 31
330 0.1 164.0 0.0 5833 164 1741.1875 32
340 0.1 115.0 0.0 5833 115 1693.3939393939395 33
350 0.1 79.0 0.0 5833 79 1646.9705882352941 34
