10 0.2 9166.412963867188 176.9678955078125 9343.380859375 8989.445068359375 0 0
20 0.8 13645.163177490234 4556.509916261072 22007.91015625 6909.941162109375 9166.412963867188 2
30 0.4 12789.040283203125 1744.0046859420002 22007.91015625 6909.941162109375 12749.413134765626 10
40 1 22497.214624023436 6114.13993823635 30928.941162109375 6909.941162109375 12760.735177176339 14
50 0.7 27785.29715401786 12148.211921214657 42011.931884765625 6909.941162109375 16817.60161336263 24
60 0.7 27343.042061941964 11406.45212453191 48369.57177734375 6909.941162109375 19294.178025768648 31
70 1 28810.83203125 9703.297828461556 52564.966064453125 6909.941162109375 20776.863506116366 38
80 0.5 31220.571630859376 7765.772750833389 52564.966064453125 6909.941162109375 22450.60694885254 48
90 1.1 27310.073153409092 13798.134369865575 52564.966064453125 1366.95703125 23277.96210753243 53
100 3.9 21788.815655048078 17296.551636049357 61448.978759765625 1366.95703125 23970.98119354248 64
110 5.1 25557.421329273897 18241.339143252775 65185.330078125 1366.95703125 23144.724339161105 103
120 6.8 27468.561236213234 19087.199578145206 80872.96508789063 1366.95703125 23943.734381341314 154
130 8.3 23223.76294533603 18414.185323768314 80872.96508789063 1036.055908203125 25023.41107562641 222
140 12.9 25471.189076504965 21546.827561104386 100751.95581054688 750.93017578125 24533.670764760504 305
150 17.3 24729.08557340588 19430.79431792848 100751.95581054688 750.93017578125 24812.33404175367 434
160 18.6 19851.92379531041 17731.95611392313 100751.95581054688 646.966796875 24788.60754253758 607
170 26.4 16153.955303770123 14191.37318384267 100751.95581054688 646.966796875 23630.696852771813 793
180 27 20782.51381383824 16798.13263588341 104168.96118164063 503.9619140625 21763.27985283194 1057
190 23.4 25356.652553460535 14969.37679148562 104168.96118164063 503.9619140625 21563.726853187403 1327
200 10.1 35767.38970161665 16273.836153353384 117609.94604492188 503.9619140625 22132.30123746922 1561
210 4.2 44583.97689964658 12733.304255665904 117609.94604492188 503.9619140625 22960.90769648179 1662
220 1.8 53281.27521430122 9354.023343618654 117609.94604492188 503.9619140625 23493.87066979923 1704
230 1.3 61647.55615234375 9640.619474701918 117609.94604492188 503.9619140625 23805.237267825385 1722
240 1.1 75808.60102982954 7141.430012541919 117609.94604492188 503.9619140625 24088.782020274226 1735
250 1 79576.01640625 7283.520551237815 117609.94604492188 503.9619140625 24414.622804412316 1746
260 1 88526.60109863282 3021.8943611172076 117609.94604492188 503.9619140625 24728.753747475173 1756
270 0.9 100860.44650607639 10325.700390015436 126550.99487304688 503.9619140625 25090.009961241638 1766
280 1.1 108492.30357776988 6351.195428745488 126550.99487304688 503.9619140625 25474.198090201364 1775
290 1.1 121845.1386940696 8808.507921476907 132669.58081054688 503.9619140625 25985.507810449548 1786
300 1.1 127239.87626509233 10503.804971972866 158292.65185546875 503.9619140625 26572.294643905207 1797
310 0.6 143056.62748209634 10305.68752606138 163455.953125 503.9619140625 27184.763337396944 1808
320 0.6 148147.94327799478 8524.796431741821 163455.953125 503.9619140625 27568.02198396155 1814
330 0.6 153534.70206705728 2201.0228718363473 163455.953125 503.9619140625 27965.538208007813 1820
340 0.9 166229.75775824653 4834.810216780662 174806.01098632813 503.9619140625 28378.142251356276 1826
350 0.2 174855.49340820313 466.510498046875 175322.00390625 503.9619140625 29054.253717057647 1835
351 0.1 184829.86889648438 0.0 184829.86889648438 503.9619140625 29212.992138060526 1837
