0 1.8140625 1.8140625
10 15.49609375 17.31015625
20 20.975 38.28515625
30 11.46015625 49.7453125
40 22.60390625 72.34921875
50 19.20078125 91.55
60 17.98515625 109.53515625
70 44.1921875 153.72734375
80 31.7109375 185.43828125
90 36.80859375 222.246875
100 53.14765625 275.39453125
110 87.3703125 362.76484375
120 95.07109375 457.8359375
130 143.74375 601.5796875
140 163.62734375 765.20703125
150 172.46796875 937.675
160 236.42421875 1174.09921875
170 242.79765625 1416.896875
180 264.0578125 1680.9546875
190 138.3421875 1819.296875
200 62.47890625 1881.77578125
210 37.403125 1919.17890625
220 13.26328125 1932.4421875
230 11.12109375 1943.56328125
240 7.1234375 1950.68671875
250 5.4671875 1956.15390625
260 5.0328125 1961.18671875
270 5.97265625 1967.159375
280 11.23125 1978.390625
290 11.01484375 1989.40546875
300 5.659375 1995.06484375
310 3.2859375 1998.35078125
320 1.890625 2000.24140625
330 2.178125 2002.41953125
340 0.36328125 2002.7828125
350 0 2002.7828125
351 0 2002.7828125
