0 526.3359375 526.3359375
10 2701.15234375 3227.48828125
20 3412.09375 6639.58203125
30 980.6 7620.18203125
40 4333.4234375 11953.60546875
50 1626.19921875 13579.8046875
60 1812.27421875 15392.07890625
70 5180.59453125 20572.6734375
80 3239.98984375 23812.66328125
90 3714.6953125 27527.35859375
100 731.9453125 28259.30390625
110 1806.13046875 30065.434375
120 5006.06953125 35071.50390625
130 2899.37734375 37970.88125
140 2884.61015625 40855.49140625
150 3150.834375 44006.32578125
160 2130.4015625 46136.72734375
170 3025.84375 49162.57109375
180 2741.01328125 51903.584375
190 1713.48046875 53617.06484375
200 2372.90234375 55989.9671875
210 2035.3203125 58025.2875
220 533.47421875 58558.76171875
230 609.3640625 59168.12578125
240 1111.3421875 60279.46796875
250 838.77265625 61118.240625
260 249.1109375 61367.3515625
270 1414.99296875 62782.34453125
280 462.5046875 63244.84921875
290 1287.1109375 64531.96015625
300 837.95 65369.91015625
310 457.21953125 65827.1296875
320 400.7234375 66227.853125
330 291.35078125 66519.20390625
340 198.0609375 66717.26484375
350 0 66717.26484375
351 0 66717.26484375
