0 2.4 24
10 4.8 72
20 6.4 136
30 8.1 217
40 11.6 333
50 14.2 475
60 17.1 646
70 22.2 868
80 17.1 1039
90 19.9 1238
100 33.4 1572
110 24 1812
120 15.7 1969
130 16.9 2138
140 22.4 2362
150 19.5 2557
160 16.6 2723
170 9.7 2820
180 11.6 2936
190 11.5 3051
200 15 3201
210 15.8 3359
220 19 3549
230 20.6 3755
240 9.7 3852
250 13.2 3984
260 13.2 4116
270 19.2 4308
280 17 4478
290 13.9 4617
300 12.5 4742
310 13.3 4875
320 14.1 5016
330 7.4 5090
340 7.3 5163
350 1.7 5180
360 1.6 5196
370 3 5226
380 4.9 5275
390 5.4 5329
400 4.7 5376
410 3.5 5411
420 3.2 5443
430 2.1 5464
440 1 5474
450 0.6 5480
460 1.1 5491
470 0.4 5495
480 3.2 5527
490 1.1 5538
497 0.1 5539
