10 0.1 1
20 0 1
30 0.1 2
40 0 2
50 0.3 5
60 0.2 7
70 0.5 12
80 0.3 15
90 0.4 19
100 0.7 26
110 0.1 27
120 0.4 31
130 0.5 36
140 0.4 40
150 0.8 48
160 0.6 54
170 0.2 56
180 0.2 58
190 0.3 61
200 0.1 62
210 0.6 68
220 0.4 72
230 0.7 79
240 0.3 82
250 0.2 84
260 0.1 85
270 0.2 87
280 0.6 93
290 0.5 98
300 0.5 103
310 0.4 107
320 0.1 108
330 0.1 109
340 0.5 114
350 0.1 115
360 0 115
370 0.3 118
380 0 118
390 0.1 119
400 0 119
410 0 119
420 0.1 120
430 0 120
440 0 120
450 0 120
460 0.2 122
470 0 122
480 0.1 123
490 0 123
497 0 123
