0 9 9
10 18 9
20 21 3
30 29 8
40 41 12
50 59 18
60 78 19
70 123 45
80 155 32
90 214 59
100 296 82
110 380 84
120 394 14
130 388 -6
140 381 -7
150 378 -3
160 373 -5
170 373 0
180 369 -4
190 364 -5
200 361 -3
210 358 -3
220 350 -8
230 339 -11
240 333 -6
250 328 -5
260 320 -8
270 306 -14
280 294 -12
290 275 -19
300 253 -22
310 212 -41
320 172 -40
330 138 -34
340 113 -25
350 108 -5
360 106 -2
370 102 -4
380 95 -7
390 78 -17
400 72 -6
410 66 -6
420 51 -15
430 42 -9
440 39 -3
450 37 -2
460 35 -2
470 33 -2
480 11 -22
490 1 -10
497 0 -1
