0 0 0
10 0 0
20 0 0
30 0.2 2
40 0.8 10
50 0.5 15
60 0.5 20
70 0.4 24
80 0.3 27
90 0.5 32
100 0.8 40
110 0.2 42
120 0.1 43
130 0.6 49
140 0.7 56
150 0.3 59
160 0.5 64
170 0 64
180 0.4 68
190 0.5 73
200 0.3 76
210 0.4 80
220 0.7 87
230 1.2 99
240 0.5 104
250 0.5 109
260 0.8 117
270 1.4 131
280 1.3 144
290 1.9 163
300 2.2 185
310 4 225
320 4.2 267
330 3.3 300
340 2.4 324
350 0.5 329
360 0.2 331
370 0.4 335
380 0.9 344
390 1.5 359
400 0.6 365
410 0.6 371
420 1.5 386
430 0.9 395
440 0.3 398
450 0.2 400
460 0.2 402
470 0.2 404
480 2.2 426
490 1 436
497 0.1 437
