0 0.1 3155.38671875 0 3155.38671875 3155.38671875 0 0
10 0.1 3155.31640625 0.0 3155.38671875 3155.31640625 3155.38671875 1
20 0.1 3153.75390625 0.0 3155.38671875 3153.75390625 3155.3515625 2
30 0.1 3152.31640625 0.0 3155.38671875 3152.31640625 3154.8190104166665 3
40 0.1 3150.5078125 0.0 3155.38671875 3150.5078125 3154.193359375 4
50 0.1 3149.9140625 0.0 3155.38671875 3149.9140625 3153.45625 5
60 0.1 3146.52734375 0.0 3155.38671875 3146.52734375 3152.8658854166665 6
70 0.1 3141.19921875 0.0 3155.38671875 3141.19921875 3151.960379464286 7
80 0.1 3137.91796875 0.0 3155.38671875 3137.91796875 3150.615234375 8
90 0.1 3134.47265625 0.0 3155.38671875 3134.47265625 3149.2044270833335 9
100 0.1 3125.36328125 0.0 3155.38671875 3125.36328125 3147.73125 10
110 0.1 3119.83203125 0.0 3155.38671875 3119.83203125 3145.6977982954545 11
120 0.1 3109.265625 0.0 3155.38671875 3109.265625 3143.5423177083335 12
130 0.1 3105.890625 0.0 3155.38671875 3105.890625 3140.9056490384614 13
140 0.1 3103.86328125 0.0 3155.38671875 3103.86328125 3138.4045758928573 14
150 0.1 3100.58984375 0.0 3155.38671875 3100.58984375 3136.1018229166666 15
160 0.1 3098.16796875 0.0 3155.38671875 3098.16796875 3133.88232421875 16
170 0.1 3098.0625 0.0 3155.38671875 3098.0625 3131.7814797794117 17
180 0.1 3097.58203125 0.0 3155.38671875 3097.58203125 3129.908203125 18
190 0.1 3096.8515625 0.0 3155.38671875 3096.8515625 3128.2068256578946 19
200 0.1 3096.73828125 0.0 3155.38671875 3096.73828125 3126.6390625 20
210 0.1 3095.1953125 0.0 3155.38671875 3095.1953125 3125.2152157738096 21
220 0.1 3093.625 0.0 3155.38671875 3093.625 3123.850674715909 22
230 0.1 3094.87109375 0.0 3155.38671875 3093.625 3122.536514945652 23
240 0.1 3094.0 0.0 3155.38671875 3093.625 3121.3837890625 24
250 0.1 3093.8828125 0.0 3155.38671875 3093.625 3120.2884375 25
260 0.1 3093.40234375 0.0 3155.38671875 3093.40234375 3119.2728365384614 26
270 0.1 3092.52734375 0.0 3155.38671875 3092.52734375 3118.3146701388887 27
280 0.1 3092.20703125 0.0 3155.38671875 3092.20703125 3117.3936941964284 28
290 0.1 3092.55859375 0.0 3155.38671875 3092.20703125 3116.525188577586 29
300 0.1 3092.375 0.0 3155.38671875 3092.20703125 3115.7263020833334 30
310 0.1 3091.62890625 0.0 3155.38671875 3091.62890625 3114.9730342741937 31
320 0.1 3091.546875 0.0 3155.38671875 3091.546875 3114.2435302734375 32
330 0.1 3091.796875 0.0 3155.38671875 3091.546875 3113.555752840909 33
340 0.1 3091.8359375 0.0 3155.38671875 3091.546875 3112.9157858455883 34
350 0.1 3091.84375 0.0 3155.38671875 3091.546875 3112.313504464286 35
360 0.1 3091.86328125 0.0 3155.38671875 3091.546875 3111.7449001736113 36
370 0.1 3091.86328125 0.0 3155.38671875 3091.546875 3111.2075591216217 37
380 0.1 3091.8984375 0.0 3155.38671875 3091.546875 3110.6984991776317 38
390 0.1 3092.31640625 0.0 3155.38671875 3091.546875 3110.2164463141025 39
400 0.1 3092.35546875 0.0 3155.38671875 3091.546875 3109.7689453125 40
410 0.1 3092.21484375 0.0 3155.38671875 3091.546875 3109.344226371951 41
420 0.1 3092.25390625 0.0 3155.38671875 3091.546875 3108.9363839285716 42
430 0.1 3100.734375 0.0 3155.38671875 3091.546875 3108.5484193313955 43
440 0.1 3103.33984375 0.0 3155.38671875 3091.546875 3108.3708274147725 44
450 0.1 3103.37109375 0.0 3155.38671875 3091.546875 3108.2590277777776 45
460 0.1 3103.4375 0.0 3155.38671875 3091.546875 3108.1527683423915 46
470 0.1 3103.49609375 0.0 3155.38671875 3091.546875 3108.0524434840427 47
480 0.1 3103.640625 0.0 3155.38671875 3091.546875 3107.95751953125 48
490 0.1 3119.24609375 0.0 3155.38671875 3091.546875 3107.8694196428573 49
497 0.1 3119.21875 0.0 3155.38671875 3091.546875 3108.096953125 50
