0 2.4 54.25103759765625 41.46467885120717 183.524169921875 17.237060546875 0 0
10 4.9 1058.4495226801662 1868.1948635111232 4897.31494140625 7.927978515625 54.25103759765625 24
20 6.4 978.5166511535645 1753.6128149246126 4934.344970703125 7.927978515625 728.302075529752 73
30 8.2 812.4457263481327 1662.3006922306909 5194.41015625 7.674072265625 845.1906364051096 137
40 11.6 971.3906376279637 1942.0750768523847 6097.968994140625 7.674072265625 832.929985150899 219
50 14.5 946.253209186422 2081.1496168822114 7661.713134765625 7.674072265625 880.8745692922108 335
60 17.2 1589.4938652570856 3093.0102374400994 10639.239013671875 7.674072265625 900.6243667602538 480
70 22.7 2021.5857396062775 3523.5311918049506 12928.712890625 7.674072265625 1082.3506761796634 652
80 17.4 4259.167537996138 4499.496703952388 17157.744140625 7.674072265625 1324.9062613876742 879
90 20.2 5727.294005743348 5005.1943865749 20397.377197265625 7.674072265625 1809.7699481206969 1053
100 34.3 4725.131159746267 4947.489666990345 20397.377197265625 7.674072265625 2440.319637076693 1255
110 24 8924.698391723628 4290.652887690998 23597.218994140625 7.674072265625 2930.739131617159 1598
120 16.2 12579.450477129147 4740.054841290123 24569.85595703125 7.674072265625 3713.4106345690375 1838
130 17.4 17383.531637257547 3657.8803801292065 29170.616943359375 7.674072265625 4431.559861816406 2000
140 22.6 18677.07451366324 6800.066828274261 31543.22802734375 7.674072265625 5468.194217348493 2174
150 20.5 17098.083371046105 7716.884583569803 37065.06884765625 7.674072265625 6712.030445251465 2400
160 17.2 14885.969090661338 8750.292445592893 37065.06884765625 7.674072265625 7529.3589864368405 2605
170 9.9 19989.453864820076 6213.180825854356 41028.5419921875 7.674072265625 7985.007865776636 2777
180 11.8 26280.067676608844 6173.568487491743 44989.912109375 7.674072265625 8398.234623045517 2876
190 11.8 27838.02694236626 7324.92893544276 53372.80908203125 7.674072265625 9102.996246399049 2994
200 15.5 26066.486209992447 13065.027778891597 59649.301025390625 7.674072265625 9813.386227801404 3112
210 16.7 24945.349831586824 14831.507626781708 59795.695068359375 7.674072265625 10584.500552025343 3267
220 19.4 17429.032679606942 10205.04564716816 59795.695068359375 7.674072265625 11282.887805865405 3434
230 21.4 15537.32740740909 9612.568500657146 59795.695068359375 7.674072265625 11611.540536159191 3628
240 10.2 22266.792789234834 14026.711724429015 59795.695068359375 7.674072265625 11830.207477972695 3842
250 13.6 25835.85684383617 12682.223272284908 59913.05810546875 7.674072265625 12100.11916705706 3944
260 13.3 23881.744621563674 9353.641771306045 59913.05810546875 7.674072265625 12557.977089616365 4080
270 19.4 18259.04582418854 9728.761573196512 59913.05810546875 7.674072265625 12915.456577332716 4213
280 17.5 16626.093928571438 9262.898586882657 59913.05810546875 7.674072265625 13150.686056318427 4407
290 14.5 16853.80601259429 10081.564499604687 59913.05810546875 7.674072265625 13283.422061915171 4582
300 12.8 16837.98920059204 11232.860906794805 59913.05810546875 7.674072265625 13392.943041997352 4727
310 13.9 19781.238780069692 12254.292767832758 59913.05810546875 7.674072265625 13483.770211575133 4855
320 14.2 16832.067391409004 11708.282356720887 59913.05810546875 7.674072265625 13659.05017373387 4994
330 7.5 16398.759296875 13502.822423146568 59913.05810546875 7.674072265625 13746.777674689842 5136
340 7.8 15812.223038110975 10589.039316405164 59913.05810546875 7.674072265625 13784.946667524977 5211
350 1.8 22318.012044270832 18186.42430891117 59913.05810546875 7.674072265625 13814.844106909683 5289
360 1.6 36755.26513671876 15215.841821746872 59913.05810546875 7.674072265625 13843.684699122326 5307
370 3.9 45188.94353465546 11531.8313253162 59913.05810546875 7.674072265625 13912.552872521075 5323
380 5 35702.36625 9234.176846797734 59913.05810546875 7.674072265625 14140.038742685798 5362
390 5.5 22176.57909268466 13061.775524765046 59913.05810546875 7.674072265625 14339.247237764459 5412
400 4.7 15612.279811128657 5219.1308417662585 59913.05810546875 7.674072265625 14418.093634695246 5467
410 3.5 18034.368512834822 5796.712277509222 59913.05810546875 7.674072265625 14428.272588320993 5514
420 3.1 15181.451179750504 10502.681883943866 59913.05810546875 7.674072265625 14451.01783203301 5549
430 2.3 21082.943359374996 5985.76772265617 59913.05810546875 7.674072265625 14455.075795075885 5580
440 1 27890.18034667969 5744.5905725363955 59913.05810546875 7.674072265625 14482.282818809399 5603
450 0.6 32310.938028971355 3325.9843329242317 59913.05810546875 7.674072265625 14506.170040487415 5613
460 1.3 35360.502366286055 1901.9760805739902 59913.05810546875 7.674072265625 14525.182072509288 5619
470 0.4 43452.491760253906 2117.751125163211 59913.05810546875 7.674072265625 14573.274963812395 5632
480 3.3 26077.59756007339 16155.80725930086 59913.05810546875 7.674072265625 14593.771214200216 5636
490 1.1 15951.968883167614 21105.832642759207 59913.05810546875 7.674072265625 14660.62008867787 5669
497 0.1 13.989013671875 0.0 59913.05810546875 7.674072265625 14663.120940216495 5680
