30 0.2 31095.013427734375 157.865478515625 31252.87890625 30937.14794921875 0 0
40 0.8 36920.992126464844 4171.122165706797 43929.906982421875 30937.14794921875 31095.013427734375 2
50 0.5 40601.552978515625 3422.8321549209318 45194.172119140625 30937.14794921875 35755.79638671875 10
60 0.5 42162.91201171875 5221.348221623022 48942.14208984375 30937.14794921875 37371.048583984375 15
70 0.4 40988.433532714844 3966.7574021404166 48942.14208984375 30937.14794921875 38569.01444091797 20
80 0.3 52442.53173828125 6949.501570623787 62059.175048828125 30937.14794921875 38972.250956217445 24
90 0.5 53973.11259765625 5436.4672069097805 62561.126220703125 30937.14794921875 40468.9488208912 27
100 0.8 59484.39465332031 4783.7010803006 68517.19311523438 30937.14794921875 42578.97441101074 32
110 0.2 63718.636962890625 3585.513916015625 68517.19311523438 30937.14794921875 45960.05845947265 40
120 0.1 88408.119140625 0.0 88408.119140625 30937.14794921875 46805.70505487351 42
130 0.6 85717.9384765625 6711.004529868848 98881.0859375 30937.14794921875 47773.20305686773 43
140 0.7 89664.2548828125 6668.30562697829 101993.13793945313 30937.14794921875 52419.49718989158 49
150 0.3 99081.14860026042 6643.538641642236 105400.14086914063 30937.14794921875 57075.0919015067 56
160 0.5 113850.3587890625 8381.287432109993 124163.1708984375 30937.14794921875 59210.99308957892 59
170 0 0 0 124163.1708984375 30937.14794921875 63479.693534851074 64
180 0.4 122399.41107177734 5281.646518478939 127930.06005859375 30937.14794921875 63479.693534851074 64
190 0.5 135373.21201171874 8110.1302730074385 145440.1669921875 30937.14794921875 66945.55927231733 68
200 0.3 135503.13932291666 7408.5414456262315 145851.1240234375 30937.14794921875 71632.38480241332 73
210 0.4 161943.38800048828 5407.000086069718 170918.1630859375 30937.14794921875 74153.59879664371 76
220 0.7 155827.16301618304 9228.039909083673 175303.1630859375 30937.14794921875 78543.08825683594 80
230 1.2 163256.57029215494 5836.624613371694 175303.1630859375 30937.14794921875 84761.34714551903 87
240 0.5 169603.12734375 2991.5128295720174 175376.208984375 30937.14794921875 94275.91964814157 99
250 0.5 188550.15903320312 9317.626338094035 203746.12890625 30937.14794921875 97897.42001812275 104
260 0.8 185831.44174194336 5945.600726407165 203746.12890625 30937.14794921875 102055.80254175028 109
270 1.4 194607.93954031807 7980.368606600064 219253.27490234375 30937.14794921875 107784.05137595152 117
280 1.3 198205.08002178484 13945.788029479576 225009.19897460938 30937.14794921875 117062.94018741054 131
290 1.9 210013.78611996298 12186.907632790284 232308.15405273438 30937.14794921875 124388.27225579155 144
300 2.2 205004.76594682175 7081.91535096566 232308.15405273438 30937.14794921875 134369.16037492812 163
310 4 214617.7477294922 12644.617050749113 253148.19897460938 30937.14794921875 142769.07022672088 185
320 4.2 220807.6014404297 15009.509442040677 267582.1809082031 30937.14794921875 155542.16844943576 225
330 3.3 225457.84511866714 8424.459842977054 267582.1809082031 30937.14794921875 165808.64105476066 267
340 2.4 231075.2436014811 7055.825698750682 267582.1809082031 30937.14794921875 172370.05350179036 300
350 0.5 237896.60776367187 7404.091796677033 267582.1809082031 30937.14794921875 176718.58610176746 324
360 0.2 289497.2000732422 4846.9769287109375 294344.1770019531 30937.14794921875 177648.3432698815 329
370 0.4 300722.4284667969 4655.664980454705 304489.1760253906 30937.14794921875 178324.1671780589 331
380 0.9 304615.1621636285 6974.783500799831 314464.2028808594 30937.14794921875 179785.63895464086 335
390 1.5 298223.5008789062 12329.166379444176 317660.23583984375 30937.14794921875 183051.5276432481 344
400 0.6 302510.80818684894 6945.029969959963 317660.23583984375 30937.14794921875 187863.72708206388 359
410 0.6 315103.5131429036 11806.235283265361 333490.1369628906 30937.14794921875 189748.3366344713 365
420 1.5 316585.5640299479 9567.56374677038 339757.1330566406 30937.14794921875 191775.6440712654 371
430 0.9 335053.44390190975 9797.519893155533 347460.22705078125 30937.14794921875 196625.77049453024 386
440 0.3 347865.79532877606 3401.2407487980104 352448.2060546875 30937.14794921875 199779.81874938193 395
450 0.2 358478.72302246094 142.4859619140625 358621.208984375 30937.14794921875 200896.04470349796 398
460 0.2 372168.6444091797 7762.4844970703125 379931.12890625 30937.14794921875 201683.95809509276 400
470 0.2 372687.1955566406 2050.04443359375 379931.12890625 30937.14794921875 202532.14061406834 402
480 2.2 375967.0051269531 6323.280301846022 384998.2131347656 30937.14794921875 203374.49237120978 404
490 1 377738.8682617188 3619.1041965608615 386858.14404296875 30937.14794921875 212287.7207294876 426
497 0.1 384141.1730957031 0.0 386858.14404296875 30937.14794921875 216082.4718196764 436
