0 9 9
10 18 18
20 21 21
30 29 29
40 42 42
50 59 59
60 79 79
70 123 123
80 157 157
90 214 214
100 297 297
110 382 382
120 394 395
130 388 395
140 381 395
150 378 395
160 373 395
170 373 395
180 369 395
190 364 395
200 361 395
210 357 395
220 350 395
230 338 395
240 333 395
250 328 395
260 320 395
270 306 395
280 293 395
290 274 395
300 252 395
310 212 395
320 170 395
330 137 395
340 113 395
350 108 395
360 106 395
370 102 395
380 93 395
390 78 395
400 72 395
410 66 395
420 51 395
430 42 395
440 39 395
450 37 395
460 35 395
470 33 395
480 11 395
490 1 395
497 0 395
