0 1 11.477929687500001 32.15305381145636 107.93701171875 0.684814453125 0 0
10 0.9 0.9237196180555556 0.47918941763218775 107.93701171875 0.596923828125 11.477929687500001 10
20 1.1 0.7309126420454546 0.07248415272873558 107.93701171875 0.5419921875 6.478567023026317 19
30 2.2 0.6969327059659091 0.09288891031157316 107.93701171875 0.5380859375 4.37109375 30
40 2.4 0.7884114583333334 0.22787703343847387 107.93701171875 0.5380859375 2.8166410006009617 52
50 1.4 0.8100760323660714 0.32586070917428733 107.93701171875 0.511962890625 2.1761474609375 76
60 3 0.7433675130208334 0.13893628172789116 107.93701171875 0.511962890625 1.9636474609375 90
70 4.1 0.7550197694359756 0.21552690753021347 107.93701171875 0.511962890625 1.6585774739583334 120
80 4.9 0.6644959741709185 0.09239667051639643 107.93701171875 0.510009765625 1.42847892808618 161
90 7 0.7150565011160714 0.13896375626132176 107.93701171875 0.510009765625 1.2502162388392857 210
100 7 0.6995814732142858 0.07878719064569116 107.93701171875 0.510009765625 1.1164263044084821 280
110 8.1 0.6905020254629629 0.0792745476482921 107.93701171875 0.510009765625 1.0330573381696428 350
120 16.4 0.7145370855564024 1.14615602962959 107.93701171875 0.5 0.9686791935542344 431
130 16.8 0.7093098958333337 0.5227493696454893 107.93701171875 0.497802734375 0.898629940257353 595
140 15.7 0.6252659111265922 0.12099610195753964 107.93701171875 0.497802734375 0.8569447928612385 763
150 28.3 0.7998987204615723 2.4242975269992844 107.93701171875 0.47998046875 0.8174082880434783 920
160 32.6 0.608777379697086 0.31901684175897554 107.93701171875 0.47314453125 0.8132892459606192 1203
170 30.9 0.656626087176375 0.6355407137911667 107.93701171875 0.47314453125 0.7696850154819327 1529
180 63.4 0.6852857908615935 0.8178789600857825 107.93701171875 0.469970703125 0.7506778289496056 1838
190 61.7 0.7328124208620342 1.3880607536975529 107.93701171875 0.469970703125 0.7339065699901397 2472
200 62.3 0.6117223552869179 0.40940219154893903 107.93701171875 0.469970703125 0.7336880235310782 3089
210 119.3 0.7026948377252735 1.343791928155074 107.93701171875 0.469970703125 0.7132180312584188 3712
220 121.5 0.6464898003472224 0.8756554427304398 107.93701171875 0.4658203125 0.7106585674694194 4905
230 125.5 0.709577510271415 1.1577754199997454 107.93701171875 0.4658203125 0.6979191798789831 6120
240 216.1 0.7748448390863609 1.052947303913116 107.93701171875 0.45703125 0.6999030720338987 7375
250 228.3 0.9117531628134582 1.528613005188003 107.93701171875 0.45703125 0.7168859955448436 9536
260 233.8 0.8065376640691835 1.1682861811883023 107.93701171875 0.45703125 0.7545272293949364 11819
270 334.2 1.4620324071476678 2.342990984391984 107.93701171875 0.45703125 0.7631166477934946 14157
280 353.1 1.7087355327147058 2.8767262943071565 107.93701171875 0.45703125 0.8965972162695016 17499
290 344.9 1.8360314329108067 3.1934142134349086 107.93701171875 0.45703125 1.0329576725399732 21030
300 31.5 1.2516555059523806 1.6338236945206255 107.93701171875 0.45703125 1.1461077766912457 24479
310 0 0 0 107.93701171875 0.45703125 1.1474487275147214 24794
311 0 0 0 107.93701171875 0.45703125 1.1474487275147214 24794
