0 0.1 2.1634907748233605 0 2.1634907748233605 2.1634907748233605 0 0
10 0.1 2.0689655172413794 0.0 2.1634907748233605 2.0689655172413794 2.1634907748233605 1
20 0.1 1.2807881773399015 0.0 2.1634907748233605 1.2807881773399015 2.1162281460323698 2
30 0.1 1.3806706114398422 0.0 2.1634907748233605 1.2807881773399015 1.8377481564682137 3
40 0.1 1.5794669299111548 0.0 2.1634907748233605 1.2807881773399015 1.7234787702111207 4
50 0.1 1.7751479289940828 0.0 2.1634907748233605 1.2807881773399015 1.6946764021511274 5
60 0.1 1.1869436201780417 0.0 2.1634907748233605 1.1869436201780417 1.70808832329162 6
70 0.1 1.9704433497536946 0.0 2.1634907748233605 1.1869436201780417 1.63363907998968 7
80 0.1 2.3622047244094486 0.0 2.3622047244094486 1.1869436201780417 1.6757396137101819 8
90 0.1 2.4582104228121926 0.0 2.4582104228121926 1.1869436201780417 1.7520135148989893 9
100 0.1 3.44149459193707 0.0 3.44149459193707 1.1869436201780417 1.8226332056903096 10
110 0.1 3.536345776031434 0.0 3.536345776031434 1.1869436201780417 1.9698024226218331 11
120 0.1 3.732809430255403 0.0 3.732809430255403 1.1869436201780417 2.1003477020726335 12
130 0.1 6.0606060606060606 0.0 6.0606060606060606 1.1869436201780417 2.2259216811636158 13
140 0.1 5.962854349951124 0.0 6.0606060606060606 1.1869436201780417 2.4998277082666474 14
150 0.1 6.815968841285297 0.0 6.815968841285297 1.1869436201780417 2.7306961510456125 15
160 0.1 9.775171065493646 0.0 9.775171065493646 1.1869436201780417 2.9860256941855927 16
170 0.1 10.23391812865497 0.0 10.23391812865497 1.1869436201780417 3.3853871866154783 17
180 0.1 12.235067437379577 0.0 12.235067437379577 1.1869436201780417 3.765861127839895 18
190 0.1 19.314938154138915 0.0 19.314938154138915 1.1869436201780417 4.211608828341983 19
200 0.1 17.4618320610687 0.0 19.314938154138915 1.1869436201780417 4.966775294631829 20
210 0.1 21.27045235803657 0.0 21.27045235803657 1.1869436201780417 5.56177799779549 21
220 0.1 30.820610687022903 0.0 30.820610687022903 1.1869436201780417 6.275808650533722 22
230 0.1 31.732580037664782 0.0 31.732580037664782 1.1869436201780417 7.342973956468034 23
240 0.1 34.056603773584904 0.0 34.056603773584904 1.1869436201780417 8.359207543184565 24
250 0.1 45.994599459945995 0.0 45.994599459945995 1.1869436201780417 9.387103392400578 25
260 0.1 46.072374227714036 0.0 46.072374227714036 1.1869436201780417 10.795084010383095 26
270 0.1 47.582037996545765 0.0 47.582037996545765 1.1869436201780417 12.101650314728683 27
280 0.1 50.32 0.0 50.32 1.1869436201780417 13.368807017650722 28
290 0.1 50.60144346431436 0.0 50.60144346431436 1.1869436201780417 14.642986086007593 29
300 0.1 38.00515907136715 0.0 50.60144346431436 1.1869436201780417 15.841601331951152 30
310 0.1 2.0648967551622417 0.0 50.60144346431436 1.1869436201780417 16.556554807416184 31
