0 0.1 0.0 0 0.0 0.0 0 0
10 0.1 0.0 0.0 0.0 0.0 0.0 1
20 0.1 0.0 0.0 0.0 0.0 0.0 2
30 0.1 0.0 0.0 0.0 0.0 0.0 3
40 0.1 0.0 0.0 0.0 0.0 0.0 4
50 0.1 0.0 0.0 0.0 0.0 0.0 5
60 0.1 0.0 0.0 0.0 0.0 0.0 6
70 0.1 0.0 0.0 0.0 0.0 0.0 7
80 0.1 0.0 0.0 0.0 0.0 0.0 8
90 0.1 0.0 0.0 0.0 0.0 0.0 9
100 0.1 0.0 0.0 0.0 0.0 0.0 10
110 0.1 0.0 0.0 0.0 0.0 0.0 11
120 0.1 0.0 0.0 0.0 0.0 0.0 12
130 0.1 0.0 0.0 0.0 0.0 0.0 13
140 0.1 0.078125 0.0 0.078125 0.0 0.0 14
150 0.1 0.0703125 0.0 0.078125 0.0 0.005208333333333333 15
160 0.1 0.05859375 0.0 0.078125 0.0 0.00927734375 16
170 0.1 0.05078125 0.0 0.078125 0.0 0.012178308823529412 17
180 0.1 0.0390625 0.0 0.078125 0.0 0.014322916666666666 18
190 0.1 0.19140625 0.0 0.19140625 0.0 0.015625 19
200 0.1 0.16015625 0.0 0.19140625 0.0 0.0244140625 20
210 0.1 0.21875 0.0 0.21875 0.0 0.030877976190476192 21
220 0.1 0.1796875 0.0 0.21875 0.0 0.03941761363636364 22
230 0.1 0.16015625 0.0 0.21875 0.0 0.04551630434782609 23
240 0.1 0.12890625 0.0 0.21875 0.0 0.05029296875 24
250 0.1 0.1796875 0.0 0.21875 0.0 0.0534375 25
260 0.1 0.16015625 0.0 0.21875 0.0 0.05829326923076923 26
270 0.1 0.2109375 0.0 0.21875 0.0 0.062065972222222224 27
280 0.1 0.328125 0.0 0.328125 0.0 0.0673828125 28
290 0.1 0.44140625 0.0 0.44140625 0.0 0.07637392241379311 29
300 0.1 0.44140625 0.0 0.44140625 0.0 0.08854166666666667 30
310 0.1 0.37109375 0.0 0.44140625 0.0 0.09992439516129033 31
