10 0.1 250 0 250 250 0 0
20 0.1 248.0 0.0 250 248 250.0 1
30 0.1 226.0 0.0 250 226 249.0 2
40 0.1 535.0 0.0 535 226 241.33333333333334 3
50 0.1 476.0 0.0 535 226 314.75 4
60 0.1 296.0 0.0 535 226 347.0 5
70 0.1 798.0 0.0 798 226 338.5 6
80 0.1 1027.0 0.0 1027 226 404.14285714285717 7
90 0.1 969.0 0.0 1027 226 482.0 8
100 0.1 1814.0 0.0 1814 226 536.1111111111111 9
110 0.1 1617.0 0.0 1814 226 663.9 10
120 0.1 2170.0 0.0 2170 226 750.5454545454545 11
130 0.1 3689.0 0.0 3689 226 868.8333333333334 12
140 0.1 3752.0 0.0 3752 226 1085.7692307692307 13
150 0.1 3817.0 0.0 3817 226 1276.2142857142858 14
160 0.1 6734.0 0.0 6734 226 1445.6 15
170 0.1 7295.0 0.0 7295 226 1776.125 16
180 0.1 8882.0 0.0 8882 226 2100.764705882353 17
190 0.1 14294.0 0.0 14294 226 2477.5 18
200 0.1 13475.0 0.0 14294 226 3099.4210526315787 19
210 0.1 17716.0 0.0 17716 226 3618.2 20
220 0.1 27247.0 0.0 27247 226 4289.523809523809 21
230 0.1 27316.0 0.0 27316 226 5333.045454545455 22
240 0.1 33636.0 0.0 33636 226 6288.826086956522 23
250 0.1 50594.0 0.0 50594 226 7428.291666666667 24
260 0.1 50968.0 0.0 50968 226 9154.92 25
270 0.1 60071.0 0.0 60071 226 10763.115384615385 26
280 0.1 76927.0 0.0 76927 226 12589.333333333334 27
290 0.1 76146.0 0.0 76927 226 14887.107142857143 28
300 0.1 46994.0 0.0 76927 226 16999.48275862069 29
310 0.1 164.0 0.0 76927 164 17999.3 30
