0 0.9 888.5268012152778 1652.524256447556 5528.1259765625 50.0791015625 0 0
10 0.9 1478.9715440538193 833.2075464646157 5528.1259765625 50.0791015625 888.5268012152778 9
20 1 2079.533642578125 2728.568602945997 8116.114990234375 32.05810546875 1183.7491726345486 18
30 1.9 1786.6765907689144 1549.124675982456 8116.114990234375 32.05810546875 1503.6721976143974 28
40 2.2 2013.5943048650568 1955.0515992662504 8116.114990234375 32.05810546875 1618.0782288896276 47
50 1.9 3200.0541092722037 3417.7447477164874 10968.10400390625 32.05810546875 1744.1848038383152 69
60 2.9 1571.8257341056035 1495.235722015574 10968.10400390625 32.05810546875 2058.520222056996 88
70 3.8 1625.8350637335527 1584.9661240628925 10968.10400390625 32.05810546875 1937.8865455562234 117
80 5.1 2079.5353620940564 2186.2854949188845 10968.10400390625 32.05810546875 1861.383601625504 155
90 5.9 1915.1120398569915 1978.116823039666 10968.10400390625 17.844970703125 1915.3920471783981 206
100 7.2 2290.538564046224 2218.7519231013935 10968.10400390625 17.844970703125 1915.3297059257075 265
110 8.5 1822.8707289751844 1864.6844849984927 10968.10400390625 17.844970703125 1995.493022794186 337
120 14.5 1725.3322130926724 1329.9857140446125 10968.10400390625 17.844970703125 1960.7231294894104 422
130 16.9 1979.2775387735762 1913.1779201455013 12300.1240234375 17.844970703125 1900.526157924107 567
140 16.9 1821.8091557068233 1840.1326408629789 12300.1240234375 17.844970703125 1918.6090157550314 736
150 24.2 1559.5085005326705 1607.0908198666507 12300.1240234375 11.0498046875 1900.5325778012775 905
160 31.6 1930.4455303723298 2016.7992765957592 14723.06201171875 8.9521484375 1828.5815519085113 1147
170 30.7 2043.1571724857488 2307.493736467559 16958.010986328125 8.9521484375 1850.5836142424598 1463
180 58.3 1759.73455339435 1736.064617827936 16958.010986328125 8.9521484375 1883.9847907287253 1770
190 61.2 1868.1749794155935 1943.2082168553738 16958.010986328125 8.9521484375 1853.1994578065237 2353
200 61.9 1949.435464048615 1889.565760224983 16958.010986328125 8.9521484375 1856.2905266850232 2965
210 107.9 1772.2983273991406 1729.7119432845116 16958.010986328125 8.9521484375 1872.3777800968712 3584
220 121.3 2027.9541961594423 2029.8566343421278 16958.010986328125 8.9521484375 1849.219785359395 4663
230 125.3 2015.0372568725684 1975.2479154935538 16958.010986328125 8.9521484375 1886.1164566154291 5876
240 205.1 1792.5923102726185 1843.7184999524538 16958.010986328125 8.9521484375 1908.775702333229 7129
250 230 2029.3178442382812 1967.8620958340048 16958.010986328125 8.9521484375 1882.8179531920186 9180
260 231.2 1949.1182676533106 1910.8821397804736 16958.010986328125 8.9521484375 1912.1689766594754 11480
270 316.6 1896.430910208071 1867.07298421145 16958.010986328125 8.9521484375 1918.3629123307157 13792
280 350.9 2018.4418307304625 2041.3825530413967 17012.4541015625 8.9521484375 1914.2682833225606 16958
290 341.2 2039.8748352837877 2105.9459621698675 19132.302001953125 8.9521484375 1932.1284962435716 20467
300 90.8 3474.3663800613476 2637.546753038098 19132.302001953125 8.9521484375 1947.5240533776732 23879
310 0.7 13907.048723493304 3265.098091329393 20140.21484375 8.9521484375 2003.455502630458 24787
311 0 0 0 20140.21484375 8.9521484375 2006.8162008859247 24794
