0 1.0859375 1.0859375
10 0.97734375 2.06328125
20 1.19453125 3.2578125
30 2.3890625 5.646875
40 2.60625 8.253125
50 1.5203125 9.7734375
60 3.2578125 13.03125
70 4.45234375 17.48359375
80 5.32109375 22.8046875
90 7.6015625 30.40625
100 7.6015625 38.0078125
110 8.79609375 46.80390625
120 17.809375 64.61328125
130 18.24375 82.85703125
140 17.04921875 99.90625
150 30.73203125 130.63828125
160 35.4015625 166.03984375
170 33.55546875 199.5953125
180 68.8484375 268.44375
190 67.00234375 335.44609375
200 67.65390625 403.1
210 129.55234375 532.65234375
220 131.94140625 664.59375
230 136.28515625 800.87890625
240 234.67109375 1035.55
250 247.91953125 1283.46953125
260 253.8921875 1537.36171875
270 362.9203125 1900.28203125
280 383.44453125 2283.7265625
290 374.53984375 2658.26640625
300 34.20703125 2692.4734375
310 0 2692.4734375
311 0 2692.4734375
