0 192.35703125 192.35703125
10 173.1234375 365.48046875
20 211.603125 577.08359375
30 423.21953125 1000.303125
40 461.659375 1461.9625
50 269.33046875 1731.29296875
60 577.07734375 2308.3703125
70 788.70234375 3097.07265625
80 942.5796875 4039.65234375
90 1327.275 5366.92734375
100 1365.8328125 6732.76015625
110 1558.2703125 8291.03046875
120 3154.88203125 11445.9125
130 3231.8734375 14677.7859375
140 3020.2140625 17698
150 5444.1390625 23142.1390625
160 6271.41015625 29413.54921875
170 5944.4859375 35358.03515625
180 12196.67265625 47554.7078125
190 11869.5328125 59424.240625
200 11946.4875 71370.728125
210 22989.0890625 94359.8171875
220 23373.7234375 117733.540625
230 24123.9078125 141857.4484375
240 41591.9703125 183449.41875
250 43861.95546875 227311.37421875
260 45015.878125 272327.25234375
270 64234.80234375 336562.0546875
280 67966.85234375 404528.90703125
290 66235.5296875 470764.43671875
300 6213.72578125 476978.1625
310 0 476978.1625
311 0 476978.1625
