0 0.1 3156.67578125 0 3156.67578125 3156.67578125 0 0
10 0.1 3155.9609375 0.0 3156.67578125 3155.9609375 3156.67578125 1
20 0.1 3156.00390625 0.0 3156.67578125 3155.9609375 3156.318359375 2
30 0.1 3155.859375 0.0 3156.67578125 3155.859375 3156.2135416666665 3
40 0.1 3155.75390625 0.0 3156.67578125 3155.75390625 3156.125 4
50 0.1 3155.79296875 0.0 3156.67578125 3155.75390625 3156.05078125 5
60 0.1 3155.40625 0.0 3156.67578125 3155.40625 3156.0078125 6
70 0.1 3155.32421875 0.0 3156.67578125 3155.32421875 3155.921875 7
80 0.1 3155.3984375 0.0 3156.67578125 3155.32421875 3155.84716796875 8
90 0.1 3154.90625 0.0 3156.67578125 3154.90625 3155.797309027778 9
100 0.1 3154.4609375 0.0 3156.67578125 3154.4609375 3155.708203125 10
110 0.1 3154.28125 0.0 3156.67578125 3154.28125 3155.594815340909 11
120 0.1 3154.28125 0.0 3156.67578125 3154.28125 3155.4853515625 12
130 0.1 3151.984375 0.0 3156.67578125 3151.984375 3155.3927283653848 13
140 0.1 3150.90625 0.0 3156.67578125 3150.90625 3155.1492745535716 14
150 0.1 3150.80859375 0.0 3156.67578125 3150.80859375 3154.86640625 15
160 0.1 3149.40234375 0.0 3156.67578125 3149.40234375 3154.61279296875 16
170 0.1 3149.6875 0.0 3156.67578125 3149.40234375 3154.3062959558824 17
180 0.1 3148.0390625 0.0 3156.67578125 3148.0390625 3154.0496961805557 18
190 0.1 3145.08203125 0.0 3156.67578125 3145.08203125 3153.7333470394738 19
200 0.1 3143.94921875 0.0 3156.67578125 3143.94921875 3153.30078125 20
210 0.1 3139.71875 0.0 3156.67578125 3139.71875 3152.85546875 21
220 0.1 3130.6875 0.0 3156.67578125 3130.6875 3152.2583451704545 22
230 0.1 3127.7265625 0.0 3156.67578125 3127.7265625 3151.3204823369565 23
240 0.1 3114.35546875 0.0 3156.67578125 3114.35546875 3150.33740234375 24
250 0.1 3082.94921875 0.0 3156.67578125 3082.94921875 3148.898125 25
260 0.1 3065.87890625 0.0 3156.67578125 3065.87890625 3146.361628605769 26
270 0.1 3015.484375 0.0 3156.67578125 3015.484375 3143.380787037037 27
280 0.1 2967.6953125 0.0 3156.67578125 2967.6953125 3138.813058035714 28
290 0.1 2947.46484375 0.0 3156.67578125 2947.46484375 3132.9124461206898 29
300 0.1 2938.3125 0.0 3156.67578125 2938.3125 3126.730859375 30
310 0.1 2994.703125 0.0 3156.67578125 2938.3125 3120.652847782258 31
