0 0.1 0.03125 0 0.03125 0.03125 0 0
10 0.1 0.01953125 0.0 0.03125 0.01953125 0.03125 1
20 0.1 0.01953125 0.0 0.03125 0.01953125 0.025390625 2
30 0.1 0.01953125 0.0 0.03125 0.01953125 0.0234375 3
40 0.1 0.01171875 0.0 0.03125 0.01171875 0.0224609375 4
50 0.1 0.01171875 0.0 0.03125 0.01171875 0.0203125 5
60 0.1 0.01171875 0.0 0.03125 0.01171875 0.018880208333333332 6
70 0.1 0.01171875 0.0 0.03125 0.01171875 0.017857142857142856 7
80 0.1 0.01171875 0.0 0.03125 0.01171875 0.01708984375 8
90 0.1 0.01171875 0.0 0.03125 0.01171875 0.016493055555555556 9
100 0.1 0.01171875 0.0 0.03125 0.01171875 0.016015625 10
110 0.1 0.0 0.0 0.03125 0.0 0.015625 11
120 0.1 0.0 0.0 0.03125 0.0 0.014322916666666666 12
130 0.1 0.0 0.0 0.03125 0.0 0.013221153846153846 13
140 0.1 0.0 0.0 0.03125 0.0 0.012276785714285714 14
150 0.1 0.0 0.0 0.03125 0.0 0.011458333333333333 15
160 0.1 0.078125 0.0 0.078125 0.0 0.0107421875 16
170 0.1 0.05859375 0.0 0.078125 0.0 0.014705882352941176 17
180 0.1 0.05078125 0.0 0.078125 0.0 0.017144097222222224 18
190 0.1 0.05078125 0.0 0.078125 0.0 0.018914473684210526 19
200 0.1 0.0390625 0.0 0.078125 0.0 0.0205078125 20
210 0.1 0.03125 0.0 0.078125 0.0 0.021391369047619048 21
220 0.1 0.03125 0.0 0.078125 0.0 0.021839488636363636 22
230 0.1 0.1015625 0.0 0.1015625 0.0 0.022248641304347828 23
240 0.1 0.30859375 0.0 0.30859375 0.0 0.025553385416666668 24
250 0.1 0.33984375 0.0 0.33984375 0.0 0.036875 25
260 0.1 0.2890625 0.0 0.33984375 0.0 0.04852764423076923 26
270 0.1 0.48046875 0.0 0.48046875 0.0 0.057436342592592594 27
280 0.1 0.55859375 0.0 0.55859375 0.0 0.07254464285714286 28
290 0.1 0.62890625 0.0 0.62890625 0.0 0.08930495689655173 29
300 0.1 0.53125 0.0 0.62890625 0.0 0.10729166666666666 30
310 0.1 0.44921875 0.0 0.62890625 0.0 0.12096774193548387 31
