10 0.1 273 0 273 273 0 0
20 0.1 216.0 0.0 273 216 273.0 1
30 0.1 213.0 0.0 273 213 244.5 2
40 0.1 490.0 0.0 490 213 234.0 3
50 0.1 403.0 0.0 490 213 298.0 4
60 0.1 338.0 0.0 490 213 319.0 5
70 0.1 583.0 0.0 583 213 322.1666666666667 6
80 0.1 806.0 0.0 806 213 359.42857142857144 7
90 0.1 793.0 0.0 806 213 415.25 8
100 0.1 1987.0 0.0 1987 213 457.22222222222223 9
110 0.1 1810.0 0.0 1987 213 610.2 10
120 0.1 1848.0 0.0 1987 213 719.2727272727273 11
130 0.1 3366.0 0.0 3366 213 813.3333333333334 12
140 0.1 4108.0 0.0 4108 213 1009.6923076923077 13
150 0.1 3405.0 0.0 4108 213 1231.0 14
160 0.1 7803.0 0.0 7803 213 1375.9333333333334 15
170 0.1 7351.0 0.0 7803 213 1777.625 16
180 0.1 7105.0 0.0 7803 213 2105.470588235294 17
190 0.1 14071.0 0.0 14071 213 2383.222222222222 18
200 0.1 14030.0 0.0 14071 213 2998.3684210526317 19
210 0.1 14423.0 0.0 14423 213 3549.95 20
220 0.1 29107.0 0.0 29107 213 4067.714285714286 21
230 0.1 28304.0 0.0 29107 213 5205.863636363636 22
240 0.1 30386.0 0.0 30386 213 6210.130434782609 23
250 0.1 49515.0 0.0 49515 213 7217.458333333333 24
260 0.1 50635.0 0.0 50635 213 8909.36 25
270 0.1 55301.0 0.0 55301 213 10514.192307692309 26
280 0.1 73736.0 0.0 73736 213 12172.962962962964 27
290 0.1 73841.0 0.0 73841 213 14371.642857142857 28
300 0.1 55731.0 0.0 73841 213 16422.310344827587 29
310 0.1 361.0 0.0 73841 213 17732.6 30
