0 2.1 21
10 1.2 33
20 0.5 38
30 5.3 91
40 0.1 92
50 2.6 118
60 0.6 124
70 4.1 165
80 2.6 191
90 0.7 198
100 4.4 242
110 0 242
120 1.6 258
130 0.9 267
140 3.1 298
150 1.3 311
160 0.9 320
170 1.6 336
180 0.4 340
190 0.8 348
200 1.9 367
210 0.4 371
220 0.8 379
230 0 379
240 2.4 403
250 0 403
260 3.2 435
270 0 435
280 2.7 462
290 0.6 468
300 0 468
310 1.9 487
320 0 487
330 2.3 510
340 0.1 511
350 1.4 525
360 0.2 527
370 0.9 536
380 0.4 540
390 0.1 541
400 1.6 557
410 0.7 564
420 0.8 572
430 0.5 577
440 1.2 589
450 0.7 596
460 1.4 610
470 0.2 612
480 2.1 633
490 0.6 639
500 0.3 642
510 1.6 658
520 0.9 667
530 1.2 679
540 1.1 690
550 1.3 703
560 0.4 707
570 1.8 725
580 1.6 741
590 0.8 749
600 1 759
610 0.2 761
620 1.2 773
630 0.5 778
640 0.7 785
650 0.7 792
660 0.6 798
670 1.8 816
680 0.4 820
690 2.9 849
700 0.1 850
710 0.6 856
720 1.1 867
730 0.7 874
740 1.3 887
750 0 887
760 1.9 906
770 0 906
780 1.3 919
790 0.2 921
800 1.2 933
808 0.3 936
