0 0.8 15.49432373046875 38.666742934069006 117.796875 0.8359375 0 0
10 1.3 0.9485426682692307 0.16399706849497747 117.796875 0.740966796875 15.49432373046875 8
20 0.9 1.129638671875 0.6590292576071022 117.796875 0.740966796875 6.489792596726191 21
30 1.1 1.0217063210227273 0.38269818999639293 117.796875 0.7060546875 4.881746419270834 30
40 1.8 0.8574490017361112 0.08660283896170834 117.796875 0.6669921875 3.846125905106707 41
50 2.6 0.9135648287259616 0.14103189079540188 117.796875 0.6669921875 2.934326171875 59
60 3.1 0.8430884576612904 0.11813168052427639 117.796875 0.6640625 2.3162109375 85
70 4.8 0.8513234456380209 0.36159390645843204 117.796875 0.60302734375 1.9225316540948278 116
80 4.5 0.7706759982638889 0.056170287512251116 117.796875 0.60302734375 1.6090073004001524 164
90 5.5 0.7499112215909091 0.06244846930936916 117.796875 0.60302734375 1.428505345394737 209
100 7.6 0.8795936986019737 0.9856799093998416 117.796875 0.60302734375 1.2871315696022727 264
110 6.3 1.0802370101686507 1.1579467937093326 117.796875 0.60302734375 1.1960348690257352 340
120 2.1 1.431245349702381 2.4900979368600065 117.796875 0.60302734375 1.1779324742168114 403
130 0 0 0 117.796875 0.60302734375 1.190478630785672 424
140 0 0 0 117.796875 0.60302734375 1.190478630785672 424
150 0 0 0 117.796875 0.60302734375 1.190478630785672 424
160 0 0 0 117.796875 0.60302734375 1.190478630785672 424
170 0 0 0 117.796875 0.60302734375 1.190478630785672 424
180 0 0 0 117.796875 0.60302734375 1.190478630785672 424
190 0 0 0 117.796875 0.60302734375 1.190478630785672 424
200 0 0 0 117.796875 0.60302734375 1.190478630785672 424
210 0 0 0 117.796875 0.60302734375 1.190478630785672 424
220 0 0 0 117.796875 0.60302734375 1.190478630785672 424
230 0 0 0 117.796875 0.60302734375 1.190478630785672 424
240 0 0 0 117.796875 0.60302734375 1.190478630785672 424
250 0 0 0 117.796875 0.60302734375 1.190478630785672 424
260 0 0 0 117.796875 0.60302734375 1.190478630785672 424
270 0 0 0 117.796875 0.60302734375 1.190478630785672 424
280 0 0 0 117.796875 0.60302734375 1.190478630785672 424
290 0 0 0 117.796875 0.60302734375 1.190478630785672 424
300 0 0 0 117.796875 0.60302734375 1.190478630785672 424
310 0 0 0 117.796875 0.60302734375 1.190478630785672 424
320 0 0 0 117.796875 0.60302734375 1.190478630785672 424
330 0 0 0 117.796875 0.60302734375 1.190478630785672 424
340 0 0 0 117.796875 0.60302734375 1.190478630785672 424
350 0 0 0 117.796875 0.60302734375 1.190478630785672 424
360 0 0 0 117.796875 0.60302734375 1.190478630785672 424
370 0 0 0 117.796875 0.60302734375 1.190478630785672 424
380 0 0 0 117.796875 0.60302734375 1.190478630785672 424
390 0 0 0 117.796875 0.60302734375 1.190478630785672 424
400 0 0 0 117.796875 0.60302734375 1.190478630785672 424
410 0 0 0 117.796875 0.60302734375 1.190478630785672 424
420 0 0 0 117.796875 0.60302734375 1.190478630785672 424
430 0 0 0 117.796875 0.60302734375 1.190478630785672 424
440 0 0 0 117.796875 0.60302734375 1.190478630785672 424
450 0 0 0 117.796875 0.60302734375 1.190478630785672 424
460 0 0 0 117.796875 0.60302734375 1.190478630785672 424
470 0 0 0 117.796875 0.60302734375 1.190478630785672 424
480 0 0 0 117.796875 0.60302734375 1.190478630785672 424
490 0 0 0 117.796875 0.60302734375 1.190478630785672 424
500 0 0 0 117.796875 0.60302734375 1.190478630785672 424
510 0 0 0 117.796875 0.60302734375 1.190478630785672 424
520 0 0 0 117.796875 0.60302734375 1.190478630785672 424
530 0 0 0 117.796875 0.60302734375 1.190478630785672 424
540 0 0 0 117.796875 0.60302734375 1.190478630785672 424
550 0 0 0 117.796875 0.60302734375 1.190478630785672 424
560 0 0 0 117.796875 0.60302734375 1.190478630785672 424
570 0 0 0 117.796875 0.60302734375 1.190478630785672 424
580 0 0 0 117.796875 0.60302734375 1.190478630785672 424
590 0 0 0 117.796875 0.60302734375 1.190478630785672 424
600 0 0 0 117.796875 0.60302734375 1.190478630785672 424
610 0 0 0 117.796875 0.60302734375 1.190478630785672 424
620 0 0 0 117.796875 0.60302734375 1.190478630785672 424
630 0 0 0 117.796875 0.60302734375 1.190478630785672 424
640 0 0 0 117.796875 0.60302734375 1.190478630785672 424
650 0 0 0 117.796875 0.60302734375 1.190478630785672 424
660 0 0 0 117.796875 0.60302734375 1.190478630785672 424
670 0 0 0 117.796875 0.60302734375 1.190478630785672 424
680 0 0 0 117.796875 0.60302734375 1.190478630785672 424
690 0 0 0 117.796875 0.60302734375 1.190478630785672 424
700 0 0 0 117.796875 0.60302734375 1.190478630785672 424
710 0 0 0 117.796875 0.60302734375 1.190478630785672 424
720 0 0 0 117.796875 0.60302734375 1.190478630785672 424
730 0 0 0 117.796875 0.60302734375 1.190478630785672 424
740 0 0 0 117.796875 0.60302734375 1.190478630785672 424
750 0 0 0 117.796875 0.60302734375 1.190478630785672 424
760 0 0 0 117.796875 0.60302734375 1.190478630785672 424
770 0 0 0 117.796875 0.60302734375 1.190478630785672 424
780 0 0 0 117.796875 0.60302734375 1.190478630785672 424
790 0 0 0 117.796875 0.60302734375 1.190478630785672 424
800 0 0 0 117.796875 0.60302734375 1.190478630785672 424
808 0 0 0 117.796875 0.60302734375 1.190478630785672 424
