0 8 8
10 21 13
20 30 9
30 41 11
40 59 18
50 85 26
60 116 31
70 164 48
80 203 39
90 244 41
100 275 31
110 301 26
120 252 -49
130 184 -68
140 135 -49
150 124 -11
160 115 -9
170 114 -1
180 111 -3
190 108 -3
200 104 -4
210 104 0
220 104 0
230 104 0
240 100 -4
250 100 0
260 99 -1
270 99 0
280 97 -2
290 96 -1
300 96 0
310 93 -3
320 92 -1
330 89 -3
340 89 0
350 88 -1
360 88 0
370 88 0
380 88 0
390 88 0
400 87 -1
410 85 -2
420 84 -1
430 83 -1
440 83 0
450 82 -1
460 78 -4
470 78 0
480 74 -4
490 72 -2
500 72 0
510 68 -4
520 65 -3
530 63 -2
540 63 0
550 60 -3
560 60 0
570 54 -6
580 53 -1
590 52 -1
600 52 0
610 52 0
620 50 -2
630 50 0
640 49 -1
650 49 0
660 48 -1
670 46 -2
680 43 -3
690 39 -4
700 36 -3
710 33 -3
720 32 -1
730 32 0
740 26 -6
750 26 0
760 20 -6
770 18 -2
780 13 -5
790 9 -4
800 7 -2
808 0 -7
