0 0.1 1.7557083055681333 0 1.7557083055681333 1.7557083055681333 0 0
10 0.1 2.9469548133595285 0.0 2.9469548133595285 1.7557083055681333 1.7557083055681333 1
20 0.1 1.2871287128712872 0.0 2.9469548133595285 1.2871287128712872 2.351331559463831 2
30 0.1 1.7733990147783252 0.0 2.9469548133595285 1.2871287128712872 1.9965972772663163 3
40 0.1 2.66798418972332 0.0 2.9469548133595285 1.2871287128712872 1.9407977116443185 4
50 0.1 1.3847675568743818 0.0 2.9469548133595285 1.2871287128712872 2.086235007260119 5
60 0.1 2.857142857142857 0.0 2.9469548133595285 1.2871287128712872 1.9693237655291627 6
70 0.1 1.6765285996055226 0.0 2.9469548133595285 1.2871287128712872 2.096155064331119 7
80 0.1 4.897159647404505 0.0 4.897159647404505 1.2871287128712872 2.0437017562404196 8
90 0.1 4.612365063788027 0.0 4.897159647404505 1.2871287128712872 2.360752633036429 9
100 0.1 5.836575875486381 0.0 5.836575875486381 1.2871287128712872 2.5859138761115887 10
110 0.1 7.079646017699115 0.0 7.079646017699115 1.2871287128712872 2.8814286033274787 11
120 0.1 6.802721088435375 0.0 7.079646017699115 1.2871287128712872 3.231280054525115 12
130 0.1 6.256109481915933 0.0 7.079646017699115 1.2871287128712872 3.5060062879028275 13
140 0.1 4.710500490677134 0.0 7.079646017699115 1.2871287128712872 3.702442230332335 14
150 0.1 3.645320197044335 0.0 7.079646017699115 1.2871287128712872 3.769646114355322 15
160 0.1 1.8774703557312251 0.0 7.079646017699115 1.2871287128712872 3.761875744523385 16
170 0.1 2.263779527559055 0.0 7.079646017699115 1.2871287128712872 3.6510283687120815 17
180 0.1 2.2615535889872174 0.0 7.079646017699115 1.2871287128712872 3.573958988648025 18
190 0.1 1.4807502467917077 0.0 7.079646017699115 1.2871287128712872 3.5048850202448243 19
200 0.1 2.455795677799607 0.0 7.079646017699115 1.2871287128712872 3.4036782815721685 20
210 0.1 1.4792899408284024 0.0 7.079646017699115 1.2871287128712872 3.358541014725856 21
220 0.1 1.3793103448275863 0.0 7.079646017699115 1.2871287128712872 3.273120511366881 22
230 0.1 1.2807881773399015 0.0 7.079646017699115 1.2807881773399015 3.190780938908651 23
240 0.1 1.5779092702169626 0.0 7.079646017699115 1.2807881773399015 3.1111979071766194 24
250 0.1 1.5763546798029555 0.0 7.079646017699115 1.2807881773399015 3.0498663616982333 25
260 0.1 1.4734774066797642 0.0 7.079646017699115 1.2807881773399015 2.993192835471492 26
270 0.1 2.075098814229249 0.0 7.079646017699115 1.2807881773399015 2.936907078849576 27
280 0.1 0.9871668311944718 0.0 7.079646017699115 0.9871668311944718 2.906128212255993 28
290 0.1 2.272727272727273 0.0 7.079646017699115 0.9871668311944718 2.8399571301504234 29
300 0.1 1.083743842364532 0.0 7.079646017699115 0.9871668311944718 2.821049468236318 30
310 0.1 1.7769002961500493 0.0 7.079646017699115 0.9871668311944718 2.765007351272712 31
320 0.1 0.9900990099009901 0.0 7.079646017699115 0.9871668311944718 2.7341290058001286 32
330 0.1 1.1846001974333662 0.0 7.079646017699115 0.9871668311944718 2.681279611985003 33
340 0.1 2.4582104228121926 0.0 7.079646017699115 0.9871668311944718 2.6372596292040726 34
350 0.1 1.083743842364532 0.0 7.079646017699115 0.9871668311944718 2.632143937592876 35
360 0.1 1.6798418972332017 0.0 7.079646017699115 0.9871668311944718 2.589132823836533 36
370 0.1 1.0848126232741617 0.0 7.079646017699115 0.9871668311944718 2.564557393387794 37
380 0.1 1.6748768472906401 0.0 7.079646017699115 0.9871668311944718 2.525616741542698 38
390 0.1 1.2845849802371543 0.0 7.079646017699115 0.9871668311944718 2.5038028981003375 39
400 0.1 1.3793103448275863 0.0 7.079646017699115 0.9871668311944718 2.4733224501537583 40
410 0.1 2.263779527559055 0.0 7.079646017699115 0.9871668311944718 2.446639228072632 41
420 0.1 1.183431952662722 0.0 7.079646017699115 0.9871668311944718 2.4422854256794517 42
430 0.1 1.5779092702169626 0.0 7.079646017699115 0.9871668311944718 2.4130097635162717 43
440 0.1 1.3820335636722607 0.0 7.079646017699115 0.9871668311944718 2.394030206850378 44
450 0.1 1.7786561264822136 0.0 7.079646017699115 0.9871668311944718 2.371541392557531 45
460 0.1 1.383399209486166 0.0 7.079646017699115 0.9871668311944718 2.358652582425459 46
470 0.1 1.9646365422396856 0.0 7.079646017699115 0.9871668311944718 2.337902510660794 47
480 0.1 1.3820335636722607 0.0 7.079646017699115 0.9871668311944718 2.3301261363186874 48
490 0.1 1.5732546705998034 0.0 7.079646017699115 0.9871668311944718 2.3107773083054948 49
500 0.1 1.1822660098522169 0.0 7.079646017699115 0.9871668311944718 2.2960268555513808 50
510 0.1 1.9704433497536946 0.0 7.079646017699115 0.9871668311944718 2.274188407596495 51
520 0.1 1.183431952662722 0.0 7.079646017699115 0.9871668311944718 2.268347156484133 52
530 0.1 1.7733990147783252 0.0 7.079646017699115 0.9871668311944718 2.2478770582988234 53
540 0.1 1.3793103448275863 0.0 7.079646017699115 0.9871668311944718 2.2390904278632586 54
550 0.1 1.5794669299111548 0.0 7.079646017699115 0.9871668311944718 2.2234580627171554 55
560 0.1 1.5810276679841897 0.0 7.079646017699115 0.9871668311944718 2.211958221059905 56
570 0.1 1.3820335636722607 0.0 7.079646017699115 0.9871668311944718 2.2008892639884015 57
580 0.1 1.6765285996055226 0.0 7.079646017699115 0.9871668311944718 2.186771062258813 58
590 0.1 1.282051282051282 0.0 7.079646017699115 0.9871668311944718 2.178122884925706 59
600 0.1 1.574803149606299 0.0 7.079646017699115 0.9871668311944718 2.163188358211132 60
610 0.1 1.1822660098522169 0.0 7.079646017699115 0.9871668311944718 2.153542699053676 61
620 0.1 1.2858555885262115 0.0 7.079646017699115 0.9871668311944718 2.1378769460020397 62
630 0.1 1.3847675568743818 0.0 7.079646017699115 0.9871668311944718 2.124352797470677 63
640 0.1 1.3793103448275863 0.0 7.079646017699115 0.9871668311944718 2.11279677808636 64
650 0.1 1.7769002961500493 0.0 7.079646017699115 0.9871668311944718 2.1015123714208404 65
660 0.1 1.0848126232741617 0.0 7.079646017699115 0.9871668311944718 2.0965940066440103 66
670 0.1 2.066929133858268 0.0 7.079646017699115 0.9871668311944718 2.0814927919668484 67
680 0.1 1.3793103448275863 0.0 7.079646017699115 0.9871668311944718 2.0812786205240754 68
690 0.1 1.678183613030602 0.0 7.079646017699115 0.9871668311944718 2.0711051672531116 69
700 0.1 1.3779527559055118 0.0 7.079646017699115 0.9871668311944718 2.0654920021927903 70
710 0.1 1.2845849802371543 0.0 7.079646017699115 0.9871668311944718 2.055808350836631 71
720 0.1 1.673228346456693 0.0 7.079646017699115 0.9871668311944718 2.0450969151338607 72
730 0.1 1.477832512315271 0.0 7.079646017699115 0.9871668311944718 2.0400028251519817 73
740 0.1 1.8645731108930326 0.0 7.079646017699115 0.9871668311944718 2.0324059290325667 74
750 0.1 1.1811023622047243 0.0 7.079646017699115 0.9871668311944718 2.0301681581240394 75
760 0.1 1.9743336623889436 0.0 7.079646017699115 0.9871668311944718 2.01899623975668 76
770 0.1 1.1811023622047243 0.0 7.079646017699115 0.9871668311944718 2.0184162062843716 77
780 0.1 1.282051282051282 0.0 7.079646017699115 0.9871668311944718 2.0076814134115555 78
790 0.1 1.6748768472906401 0.0 7.079646017699115 0.9871668311944718 1.9984962218753493 79
800 0.1 1.4807502467917077 0.0 7.079646017699115 0.9871668311944718 1.9944509796930405 80
