0 0 0
10 0 0
20 0 0
30 0 0
40 0 0
50 0 0
60 0 0
70 0.1 1
80 0.5 6
90 1.4 20
100 4.6 66
110 3.6 102
120 7.1 173
130 6.7 240
140 4.9 289
150 1.1 300
160 0.9 309
170 0.1 310
180 0.3 313
190 0.3 316
200 0.4 320
210 0 320
220 0 320
230 0 320
240 0.4 324
250 0 324
260 0.1 325
270 0 325
280 0.2 327
290 0.1 328
300 0 328
310 0.4 332
320 0 332
330 0.3 335
340 0 335
350 0.1 336
360 0 336
370 0 336
380 0 336
390 0 336
400 0.1 337
410 0.2 339
420 0.1 340
430 0.1 341
440 0 341
450 0.1 342
460 0.4 346
470 0 346
480 0.4 350
490 0.2 352
500 0 352
510 0.4 356
520 0.3 359
530 0.2 361
540 0 361
550 0.3 364
560 0 364
570 0.6 370
580 0.1 371
590 0.1 372
600 0 372
610 0 372
620 0.2 374
630 0.1 375
640 0 375
650 0 375
660 0.1 376
670 0.2 378
680 0.3 381
690 0.4 385
700 0.3 388
710 0.3 391
720 0.1 392
730 0 392
740 0.6 398
750 0 398
760 0.6 404
770 0.2 406
780 0.5 411
790 0.4 415
800 0.2 417
808 0.7 424
