10 0.1 2876 0 2876 2876 0 0
20 0.1 851.0 0.0 2876 851 2876.0 1
30 0.1 2636.0 0.0 2876 851 1863.5 2
40 0.1 5979.0 0.0 5979 851 2121.0 3
50 0.1 64.0 0.0 5979 64 3085.5 4
60 0.1 5502.0 0.0 5979 64 2481.2 5
70 0.1 122.0 0.0 5979 64 2984.6666666666665 6
80 0.1 6257.0 0.0 6257 64 2575.714285714286 7
90 0.1 3086.0 0.0 6257 64 3035.875 8
100 0.1 2370.0 0.0 6257 64 3041.4444444444443 9
110 0.1 6263.0 0.0 6263 64 2974.3 10
120 0.1 1211.0 0.0 6263 64 3273.2727272727275 11
130 0.1 4001.0 0.0 6263 64 3101.4166666666665 12
140 0.1 2726.0 0.0 6263 64 3170.6153846153848 13
150 0.1 4910.0 0.0 6263 64 3138.8571428571427 14
160 0.1 1143.0 0.0 6263 64 3256.9333333333334 15
170 0.1 2051.0 0.0 6263 64 3124.8125 16
180 0.1 4206.0 0.0 6263 64 3061.6470588235293 17
190 0.1 671.0 0.0 6263 64 3125.222222222222 18
200 0.1 4169.0 0.0 6263 64 2996.0526315789475 19
210 0.1 1602.0 0.0 6263 64 3054.7 20
220 0.1 2328.0 0.0 6263 64 2985.5238095238096 21
230 0.1 850.0 0.0 6263 64 2955.6363636363635 22
240 0.1 2632.0 0.0 6263 64 2864.086956521739 23
250 0.1 2015.0 0.0 6263 64 2854.4166666666665 24
260 0.1 866.0 0.0 6263 64 2820.84 25
270 0.1 4138.0 0.0 6263 64 2745.653846153846 26
280 0.1 2.0 0.0 6263 2 2797.222222222222 27
290 0.1 6032.0 0.0 6263 2 2697.3928571428573 28
300 0.1 6.0 0.0 6263 2 2812.3793103448274 29
310 0.1 4626.0 0.0 6263 2 2718.8333333333335 30
320 0.1 868.0 0.0 6263 2 2780.3548387096776 31
330 0.1 775.0 0.0 6263 2 2720.59375 32
340 0.1 5199.0 0.0 6263 2 2661.6363636363635 33
350 0.1 1.0 0.0 6263 1 2736.264705882353 34
360 0.1 3261.0 0.0 6263 1 2658.114285714286 35
370 0.1 3.0 0.0 6263 1 2674.8611111111113 36
380 0.1 3180.0 0.0 6263 1 2602.6486486486488 37
390 0.1 742.0 0.0 6263 1 2617.842105263158 38
400 0.1 1108.0 0.0 6263 1 2569.74358974359 39
410 0.1 3812.0 0.0 6263 1 2533.2 40
420 0.1 623.0 0.0 6263 1 2564.390243902439 41
430 0.1 2476.0 0.0 6263 1 2518.1666666666665 42
440 0.1 1481.0 0.0 6263 1 2517.186046511628 43
450 0.1 1259.0 0.0 6263 1 2493.6363636363635 44
460 0.1 756.0 0.0 6263 1 2466.2 45
470 0.1 2277.0 0.0 6263 1 2429.0217391304345 46
480 0.1 1824.0 0.0 6263 1 2425.787234042553 47
490 0.1 1837.0 0.0 6263 1 2413.2499999999995 48
500 0.1 451.0 0.0 6263 1 2401.489795918367 49
510 0.1 3555.0 0.0 6263 1 2362.4799999999996 50
520 0.1 1146.0 0.0 6263 1 2385.8627450980384 51
530 0.1 2259.0 0.0 6263 1 2362.01923076923 52
540 0.1 938.0 0.0 6263 1 2360.0754716981123 53
550 0.1 2281.0 0.0 6263 1 2333.74074074074 54
560 0.1 2968.0 0.0 6263 1 2332.7818181818175 55
570 0.1 1869.0 0.0 6263 1 2344.124999999999 56
580 0.1 2753.0 0.0 6263 1 2335.7894736842095 57
590 0.1 656.0 0.0 6263 1 2342.982758620689 58
600 0.1 2493.0 0.0 6263 1 2314.3898305084736 59
610 0.1 886.0 0.0 6263 1 2317.366666666666 60
620 0.1 2330.0 0.0 6263 1 2293.901639344261 61
630 0.1 1962.0 0.0 6263 1 2294.483870967741 62
640 0.1 1671.0 0.0 6263 1 2289.2063492063485 63
650 0.1 3412.0 0.0 6263 1 2279.546874999999 64
660 0.1 413.0 0.0 6263 1 2296.96923076923 65
670 0.1 4525.0 0.0 6263 1 2268.4242424242416 66
680 0.1 628.0 0.0 6263 1 2302.1044776119393 67
690 0.1 3116.0 0.0 6263 1 2277.4852941176464 68
700 0.1 942.0 0.0 6263 1 2289.6376811594196 69
710 0.1 916.0 0.0 6263 1 2270.3857142857137 70
720 0.1 2466.0 0.0 6263 1 2251.309859154929 71
730 0.1 905.0 0.0 6263 1 2254.291666666666 72
740 0.1 2485.0 0.0 6263 1 2235.8082191780813 73
750 0.1 5.0 0.0 6263 1 2239.175675675675 74
760 0.1 4203.0 0.0 6263 1 2209.386666666666 75
770 0.1 11.0 0.0 6263 1 2235.6184210526308 76
780 0.1 1708.0 0.0 6263 1 2206.727272727272 77
790 0.1 1440.0 0.0 6263 1 2200.3333333333326 78
800 0.1 2647.0 0.0 6263 1 2190.708860759493 79
