0 2.2 65.3470791903409 55.18281344873298 185.577880859375 13.18115234375 0 0
10 1.2 2241.3316853841147 3156.771012262463 10813.9609375 13.18115234375 65.3470791903409 22
20 0.5 17414.085546875 1965.4243880251597 21300.572998046875 13.18115234375 833.341646082261 34
30 5.3 6704.565715285967 6857.1833603103 26127.7109375 13.18115234375 2959.0780436197915 39
40 0.1 33338.050048828125 0.0 33338.050048828125 13.18115234375 5116.804637079654 92
50 2.6 20228.77524977464 3663.459303113025 36799.005859375 13.18115234375 5420.258888818885 93
60 2.8 4680.989920479912 9016.093659998798 36799.005859375 0.7158203125 8655.733051716781 119
70 23.5 5213.888157621339 11478.726514270264 42068.22216796875 0.68212890625 7898.639121957378 147
80 45.2 1571.788182621508 6446.629709989739 43100.889892578125 0.68212890625 6247.025308818715 382
90 62.6 446.65733849278655 4196.438089378037 44402.069091796875 0.64892578125 3713.2037488173514 834
100 78.2 2112.995723480459 8734.297806679451 49813.42919921875 0.64892578125 2312.616041376819 1460
110 90.1 0.9666947207096281 0.9847568830569279 49813.42919921875 0.632080078125 2242.989329247045 2242
120 84.3 941.8609302018466 6784.722119504199 62141.921142578125 0.632080078125 1600.271418426737 3143
130 45.9 1095.0650116166264 7737.666495745687 62141.921142578125 0.632080078125 1461.0240422166057 3986
140 21 9573.099831426713 22732.113457234547 70047.51904296875 0.632080078125 1423.2343470432895 4445
150 10.5 6842.517464192706 18458.475045731542 75769.31811523438 0.632080078125 1790.89745160194 4655
160 6.1 10350.289935002562 25058.44972053203 85737.90893554688 0.632080078125 1902.3302459973247 4760
170 3.7 30181.68571183488 34754.427266242106 87363.21997070313 0.632080078125 2009.2220819295628 4821
180 3.3 8932.062810724432 24058.82067217846 87363.21997070313 0.632080078125 2223.7921013421806 4858
190 1.8 36181.97866482205 41044.026430114376 92899.36010742188 0.632080078125 2269.0533839857326 4891
200 1.9 74829.32294664886 7100.124866423495 95368.5390625 0.632080078125 2393.403079454271 4909
210 0.4 87918.31707763672 9315.95498511653 95368.5390625 0.632080078125 2672.681179591588 4928
220 1 79077.45537109375 8096.412547495608 95368.5390625 0.632080078125 2741.817948365347 4932
230 0 0 0 95368.5390625 0.632080078125 2896.2809945465056 4942
240 2.5 93900.89880859375 1678.244022529994 99057.54516601563 0.632080078125 2896.2809945465056 4942
250 0 0 0 99057.54516601563 0.632080078125 3354.3271884968135 4967
260 3.2 99197.77006530762 8503.944169067754 116455.17700195313 0.632080078125 3354.3271884968135 4967
270 0 0 0 116455.17700195313 0.632080078125 3967.8479270561143 4999
280 2.7 93648.60231300637 13277.763993403618 129800.7509765625 0.632080078125 3967.8479270561143 4999
290 0.6 79029.98746744792 14508.02491588072 129800.7509765625 0.632080078125 4449.618792241283 5026
300 0 0 0 129800.7509765625 0.632080078125 4538.546099882627 5032
310 1.9 85145.27919407895 14694.682303323196 129800.7509765625 0.632080078125 4538.546099882627 5032
320 0 0 0 129800.7509765625 0.632080078125 4841.758914927118 5051
330 2.4 83895.80060831705 12538.14203018919 129800.7509765625 0.632080078125 4841.758914927118 5051
340 0.1 96177.10888671875 0.0 129800.7509765625 0.632080078125 5215.610540669258 5075
350 1.4 92290.46775599888 6889.351520867818 129800.7509765625 0.632080078125 5233.530457601104 5076
360 0.2 93539.99401855469 3377.6851806640625 129800.7509765625 0.632080078125 5472.979793981765 5090
370 0.9 97420.82356770833 7955.516227254564 129800.7509765625 0.632080078125 5507.570137353554 5092
380 0.4 108509.79125976563 6129.311318656952 129800.7509765625 0.632080078125 5669.738198689212 5101
390 0.1 111809.09692382813 0.0 129800.7509765625 0.632080078125 5750.318063967235 5105
400 1.6 113989.95239257813 2489.76984622181 129800.7509765625 0.632080078125 5771.089466015778 5106
410 0.7 101133.09681919643 4593.441866339817 129800.7509765625 0.632080078125 6109.141361139753 5122
420 0.9 118109.77587890625 12831.61953902501 136103.46508789063 0.632080078125 6238.828958762369 5129
430 0.5 109635.68515625 16161.925197109524 136103.46508789063 0.632080078125 6434.788188478464 5138
440 1.2 112027.58508300781 9569.93695544145 136103.46508789063 0.632080078125 6535.119606879952 5143
450 0.7 110079.91322544643 7039.715649707858 136103.46508789063 0.632080078125 6780.688876659493 5155
460 1.5 109504.88854166666 11346.802063707397 136103.46508789063 0.632080078125 6920.769188639638 5162
470 0.2 111681.45361328125 18498.900390625 136103.46508789063 0.632080078125 7217.999590473791 5177
480 2.2 96117.68422629616 14718.48631658041 136103.46508789063 0.632080078125 7258.340758275608 5179
490 0.6 88724.95882161458 12357.816944421009 136103.46508789063 0.632080078125 7634.211851583905 5201
500 0.3 90982.4169921875 7983.327982007205 136103.46508789063 0.632080078125 7727.652312851465 5207
510 1.6 86321.82821655273 11994.689609561006 136103.46508789063 0.632080078125 7775.591716697531 5210
520 0.9 77299.11507161458 8957.44002499523 136103.46508789063 0.632080078125 8016.070052709335 5226
530 1.2 78170.79573567708 16125.349587450277 136103.46508789063 0.632080078125 8135.181304890834 5235
540 1.1 70425.09161931818 10429.306493977327 136103.46508789063 0.632080078125 8295.354236693662 5247
550 1.3 71683.10507436898 11591.278743263085 136103.46508789063 0.632080078125 8425.332766782834 5258
560 0.4 71032.39672851563 12297.419075219921 136103.46508789063 0.632080078125 8581.347003170355 5271
570 1.9 61414.01989103619 10489.695665457948 136103.46508789063 0.632080078125 8628.703249407583 5275
580 1.7 51688.86424345129 16446.03632810931 136103.46508789063 0.632080078125 8818.148095684679 5294
590 0.9 46865.68793402778 12976.417565987746 136103.46508789063 0.632080078125 8955.373133250492 5311
600 1 50233.30908203125 12746.185575803986 136103.46508789063 0.632080078125 9019.507124454814 5320
610 0.2 54403.87548828125 9151.444580078125 136103.46508789063 0.632080078125 9096.831330754207 5330
620 1.2 53539.90102132162 6763.719383362135 136103.46508789063 0.632080078125 9113.825720910818 5332
630 0.5 55389.8001953125 7791.62511060138 136103.46508789063 0.632080078125 9213.584872034495 5344
640 0.8 63309.22872924805 7219.763467740791 136103.46508789063 0.632080078125 9256.748281385102 5349
650 0.7 62868.1922781808 4895.211681299502 136103.46508789063 0.632080078125 9337.468804734533 5357
660 0.6 66315.59053548177 8211.590465907662 136103.46508789063 0.632080078125 9407.326199274825 5364
670 1.8 61133.38222927517 12894.28388084041 136103.46508789063 0.632080078125 9470.910852164443 5370
680 0.4 57452.40264892578 13197.275792658851 136103.46508789063 0.632080078125 9643.502627366372 5388
690 3 41620.87511393229 15736.190215646411 136103.46508789063 0.632080078125 9678.969170409071 5392
700 0.1 71307.31201171875 0.0 136103.46508789063 0.632080078125 9855.704171940923 5422
710 0.6 43319.25451660156 14796.378138889528 136103.46508789063 0.632080078125 9867.03583482858 5423
720 1.1 34331.189985795456 10834.257025939818 136103.46508789063 0.632080078125 9904.006420956897 5429
730 0.7 42319.798130580355 7930.700598855122 136103.46508789063 0.632080078125 9953.399623018151 5440
740 1.3 37759.03928786058 9513.662745660697 136103.46508789063 0.632080078125 9994.994040046411 5447
750 0 0 0 136103.46508789063 0.632080078125 10061.098909684064 5460
760 2 36989.13034667969 15488.706115120724 136103.46508789063 0.632080078125 10061.098909684064 5460
770 0 0 0 136103.46508789063 0.632080078125 10159.376396680398 5480
780 1.5 26558.473958333332 15192.622670205217 136103.46508789063 0.632080078125 10159.376396680398 5480
790 0.2 26057.33447265625 22268.618408203125 136103.46508789063 0.632080078125 10204.14190412804 5495
800 1.2 21506.996826171875 16647.835820960045 136103.46508789063 0.632080078125 10209.90984757666 5497
808 0.3 8.413736979166666 0.3338822970389331 136103.46508789063 0.632080078125 10234.517769838985 5509
