10 0.1 1389 0 1389 1389 0 0
20 0.1 440.0 0.0 1389 440 1389.0 1
30 0.1 1142.0 0.0 1389 440 914.5 2
40 0.1 2783.0 0.0 2783 440 990.3333333333334 3
50 0.1 77.0 0.0 2783 77 1438.5 4
60 0.1 2614.0 0.0 2783 77 1166.2 5
70 0.1 182.0 0.0 2783 77 1407.5 6
80 0.1 3271.0 0.0 3271 77 1232.4285714285713 7
90 0.1 2179.0 0.0 3271 77 1487.25 8
100 0.1 2135.0 0.0 3271 77 1564.111111111111 9
110 0.1 4133.0 0.0 4133 77 1621.2 10
120 0.1 2205.0 0.0 4133 77 1849.5454545454545 11
130 0.1 3140.0 0.0 4133 77 1879.1666666666667 12
140 0.1 1758.0 0.0 4133 77 1976.1538461538462 13
150 0.1 2644.0 0.0 4133 77 1960.5714285714287 14
160 0.1 701.0 0.0 4133 77 2006.1333333333334 15
170 0.1 1038.0 0.0 4133 77 1924.5625 16
180 0.1 1886.0 0.0 4133 77 1872.4117647058824 17
190 0.1 356.0 0.0 4133 77 1873.1666666666667 18
200 0.1 1636.0 0.0 4133 77 1793.3157894736842 19
210 0.1 735.0 0.0 4133 77 1785.45 20
220 0.1 1019.0 0.0 4133 77 1735.4285714285713 21
230 0.1 394.0 0.0 4133 77 1702.8636363636363 22
240 0.1 1110.0 0.0 4133 77 1645.9565217391305 23
250 0.1 967.0 0.0 4133 77 1623.625 24
260 0.1 408.0 0.0 4133 77 1597.36 25
270 0.1 1904.0 0.0 4133 77 1551.6153846153845 26
280 0.1 2.0 0.0 4133 2 1564.6666666666667 27
290 0.1 2665.0 0.0 4133 2 1508.857142857143 28
300 0.1 7.0 0.0 4133 2 1548.7241379310344 29
310 0.1 1616.0 0.0 4133 2 1497.3333333333333 30
320 0.1 413.0 0.0 4133 2 1501.1612903225807 31
330 0.1 356.0 0.0 4133 2 1467.15625 32
340 0.1 2223.0 0.0 4133 2 1433.4848484848485 33
350 0.1 1.0 0.0 4133 1 1456.7058823529412 34
360 0.1 1514.0 0.0 4133 1 1415.1142857142856 35
370 0.1 3.0 0.0 4133 1 1417.861111111111 36
380 0.1 1419.0 0.0 4133 1 1379.6216216216217 37
390 0.1 341.0 0.0 4133 1 1380.657894736842 38
400 0.1 365.0 0.0 4133 1 1354.0 39
410 0.1 1745.0 0.0 4133 1 1329.275 40
420 0.1 294.0 0.0 4133 1 1339.4146341463415 41
430 0.1 1138.0 0.0 4133 1 1314.5238095238096 42
440 0.1 682.0 0.0 4133 1 1310.418604651163 43
450 0.1 619.0 0.0 4133 1 1296.1363636363637 44
460 0.1 388.0 0.0 4133 1 1281.088888888889 45
470 0.1 1081.0 0.0 4133 1 1261.6739130434783 46
480 0.1 892.0 0.0 4133 1 1257.8297872340424 47
490 0.1 672.0 0.0 4133 1 1250.2083333333333 48
500 0.1 240.0 0.0 4133 1 1238.408163265306 49
510 0.1 1450.0 0.0 4133 1 1218.4399999999998 50
520 0.1 530.0 0.0 4133 1 1222.9803921568625 51
530 0.1 1061.0 0.0 4133 1 1209.653846153846 52
540 0.1 390.0 0.0 4133 1 1206.8490566037735 53
550 0.1 1065.0 0.0 4133 1 1191.7222222222222 54
560 0.1 1374.0 0.0 4133 1 1189.418181818182 55
570 0.1 861.0 0.0 4133 1 1192.7142857142858 56
580 0.1 1250.0 0.0 4133 1 1186.8947368421052 57
590 0.1 319.0 0.0 4133 1 1187.9827586206898 58
600 0.1 1032.0 0.0 4133 1 1173.2542372881355 59
610 0.1 296.0 0.0 4133 1 1170.9 60
620 0.1 1098.0 0.0 4133 1 1156.5573770491803 61
630 0.1 949.0 0.0 4133 1 1155.6129032258063 62
640 0.1 625.0 0.0 4133 1 1152.3333333333333 63
650 0.1 1544.0 0.0 4133 1 1144.09375 64
660 0.1 174.0 0.0 4133 1 1150.246153846154 65
670 0.1 2024.0 0.0 4133 1 1135.4545454545455 66
680 0.1 303.0 0.0 4133 1 1148.7164179104477 67
690 0.1 1397.0 0.0 4133 1 1136.2794117647059 68
700 0.1 455.0 0.0 4133 1 1140.0579710144928 69
710 0.1 441.0 0.0 4133 1 1130.2714285714285 70
720 0.1 651.0 0.0 4133 1 1120.5633802816901 71
730 0.1 435.0 0.0 4133 1 1114.0416666666667 72
740 0.1 1161.0 0.0 4133 1 1104.7397260273972 73
750 0.1 6.0 0.0 4133 1 1105.5 74
760 0.1 1924.0 0.0 4133 1 1090.84 75
770 0.1 15.0 0.0 4133 1 1101.8026315789473 76
780 0.1 814.0 0.0 4133 1 1087.6883116883116 77
790 0.1 703.0 0.0 4133 1 1084.179487179487 78
800 0.1 1196.0 0.0 4133 1 1079.3544303797466 79
