70 0.1 11442.923828125 0 11442.923828125 11442.923828125 0 0
80 0.5 25950.180859375 18589.071866009643 62146.12109375 8801.314208984375 11442.923828125 1
90 1.4 41260.39603097098 21593.502119957175 79692.02490234375 8801.314208984375 23532.3046875 6
100 4.6 45515.79889712126 25190.40316336367 93348.22216796875 8801.314208984375 35941.96862792969 20
110 3.6 45619.62571885851 26992.643398059874 110116.81787109375 8801.314208984375 42614.63820948745 66
120 7.1 36403.66852236465 22065.00967958922 110116.81787109375 8801.314208984375 43675.222036324296 102
130 6.7 35598.92882754199 18864.74390458015 110116.81787109375 8801.314208984375 40690.94284851427 173
140 4.9 41939.7262236926 29404.51449857056 142420.11499023438 8801.314208984375 39269.4222676595 240
150 1.1 68780.68963068182 32075.49385826628 142420.11499023438 8801.314208984375 39722.17276539522 289
160 0.9 94532.38283962673 17026.970069124094 142420.11499023438 8801.314208984375 40787.6517171224 300
170 0.1 84803.14697265625 0.0 142420.11499023438 8801.314208984375 42353.03223525359 309
180 0.3 92375.39501953125 7997.999839719653 142420.11499023438 8801.314208984375 42489.96808924521 310
190 0.3 117405.21175130208 13469.348351739141 142420.11499023438 8801.314208984375 42968.10317164412 313
200 0.4 123171.10247802734 38848.43688761276 190252.16186523438 8801.314208984375 43674.784582210494 316
210 0 0 0 190252.16186523438 8801.314208984375 44668.4885559082 320
220 0 0 0 190252.16186523438 8801.314208984375 44668.4885559082 320
230 0 0 0 190252.16186523438 8801.314208984375 44668.4885559082 320
240 0.4 128475.7075805664 1522.0410005452995 190252.16186523438 8801.314208984375 44668.4885559082 320
250 0 0 0 190252.16186523438 8801.314208984375 45703.14558090398 324
260 0.1 217908.18505859375 0.0 217908.18505859375 8801.314208984375 45703.14558090398 324
270 0 0 0 217908.18505859375 8801.314208984375 46233.00724083534 325
280 0.2 218272.18395996094 17009.000854492188 235281.18481445313 8801.314208984375 46233.00724083534 325
290 0.1 189181.1650390625 0.0 235281.18481445313 8801.314208984375 47285.23462138045 327
300 0 0 0 235281.18481445313 8801.314208984375 47717.84416533679 328
310 0.4 218304.18505859375 22545.04916910745 245189.19116210938 8801.314208984375 47717.84416533679 328
320 0 0 0 245189.19116210938 8801.314208984375 49773.101284532655 332
330 0.3 223095.53230794272 1955.8788589187182 245189.19116210938 8801.314208984375 49773.101284532655 332
340 0 0 0 245189.19116210938 8801.314208984375 51325.24245787663 335
350 0.1 272936.2277832031 0.0 272936.2277832031 8801.314208984375 51325.24245787663 335
360 0 0 0 272936.2277832031 8801.314208984375 51984.798961821056 336
370 0 0 0 272936.2277832031 8801.314208984375 51984.798961821056 336
380 0 0 0 272936.2277832031 8801.314208984375 51984.798961821056 336
390 0 0 0 272936.2277832031 8801.314208984375 51984.798961821056 336
400 0.1 311938.23095703125 0.0 311938.23095703125 8801.314208984375 51984.798961821056 336
410 0.2 300660.2550048828 2504.0709228515625 311938.23095703125 8801.314208984375 52756.17413094631 337
420 0.1 320054.2370605469 0.0 320054.2370605469 8801.314208984375 54218.73508005508 339
430 0.1 314255.10009765625 0.0 320054.2370605469 8801.314208984375 55000.60420352712 340
440 0 0 0 320054.2370605469 8801.314208984375 55760.88131758614 341
450 0.1 450669.0751953125 0.0 450669.0751953125 8801.314208984375 55760.88131758614 341
460 0.4 402124.2005004883 35207.03749007537 462040.30517578125 8801.314208984375 56915.58363886605 342
470 0 0 0 462040.30517578125 8801.314208984375 60906.43470085012 346
480 0.4 423815.14001464844 31349.146842427763 462040.30517578125 8801.314208984375 60906.43470085012 346
490 0.2 430029.70654296875 42372.452392578125 472402.1589355469 8801.314208984375 65053.96276157924 350
500 0 0 0 472402.1589355469 8801.314208984375 67127.68857851895 352
510 0.4 442620.1807861328 45674.80125476472 515427.1750488281 8801.314208984375 67127.68857851895 352
520 0.3 420802.1779785156 14584.130914842408 515427.1750488281 8801.314208984375 71346.70534489663 356
530 0.2 472766.6260986328 21601.454956054688 515427.1750488281 8801.314208984375 74266.94606328341 359
540 0 0 0 515427.1750488281 8801.314208984375 76474.70052331305 361
550 0.3 471055.85432942706 14583.149240116923 515427.1750488281 8801.314208984375 76474.70052331305 361
560 0 0 0 515427.1750488281 8801.314208984375 79726.74299973706 364
570 0.6 485784.04899088544 25158.283059267884 519721.3000488281 8801.314208984375 79726.74299973706 364
580 0.1 577783.1760253906 0.0 577783.1760253906 8801.314208984375 86311.4560698638 370
590 0.1 501826.2438964844 0.0 577783.1760253906 8801.314208984375 87636.1776869946 371
600 0 0 0 577783.1760253906 8801.314208984375 88749.59184347173 372
610 0 0 0 577783.1760253906 8801.314208984375 88749.59184347173 372
620 0.2 530518.638671875 7244.45849609375 577783.1760253906 8801.314208984375 88749.59184347173 372
630 0.1 535851.2290039063 0.0 577783.1760253906 8801.314208984375 91111.99316340972 374
640 0 0 0 577783.1760253906 8801.314208984375 92297.96445898438 375
650 0 0 0 577783.1760253906 8801.314208984375 92297.96445898438 375
660 0.1 615370.1779785156 0.0 615370.1779785156 8801.314208984375 92297.96445898438 375
670 0.2 633996.1220703125 31346.0400390625 665342.162109375 8801.314208984375 93689.11396302568 376
680 0.3 591325.1789550781 16707.95164231098 665342.162109375 8801.314208984375 96547.88120168858 378
690 0.4 625107.1831665039 31938.959513384765 665342.162109375 8801.314208984375 100443.76543596723 381
700 0.3 604511.0954589844 2273.003597863507 665342.162109375 8801.314208984375 105894.8139318689 385
710 0.3 620110.2079264323 27633.011499820648 665342.162109375 8801.314208984375 109750.09445914043 388
720 0.1 599347.2099609375 0.0 665342.162109375 8801.314208984375 113665.90095633193 391
730 0 0 0 665342.162109375 8801.314208984375 114904.88388746612 392
740 0.6 655394.2383219401 8766.59185150768 670502.2158203125 8801.314208984375 114904.88388746612 392
750 0 0 0 670502.2158203125 8801.314208984375 123052.96460758382 398
760 0.6 670593.524983724 16885.75535060586 692182.1867675781 8801.314208984375 123052.96460758382 398
770 0.2 724099.2360839844 26550.032958984375 750649.2690429688 8801.314208984375 131184.75510821957 404
780 0.5 727074.3685546875 21431.712084849198 763777.1088867188 8801.314208984375 134105.51609824796 406
790 0.4 709379.9600219727 29967.713863750036 763777.1088867188 8801.314208984375 141319.24909650147 411
800 0.2 731385.6485595703 22530.551391601563 763777.1088867188 8801.314208984375 146794.5330572289 415
808 0.7 721725.4498814174 9721.441969978214 763777.1088867188 8801.314208984375 149598.32737618499 417
