0 2695.3 2695.3
10 1368.1078125 4063.4078125
20 1464.73828125 5528.14609375
30 8067.37109375 13595.5171875
40 20.2859375 13615.803125
50 5011.9984375 18627.8015625
60 1078.565625 19706.3671875
70 5142.59609375 24848.96328125
80 4416.8046875 29265.76796875
90 503.02734375 29768.7953125
100 7458.9046875 37227.7
110 339.98671875 37567.68671875
120 2968.5484375 40536.23515625
130 3375.95859375 43912.19375
140 4664.940625 48577.134375
150 1690.1265625 50267.2609375
160 1372.8296875 51640.090625
170 4476.71640625 56116.80703125
180 997.12265625 57113.9296875
190 4059.903125 61173.8328125
200 2964.01640625 64137.84921875
210 2109.7625 66247.61171875
220 1342.95390625 67590.565625
230 0 67590.565625
240 5093.67265625 72684.23828125
250 0 72684.23828125
260 5534.80390625 78219.0421875
270 0 78219.0421875
280 5554.040625 83773.0828125
290 965.42109375 84738.50390625
300 0 84738.50390625
310 6020.06953125 90758.5734375
320 0 90758.5734375
330 5929.80546875 96688.37890625
340 752.20234375 97440.58125
350 2690.07890625 100130.66015625
360 888.52890625 101019.1890625
370 1420.434375 102439.6234375
380 2964.43203125 105404.05546875
390 124.33984375 105528.3953125
400 4490.40234375 110018.79765625
410 798.5234375 110817.32109375
420 2067.8203125 112885.14140625
430 1395.734375 114280.87578125
440 2885.1921875 117166.06796875
450 868.89296875 118034.9609375
460 2003.4859375 120038.446875
470 524.49296875 120562.93984375
480 2948.11171875 123511.0515625
490 1406.478125 124917.5296875
500 111.05859375 125028.58828125
510 4437.9828125 129466.57109375
520 804.015625 130270.58671875
530 2506.3984375 132776.98515625
540 2661.9015625 135438.88671875
550 3137.8953125 138576.78203125
560 1103.58828125 139680.3703125
570 2365.8078125 142046.178125
580 2759.003125 144805.18125
590 713.484375 145518.665625
600 2788.4078125 148307.0734375
610 994.3 149301.3734375
620 3655.0953125 152956.46875
630 1539.52265625 154495.99140625
640 3414.0421875 157910.03359375
650 1605.09375 159515.12734375
660 636.07109375 160151.1984375
670 4870.246875 165021.4453125
680 687.971875 165709.4171875
690 3807.8265625 169517.24375
700 646.14296875 170163.38671875
710 1005.6859375 171169.07265625
720 2749.9265625 173918.99921875
730 992.6546875 174911.65390625
740 2767.7453125 177679.39921875
750 0 177679.39921875
760 4704.07734375 182383.4765625
770 0 182383.4765625
780 1895.01015625 184278.48671875
790 1450.728125 185729.21484375
800 2967.08125 188696.29609375
808 63.75 188760.04609375
