0 10 10
10 22 22
20 30 30
30 41 41
40 61 61
50 86 86
60 118 118
70 165 165
80 203 207
90 244 244
100 275 276
110 301 301
120 251 308
130 184 308
140 135 308
150 124 308
160 115 308
170 114 308
180 111 308
190 108 308
200 104 308
210 104 308
220 104 308
230 104 308
240 100 308
250 100 308
260 99 308
270 99 308
280 97 308
290 96 308
300 96 308
310 92 308
320 92 308
330 89 308
340 89 308
350 88 308
360 88 308
370 88 308
380 88 308
390 88 308
400 87 308
410 85 308
420 84 308
430 83 308
440 83 308
450 82 308
460 78 308
470 78 308
480 74 308
490 72 308
500 72 308
510 68 308
520 65 308
530 63 308
540 63 308
550 60 308
560 60 308
570 54 308
580 53 308
590 52 308
600 52 308
610 52 308
620 50 308
630 49 308
640 49 308
650 49 308
660 48 308
670 46 308
680 43 308
690 39 308
700 36 308
710 33 308
720 32 308
730 32 308
740 26 308
750 26 308
760 20 308
770 18 308
780 13 308
790 9 308
800 7 308
808 0 308
