0 0.1 3.196783806559375 0 3.196783806559375 3.196783806559375 0 0
10 0.1 2.455795677799607 0.0 3.196783806559375 2.455795677799607 3.196783806559375 1
20 0.1 2.2615535889872174 0.0 3.196783806559375 2.2615535889872174 2.8262897421794912 2
30 0.1 1.9704433497536946 0.0 3.196783806559375 1.9704433497536946 2.6380443577820665 3
40 0.1 3.434739941118744 0.0 3.434739941118744 1.9704433497536946 2.4711441057749735 4
50 0.1 2.073050345508391 0.0 3.434739941118744 1.9704433497536946 2.6638632728437277 5
60 0.1 2.7613412228796843 0.0 3.434739941118744 1.9704433497536946 2.5653944516211715 6
70 0.1 3.3398821218074657 0.0 3.434739941118744 1.9704433497536946 2.593386847515245 7
80 0.1 2.843137254901961 0.0 3.434739941118744 1.9704433497536946 2.6866987568017726 8
90 0.1 4.518664047151278 0.0 4.518664047151278 1.9704433497536946 2.704080812146238 9
100 0.1 3.74384236453202 0.0 4.518664047151278 1.9704433497536946 2.8855391356467424 10
110 0.1 6.048780487804878 0.0 6.048780487804878 1.9704433497536946 2.9635667019090404 11
120 0.1 6.906614785992218 0.0 6.906614785992218 1.9704433497536946 3.2206678507336934 12
130 0.1 3.9177277179236047 0.0 6.906614785992218 1.9704433497536946 3.5042022303689646 13
140 0.1 1.3875123885034688 0.0 6.906614785992218 1.3875123885034688 3.5337397651942957 14
150 0.1 2.450980392156863 0.0 6.906614785992218 1.3875123885034688 3.390657940081574 15
160 0.1 1.9723865877712032 0.0 6.906614785992218 1.3875123885034688 3.3319280933362796 16
170 0.1 2.1632251720747298 0.0 6.906614785992218 1.3875123885034688 3.2519550635971575 17
180 0.1 1.4792899408284024 0.0 6.906614785992218 1.3875123885034688 3.1914700696236893 18
190 0.1 1.678183613030602 0.0 6.906614785992218 1.3875123885034688 3.101355326002885 19
200 0.1 1.574803149606299 0.0 6.906614785992218 1.3875123885034688 3.030196740354271 20
210 0.1 2.935420743639922 0.0 6.906614785992218 1.3875123885034688 2.960892283651986 21
220 0.1 2.4485798237022527 0.0 6.906614785992218 1.3875123885034688 2.9597344863787103 22
