0 0.1 0.0390625 0 0.0390625 0.0390625 0 0
10 0.1 0.0390625 0.0 0.0390625 0.0390625 0.0390625 1
20 0.1 0.03125 0.0 0.0390625 0.03125 0.0390625 2
30 0.1 0.03125 0.0 0.0390625 0.03125 0.036458333333333336 3
40 0.1 0.01953125 0.0 0.0390625 0.01953125 0.03515625 4
50 0.1 0.01953125 0.0 0.0390625 0.01953125 0.03203125 5
60 0.1 0.01953125 0.0 0.0390625 0.01953125 0.029947916666666668 6
70 0.1 0.01171875 0.0 0.0390625 0.01171875 0.028459821428571428 7
80 0.1 0.01171875 0.0 0.0390625 0.01171875 0.0263671875 8
90 0.1 0.01171875 0.0 0.0390625 0.01171875 0.024739583333333332 9
100 0.1 0.01171875 0.0 0.0390625 0.01171875 0.0234375 10
110 0.1 0.01171875 0.0 0.0390625 0.01171875 0.022372159090909092 11
120 0.1 0.01171875 0.0 0.0390625 0.01171875 0.021484375 12
130 0.1 0.0 0.0 0.0390625 0.0 0.020733173076923076 13
140 0.1 0.0 0.0 0.0390625 0.0 0.019252232142857144 14
150 0.1 0.0 0.0 0.0390625 0.0 0.01796875 15
160 0.1 0.0 0.0 0.0390625 0.0 0.016845703125 16
170 0.1 0.0 0.0 0.0390625 0.0 0.015854779411764705 17
180 0.1 0.0 0.0 0.0390625 0.0 0.014973958333333334 18
190 0.1 0.0703125 0.0 0.0703125 0.0 0.014185855263157895 19
200 0.1 0.05859375 0.0 0.0703125 0.0 0.0169921875 20
210 0.1 0.05078125 0.0 0.0703125 0.0 0.018973214285714284 21
220 0.1 0.0390625 0.0 0.0703125 0.0 0.02041903409090909 22
