0 1.5 35.005419921875 36.05524976443606 132.7421875 7.383056640625 0 0
10 4 354.8517700195313 1164.8945754824376 5345.416015625 7.383056640625 35.005419921875 15
20 3.2 503.5144958496093 1725.2277290320435 8406.787841796875 7.383056640625 267.620947265625 55
30 5 1090.0796923828123 3088.943095132699 10801.55712890625 7.383056640625 354.38639042295256 87
40 3.6 3996.9812282986113 2802.40260603368 10801.55712890625 7.383056640625 622.8875955177919 137
50 4.6 2837.6631814707885 3540.0681099848475 13710.782958984375 7.383056640625 1325.0111260386561 173
60 10.1 2577.3430127436573 3362.7663903523353 14701.55810546875 7.383056640625 1642.7371285495149 219
70 2.4 6406.213521321614 2537.75038186608 14701.55810546875 7.383056640625 1937.722110748291 320
80 14.7 4135.258377178998 3163.846371114905 17800.533935546875 7.383056640625 2249.477325439453 344
90 6.2 2924.977562689012 3867.890231829551 18633.193115234375 0.87109375 2814.0594325793977 491
100 23.8 3780.286884724596 5310.267865929794 18633.193115234375 0.697998046875 2826.4950999696257 553
110 29.6 4138.828466466955 7341.888460984666 25197.341064453125 0.682861328125 3113.476698922449 791
120 15.1 5057.299681808774 7353.303890235608 29881.97802734375 0.682861328125 3392.689323755176 1087
130 4.4 15549.332142223011 5161.805132804493 29881.97802734375 0.682861328125 3595.7233819668827 1238
140 4 20694.344635009766 4430.641963097193 36922.29296875 0.682861328125 4005.987645189402 1282
150 3.5 26286.603536551338 4498.628336970191 37322.593017578125 0.682861328125 4510.930368028142 1322
160 1.6 33011.25341796875 7270.697122026241 46743.241943359375 0.682861328125 5072.572638402727 1357
170 1.2 39059.54547119141 4838.33076177153 46743.241943359375 0.682861328125 5398.150855790241 1373
180 1.1 37240.14055841619 2783.42757473612 46743.241943359375 0.682861328125 5689.801928270251 1385
190 2.2 41260.07871315696 8844.204176774472 60594.8359375 0.682861328125 5938.407748421831 1396
200 5.1 39702.205542470896 14662.372666145959 67841.07299804688 0.682861328125 6486.416747874702 1418
210 5.1 16049.606330422794 12856.923013739135 67841.07299804688 0.682861328125 7639.585725767422 1469
220 3 4196.188297526041 9337.797998128986 67841.07299804688 0.682861328125 7921.76404868678 1520
221 0 0 0 67841.07299804688 0.682861328125 7849.656130922379 1550
