10 0.1 592 0 592 592 0 0
20 0.1 1209.0 0.0 1209 592 592.0 1
30 0.1 1167.0 0.0 1209 592 900.5 2
40 0.1 2824.0 0.0 2824 592 989.3333333333334 3
50 0.1 1160.0 0.0 2824 592 1448.0 4
60 0.1 2403.0 0.0 2824 592 1390.4 5
70 0.1 2436.0 0.0 2824 592 1559.1666666666667 6
80 0.1 1696.0 0.0 2824 592 1684.4285714285713 7
90 0.1 4415.0 0.0 4415 592 1685.875 8
100 0.1 2037.0 0.0 4415 592 1989.111111111111 9
110 0.1 2672.0 0.0 4415 592 1993.9 10
120 0.1 4626.0 0.0 4626 592 2055.5454545454545 11
130 0.1 2473.0 0.0 4626 592 2269.75 12
140 0.1 756.0 0.0 4626 592 2285.3846153846152 13
150 0.1 1294.0 0.0 4626 592 2176.1428571428573 14
160 0.1 1967.0 0.0 4626 592 2117.3333333333335 15
170 0.1 1817.0 0.0 4626 592 2107.9375 16
180 0.1 682.0 0.0 4626 592 2090.823529411765 17
190 0.1 1148.0 0.0 4626 592 2012.5555555555557 18
200 0.1 688.0 0.0 4626 592 1967.0526315789473 19
210 0.1 1498.0 0.0 4626 592 1903.1 20
220 0.1 1485.0 0.0 4626 592 1883.8095238095239 21
