0 0.1 6283.0888671875 0 6283.0888671875 6283.0888671875 0 0
10 0.5 5033.671484375 2382.6261883963675 8116.18408203125 1800.130126953125 6283.0888671875 1
20 1.2 7813.097798665364 7496.839901012384 19694.84814453125 39.05322265625 5241.90771484375 6
30 1.1 8506.943292791193 9110.796247685705 25284.0849609375 39.05322265625 6956.034437391493 18
40 0.7 12048.592180524554 9786.91044460881 25284.0849609375 39.05322265625 7544.310210129311 29
50 1.8 13654.563462999133 11248.425587960415 39495.97021484375 39.05322265625 8420.142815483941 36
60 2.1 19403.87875511533 12723.859720639435 49876.547119140625 39.05322265625 10164.949697989005 54
70 0.7 16723.053292410714 11711.318397490862 49876.547119140625 39.05322265625 12751.849833984375 75
80 4.3 12892.137496593386 12789.142457619715 49876.547119140625 39.05322265625 13090.855007264672 82
90 1.5 10591.7412109375 13130.663346270898 49876.547119140625 39.05322265625 13022.49618359375 125
100 5.6 13991.600354875836 14302.920947907363 52957.02685546875 39.05322265625 12762.05815080915 140
110 8 15190.417022705078 14517.999124661204 57479.14404296875 8.072998046875 13113.355923399633 196
120 3.9 26393.840069110578 14332.034412286037 57479.14404296875 8.072998046875 13715.402618850487 276
130 2.4 24039.30291748047 13383.417265998001 59634.412109375 8.072998046875 15285.113922216022 315
140 1.3 49422.775916466344 12388.78644355002 67643.97412109375 8.072998046875 15904.879514801116 339
150 0.9 68809.12269422744 9297.334172271856 81167.46411132813 8.072998046875 17142.756370544434 352
160 0.5 70645.66416015624 8711.286055254093 81527.42700195313 8.072998046875 18430.8375254285 361
170 0.3 68300.12841796875 7743.662197544099 81527.42700195313 8.072998046875 19144.154829181607 366
180 0.2 75551.47143554688 3001.761474609375 81527.42700195313 8.072998046875 19543.79689087906 369
190 0.7 91992.0754045759 12385.405854149538 117014.21508789063 8.072998046875 19845.72505554034 371
200 1.7 106834.94429285386 8784.934176064995 123915.5 8.072998046875 21181.76858052248 378
210 3.3 110895.576208866 8403.58790162263 128334.19506835938 8.072998046875 24868.107788394966 395
220 2.2 113375.17578125 13378.425341090673 164869.34204101563 8.072998046875 31501.066802122874 428
221 0 0 0 164869.34204101563 8.072998046875 35503.8010188802 450
