0 1056.084375 1056.084375
10 3021.9265625 4078.0109375
20 3856.328125 7934.3390625
30 7218.0671875 15152.40625
40 3679.23671875 18831.64296875
50 4098.89921875 22930.5421875
60 7464.8875 30395.4296875
70 3222.4375 33617.8671875
80 10219.73359375 43837.60078125
90 3090.646875 46928.24765625
100 6588.0109375 53516.25859375
110 7957.04765625 61473.30625
120 5186.30546875 66659.61171875
130 6036.5296875 72696.14140625
140 4386.83828125 77082.9796875
150 5861.490625 82944.4703125
160 2339.50234375 85283.97265625
170 3374.1046875 88658.07734375
180 3476.66171875 92134.7390625
190 2756.375 94891.1140625
200 4421.303125 99312.4171875
210 3168.73515625 102481.15234375
220 2565.36796875 105046.5203125
221 0 105046.5203125
