0 0.5 28.657470703125 54.31962945257112 137.296142578125 1.297119140625 0 0
10 0.8 1.967437744140625 1.031376592043991 137.296142578125 1.19384765625 28.657470703125 5
20 1 2.0248046875 0.7649995249703122 137.296142578125 1.19384765625 12.232835036057692 13
30 1.5 1.6738444010416667 0.4130028123038875 137.296142578125 1.15283203125 7.794560971467392 23
40 2.3 1.7835109544836956 0.8824631966593685 137.296142578125 1.01904296875 5.378488641036184 38
50 2.3 1.654020889945652 0.6031801102085423 137.296142578125 1.01904296875 4.02300525102459 61
60 2.4 2.1966349283854165 2.45218821568046 137.296142578125 0.890869140625 3.374354771205357 84
70 4.6 1.722343113111413 0.8475062531092252 137.296142578125 0.890869140625 3.1126392505787037 108
80 3.6 1.5152723524305556 0.39559764054188146 137.296142578125 0.890869140625 2.697355988737825 154
90 7.5 1.7693033854166667 1.4505194195889444 137.296142578125 0.890869140625 2.4733822471217106 190
100 8.2 2.7911674685594514 7.121647054279238 137.296142578125 0.890869140625 2.2741146447523586 265
110 7 1.6576311383928573 0.7874531564228158 137.296142578125 0.890869140625 2.3963000382744957 347
120 1.7 1.5366641773897058 0.3433714249257405 137.296142578125 0.890869140625 2.272302860836331 417
130 0 0 0 137.296142578125 0.890869140625 2.2434875207013247 434
140 0 0 0 137.296142578125 0.890869140625 2.2434875207013247 434
150 0.1 28.43603515625 0.0 137.296142578125 0.890869140625 2.2434875207013247 434
160 0 0 0 137.296142578125 0.890869140625 2.303700273886494 435
170 0 0 0 137.296142578125 0.890869140625 2.303700273886494 435
180 0 0 0 137.296142578125 0.890869140625 2.303700273886494 435
190 0 0 0 137.296142578125 0.890869140625 2.303700273886494 435
200 0 0 0 137.296142578125 0.890869140625 2.303700273886494 435
210 0 0 0 137.296142578125 0.890869140625 2.303700273886494 435
220 0 0 0 137.296142578125 0.890869140625 2.303700273886494 435
230 0 0 0 137.296142578125 0.890869140625 2.303700273886494 435
240 0 0 0 137.296142578125 0.890869140625 2.303700273886494 435
250 0 0 0 137.296142578125 0.890869140625 2.303700273886494 435
260 0 0 0 137.296142578125 0.890869140625 2.303700273886494 435
270 0 0 0 137.296142578125 0.890869140625 2.303700273886494 435
280 0 0 0 137.296142578125 0.890869140625 2.303700273886494 435
290 0 0 0 137.296142578125 0.890869140625 2.303700273886494 435
299 0 0 0 137.296142578125 0.890869140625 2.303700273886494 435
