0 0.1 2.803498222442413 0 2.803498222442413 2.803498222442413 0 0
10 0.1 2.6548672566371683 0.0 2.803498222442413 2.6548672566371683 2.803498222442413 1
20 0.1 1.9801980198019802 0.0 2.803498222442413 1.9801980198019802 2.729182739539791 2
30 0.1 3.732809430255403 0.0 3.732809430255403 1.9801980198019802 2.479521166293854 3
40 0.1 4.995102840352596 0.0 4.995102840352596 1.9801980198019802 2.792843232284241 4
50 0.1 6.2745098039215685 0.0 6.2745098039215685 1.9801980198019802 3.2332951538979118 5
60 0.1 6.1204343534057255 0.0 6.2745098039215685 1.9801980198019802 3.740164262235188 6
70 0.1 7.976653696498054 0.0 7.976653696498054 1.9801980198019802 4.080202846688122 7
80 0.1 8.487804878048781 0.0 8.487804878048781 1.9801980198019802 4.5672592029143635 8
90 0.1 8.21917808219178 0.0 8.487804878048781 1.9801980198019802 5.00287538904041 9
100 0.1 11.165048543689322 0.0 11.165048543689322 1.9801980198019802 5.324505658355547 10
110 0.1 10.341463414634147 0.0 11.165048543689322 1.9801980198019802 5.855464102476799 11
120 0.1 6.9306930693069315 0.0 11.165048543689322 1.9801980198019802 6.229297378489911 12
130 0.1 12.968299711815561 0.0 12.968299711815561 1.9801980198019802 6.283250893168144 13
140 0.1 7.436399217221135 0.0 12.968299711815561 1.9801980198019802 6.7607543802143875 14
150 0.1 8.494208494208493 0.0 12.968299711815561 1.9801980198019802 6.805797369348171 15
160 0.1 7.156862745098039 0.0 12.968299711815561 1.9801980198019802 6.911323064651941 16
170 0.1 6.4833005893909625 0.0 12.968299711815561 1.9801980198019802 6.925766575266417 17
180 0.1 6.391347099311701 0.0 12.968299711815561 1.9801980198019802 6.90118513160667 18
190 0.1 7.247796278158668 0.0 12.968299711815561 1.9801980198019802 6.874351550959567 19
200 0.1 6.995073891625616 0.0 12.968299711815561 1.9801980198019802 6.893023787319521 20
210 0.1 4.121687929342492 0.0 12.968299711815561 1.9801980198019802 6.897883316096002 21
220 0.1 2.766798418972332 0.0 12.968299711815561 1.9801980198019802 6.7716926166981155 22
230 0.1 1.9762845849802373 0.0 12.968299711815561 1.9762845849802373 6.597566782014386 23
240 0.1 2.9382957884427032 0.0 12.968299711815561 1.9762845849802373 6.405013357137964 24
250 0.1 3.143418467583497 0.0 12.968299711815561 1.9762845849802373 6.266344654390154 25
260 0.1 8.88671875 0.0 12.968299711815561 1.9762845849802373 6.146232108743744 26
270 0.1 3.9215686274509802 0.0 12.968299711815561 1.9762845849802373 6.247731613975457 27
280 0.1 2.066929133858268 0.0 12.968299711815561 1.9762845849802373 6.164654364456725 28
290 0.1 1.2871287128712872 0.0 12.968299711815561 1.2871287128712872 6.023353494436089 29
299 0.1 1.1799410029498525 0.0 12.968299711815561 1.1799410029498525 5.865479335050596 30
