0 1.1 77.9208984375 58.733517048400685 209.130859375 10.655029296875 0 0
10 3.7 640.9256558804899 1296.0703766117576 4618.916015625 10.3369140625 77.9208984375 11
20 7.2 533.6943054199219 1315.6139327710184 5323.35400390625 8.302978515625 511.9037322998047 48
30 8.9 912.3361267775632 2336.4618096665445 9375.068115234375 8.302978515625 524.978076171875 120
40 12.5 369.22721289062514 1282.7051440443295 9375.068115234375 8.302978515625 689.9295905446322 209
50 13.5 1993.8467664930538 3416.977876513114 12306.087158203125 8.302978515625 569.9062456142402 334
60 20 1698.353352050781 3404.6579034065458 17120.740966796875 7.637939453125 979.7825149503593 469
70 19.6 2243.8069956253994 3176.6566091452587 17120.740966796875 7.637939453125 1194.6018982389758 669
80 21.4 3077.828236802715 3268.2285298501556 17120.740966796875 7.637939453125 1432.3408567219112 865
90 20.7 3870.4358275777495 4084.389204690036 17979.670166015625 7.637939453125 1758.6933120854812 1079
100 21.7 5272.910257506481 4926.442198775024 19063.203857421875 7.637939453125 2098.608320411219 1286
110 20.6 10257.586699550582 6607.422954924511 25932.7509765625 2.0390625 2556.9074024801957 1503
120 40 8597.171703491216 6988.193847947538 30588.85205078125 1.448974609375 3485.134397914075 1709
130 27.9 6812.962618482584 7066.374819084602 30588.85205078125 1.448974609375 4454.700506131646 2109
140 24.3 10001.017298820087 8456.114166204548 33827.7861328125 1.448974609375 4730.22610468521 2388
150 19.6 15874.815491968271 9721.54109512128 40059.805908203125 1.448974609375 5217.038062182274 2631
160 11.7 15439.814705612313 12581.599263989525 40855.127197265625 1.448974609375 5955.957190671151 2827
170 15.6 15847.109985351563 13166.185489595044 54200.09619140625 1.448974609375 6332.863212834234 2944
180 17.7 17441.500190346927 13276.58270209664 54200.09619140625 1.448974609375 6811.644663322202 3100
190 30.1 7558.861077495588 12413.448710052238 54200.09619140625 1.448974609375 7385.793100393725 3277
200 14.4 18088.008855183914 19107.810383104712 59390.241943359375 1.448974609375 7400.352480244943 3578
210 4.8 14585.276713053385 18602.91626105644 59617.3759765625 1.448974609375 7813.845902596156 3722
220 5.6 31347.552150181367 24318.862798472095 75520.07885742188 1.448974609375 7900.060406283675 3770
230 5.7 33965.65576171876 17551.694115961673 78434.82397460938 1.448974609375 8243.254221667436 3826
240 6.5 42498.52450045074 12494.738541663604 85932.73706054688 1.448974609375 8620.842912829663 3883
250 31.2 16160.017038198612 18247.013480056863 94226.15502929688 1.448974609375 9178.606160852807 3948
260 32.9 1154.2043182465807 5832.819869084066 94226.15502929688 1.448974609375 9689.920760320387 4260
270 11.3 20.209334381913724 6.692042003454516 94226.15502929688 1.448974609375 9077.968110627147 4589
280 5.2 20.675006573016827 7.001058564723958 94226.15502929688 1.448974609375 8860.28909282287 4702
290 1.6 20.889434814453125 6.135965500704695 94226.15502929688 1.448974609375 8763.600003112102 4754
299 0.4 21.1307373046875 5.435949582730402 94226.15502929688 1.448974609375 8734.274349214249 4770
