10 0.1 1858 0 1858 1858 0 0
20 0.1 3562.0 0.0 3562 1858 1858.0 1
30 0.1 8594.0 0.0 8594 1858 2710.0 2
40 0.1 11394.0 0.0 11394 1858 4671.333333333333 3
50 0.1 11254.0 0.0 11394 1858 6352.0 4
60 0.1 15785.0 0.0 15785 1858 7332.4 5
70 0.1 16552.0 0.0 16552 1858 8741.166666666666 6
80 0.1 17526.0 0.0 17526 1858 9857.0 7
90 0.1 18676.0 0.0 18676 1858 10815.625 8
100 0.1 23519.0 0.0 23519 1858 11689.0 9
110 0.1 19733.0 0.0 23519 1858 12872.0 10
120 0.1 13666.0 0.0 23519 1858 13495.727272727272 11
130 0.1 31483.0 0.0 31483 1858 13509.916666666666 12
140 0.1 16264.0 0.0 31483 1858 14892.461538461539 13
150 0.1 22620.0 0.0 31483 1858 14990.42857142857 14
160 0.1 16769.0 0.0 31483 1858 15499.066666666668 15
170 0.1 15662.0 0.0 31483 1858 15578.4375 16
180 0.1 14572.0 0.0 31483 1858 15583.35294117647 17
190 0.1 16852.0 0.0 31483 1858 15527.166666666666 18
200 0.1 14545.0 0.0 31483 1858 15596.894736842105 19
210 0.1 8277.0 0.0 31483 1858 15544.3 20
220 0.1 5342.0 0.0 31483 1858 15198.238095238095 21
230 0.1 2064.0 0.0 31483 1858 14750.227272727272 22
240 0.1 2760.0 0.0 31483 1858 14198.652173913044 23
250 0.1 4105.0 0.0 31483 1858 13722.041666666666 24
260 0.1 14681.0 0.0 31483 1858 13337.36 25
270 0.1 3375.0 0.0 31483 1858 13389.038461538461 26
280 0.1 690.0 0.0 31483 690 13018.148148148148 27
290 0.1 237.0 0.0 31483 237 12577.857142857143 28
299 0.1 54.0 0.0 31483 54 12152.310344827587 29
