10 0.1 966 0 966 966 0 0
20 0.1 1858.0 0.0 1858 966 966.0 1
30 0.1 4226.0 0.0 4226 966 1412.0 2
40 0.1 5736.0 0.0 5736 966 2350.0 3
50 0.1 5952.0 0.0 5952 966 3196.5 4
60 0.1 7670.0 0.0 7670 966 3747.6 5
70 0.1 8782.0 0.0 8782 966 4401.333333333333 6
80 0.1 9038.0 0.0 9038 966 5027.142857142857 7
90 0.1 8902.0 0.0 9038 966 5528.5 8
100 0.1 12430.0 0.0 12430 966 5903.333333333333 9
110 0.1 10628.0 0.0 12430 966 6556.0 10
120 0.1 7264.0 0.0 12430 966 6926.181818181818 11
130 0.1 15895.0 0.0 15895 966 6954.333333333333 12
140 0.1 7945.0 0.0 15895 966 7642.076923076923 13
150 0.1 10595.0 0.0 15895 966 7663.714285714285 14
160 0.1 8410.0 0.0 15895 966 7859.133333333333 15
170 0.1 8066.0 0.0 15895 966 7893.5625 16
180 0.1 7649.0 0.0 15895 966 7903.705882352941 17
190 0.1 8875.0 0.0 15895 966 7889.555555555556 18
200 0.1 7995.0 0.0 15895 966 7941.421052631579 19
210 0.1 4284.0 0.0 15895 966 7944.1 20
220 0.1 2748.0 0.0 15895 966 7769.809523809524 21
230 0.1 1233.0 0.0 15895 966 7541.545454545455 22
240 0.1 1491.0 0.0 15895 966 7267.260869565217 23
250 0.1 2264.0 0.0 15895 966 7026.583333333333 24
260 0.1 8655.0 0.0 15895 966 6836.08 25
270 0.1 2193.0 0.0 15895 966 6906.038461538462 26
280 0.1 557.0 0.0 15895 557 6731.481481481482 27
290 0.1 212.0 0.0 15895 212 6510.964285714285 28
299 0.1 50.0 0.0 15895 50 6293.758620689655 29
