0 0.7 23.374790736607142 39.77828348739609 112.35498046875 0.541015625 0 0
10 0.4 0.76568603515625 0.051408090007746376 112.35498046875 0.541015625 23.374790736607142 7
20 0.7 0.732421875 0.054842980906924216 112.35498046875 0.541015625 15.153298117897727 11
30 0.3 0.7722981770833334 0.08797226869612483 112.35498046875 0.541015625 9.545179578993055 18
40 1.8 0.7867024739583334 0.19204446351049448 112.35498046875 0.541015625 8.291910807291666 21
50 2.3 0.7975968070652174 0.08650755690601948 112.35498046875 0.541015625 4.827968499599359 39
60 2.5 0.767587890625 0.0650467777659239 112.35498046875 0.541015625 3.3328306136592736 62
70 4.4 0.7694535688920453 0.16480518674568137 112.35498046875 0.51904296875 2.595691900143678 87
80 4.4 0.6900579279119318 0.06875157962585052 112.35498046875 0.51904296875 1.982298872853053 131
90 4.7 0.7032081117021279 0.16412308550437052 112.35498046875 0.51904296875 1.6573925781249996 175
100 7.2 1.0589531792534723 3.326300756848033 112.35498046875 0.51904296875 1.4553805514498872 222
110 6.5 0.6403883713942308 0.06081837960235457 112.35498046875 0.51806640625 1.3582962970344385 294
120 5 0.7099169921875 0.38826443945494044 112.35498046875 0.51806640625 1.2283129678795264 359
130 0 0 0 112.35498046875 0.51806640625 1.1649393767191318 409
140 0 0 0 112.35498046875 0.51806640625 1.1649393767191318 409
150 0 0 0 112.35498046875 0.51806640625 1.1649393767191318 409
160 0 0 0 112.35498046875 0.51806640625 1.1649393767191318 409
170 0 0 0 112.35498046875 0.51806640625 1.1649393767191318 409
180 0 0 0 112.35498046875 0.51806640625 1.1649393767191318 409
190 0 0 0 112.35498046875 0.51806640625 1.1649393767191318 409
200 0 0 0 112.35498046875 0.51806640625 1.1649393767191318 409
210 0 0 0 112.35498046875 0.51806640625 1.1649393767191318 409
212 0 0 0 112.35498046875 0.51806640625 1.1649393767191318 409
