0 1.6 54.58958435058594 37.02440197641548 123.576171875 6.406005859375 0 0
10 3.2 513.1857452392578 1416.0937932178856 5480.406005859375 6.406005859375 54.58958435058594 16
20 5.3 944.9904508770634 2522.7629990990486 9132.0859375 6.406005859375 360.3203582763672 48
30 4.4 994.1510231711648 2702.4000137807757 10528.216064453125 6.406005859375 667.127436571782 101
40 6.7 1107.7451682019591 2656.9697747775963 11443.73583984375 6.406005859375 766.3621800915947 145
50 5.1 2873.379097732843 3414.8565787953994 12696.488037109375 6.406005859375 874.2520867113797 212
60 5.2 5597.073350172776 3200.0840845887415 16198.4150390625 6.406005859375 1261.9154994950095 263
70 12.4 6301.2348357169885 3721.264330573663 18754.906982421875 6.406005859375 1977.5606050037202 315
80 22.6 3449.905828695382 4869.928546254025 20438.751953125 0.68994140625 3198.826219145965 439
90 36.4 1226.081766317179 3901.7081330991123 20740.508056640625 0.68701171875 3284.1555300605037 665
100 59 1860.835940396581 5402.876546764723 26116.0810546875 0.6630859375 2556.129436763545 1029
110 68.4 1297.901197645399 5445.112597462326 29912.386962890625 0.643798828125 2302.748854393867 1619
120 73.5 1884.7181667198129 6732.178698161499 37498.90185546875 0.643798828125 2004.3051734490334 2303
130 46.3 2020.5456832984612 6538.253347212358 40553.158203125 0.643798828125 1975.3728331113189 3038
140 27.9 1953.8723897079421 5817.78917240957 40553.158203125 0.643798828125 1981.3468490029632 3501
150 15.5 7139.746268586189 11073.96518128555 48285.072021484375 0.643798828125 1979.3189722454736 3780
160 19.7 12043.327807741116 12022.120108067063 48285.072021484375 0.643798828125 2182.5886624444092 3935
170 10.9 6967.047593982941 4901.267676194368 48285.072021484375 0.643798828125 2652.715867580772 4132
180 16.9 2412.656184992141 3506.82984704932 48285.072021484375 0.643798828125 2763.6006018834923 4241
190 6.5 383.10422175480767 2080.1374783852502 48285.072021484375 0.643798828125 2750.1517115309666 4410
200 1.8 9.987358940972221 3.806653059710206 48285.072021484375 0.643798828125 2715.770016148743 4475
210 0.5 9.892578125 3.249101048635559 48285.072021484375 0.643798828125 2704.930023308827 4493
212 0.1 7.302978515625 0.0 48285.072021484375 0.643798828125 2701.9342057841677 4498
