10 0.1 1396 0 1396 1396 0 0
20 0.1 3683.0 0.0 3683 1396 1396.0 1
30 0.1 3821.0 0.0 3821 1396 2539.5 2
40 0.1 5056.0 0.0 5056 1396 2966.6666666666665 3
50 0.1 4716.0 0.0 5056 1396 3489.0 4
60 0.1 6790.0 0.0 6790 1396 3734.4 5
70 0.1 3560.0 0.0 6790 1396 4243.666666666667 6
80 0.1 11616.0 0.0 11616 1396 4146.0 7
90 0.1 7443.0 0.0 11616 1396 5079.75 8
100 0.1 5734.0 0.0 11616 1396 5342.333333333333 9
110 0.1 6042.0 0.0 11616 1396 5381.5 10
120 0.1 6075.0 0.0 11616 1396 5441.545454545455 11
130 0.1 8316.0 0.0 11616 1396 5494.333333333333 12
140 0.1 4425.0 0.0 11616 1396 5711.384615384615 13
150 0.1 2017.0 0.0 11616 1396 5619.5 14
160 0.1 5466.0 0.0 11616 1396 5379.333333333333 15
170 0.1 6705.0 0.0 11616 1396 5384.75 16
180 0.1 3072.0 0.0 11616 1396 5462.411764705882 17
190 0.1 5666.0 0.0 11616 1396 5329.611111111111 18
200 0.1 339.0 0.0 11616 339 5347.315789473684 19
210 0.1 136.0 0.0 11616 136 5096.9 20
