0 1.6 54.58958435058594 37.02440197641548 123.576171875 6.406005859375 0 0
10 3.2 513.1857452392578 1416.0937932178856 5480.406005859375 6.406005859375 54.58958435058594 16
20 5.7 878.6667523300439 2444.568331315974 9132.0859375 6.406005859375 360.3203582763672 48
30 4.7 930.6864091589096 2625.9922379541176 10528.216064453125 6.406005859375 641.7084007626488 105
40 7.1 1045.3297480193662 2593.4452693316657 11443.73583984375 6.406005859375 731.0634428325452 152
50 5.3 2897.5945515182784 3379.5810573454387 12696.488037109375 6.406005859375 831.1213247530129 223
60 5.4 5259.575534396702 3094.6038497594454 16198.4150390625 6.406005859375 1227.9440820666327 276
70 12.5 6250.823804687503 3735.008957937937 18754.906982421875 6.406005859375 1887.6655924479167 330
80 22.9 3477.57104065741 4873.4828587499 20438.751953125 0.6630859375 3086.335430975276 455
90 37.8 1166.8435452577291 3793.5728973997134 20740.508056640625 0.662109375 3217.3192827548205 684
100 61.9 1755.1228843775266 5225.303465904265 26116.0810546875 0.64697265625 2487.488935510093 1062
110 72.9 1274.244549870328 5380.537642177013 29912.386962890625 0.623046875 2217.8074449383744 1681
120 79.4 1776.206497768913 6548.161062003463 37498.90185546875 0.623046875 1932.389457177127 2410
130 52 1823.2160381610563 5968.732532025147 37498.90185546875 0.623046875 1893.6849410191612 3204
140 33 1838.400808623342 5597.762512902773 37498.90185546875 0.623046875 1883.8450297715203 3724
150 18.5 6607.60322529561 10487.153888964423 37498.90185546875 0.623046875 1880.145820847273 4054
160 24 8863.543924967444 9610.923434056285 37498.90185546875 0.623046875 2086.463258880522 4239
170 12.8 6259.555002212524 4737.6871651472675 37498.90185546875 0.623046875 2449.602209508086 4479
180 19.1 1859.0864794666231 2922.1087171174186 37498.90185546875 0.623046875 2555.4572035315655 4607
190 8 311.2509307861328 1880.9584515400595 37498.90185546875 0.623046875 2527.735901260535 4798
200 2.3 7.790973165760869 0.6457632707494075 37498.90185546875 0.623046875 2491.3851842375843 4878
210 0.6 8.222981770833334 0.6373113151431954 37498.90185546875 0.623046875 2479.7298757587732 4901
212 0.1 7.302978515625 0.0 37498.90185546875 0.623046875 2476.7078579548347 4907
