10 0.1 631 0 631 631 0 0
20 0.1 1075.0 0.0 1075 631 631.0 1
30 0.1 980.0 0.0 1075 631 853.0 2
40 0.1 1701.0 0.0 1701 631 895.3333333333334 3
50 0.1 1929.0 0.0 1929 631 1096.75 4
60 0.1 3198.0 0.0 3198 631 1263.2 5
70 0.1 1387.0 0.0 3198 631 1585.6666666666667 6
80 0.1 5202.0 0.0 5202 631 1557.2857142857142 7
90 0.1 3575.0 0.0 5202 631 2012.875 8
100 0.1 2978.0 0.0 5202 631 2186.4444444444443 9
110 0.1 3782.0 0.0 5202 631 2265.6 10
120 0.1 3923.0 0.0 5202 631 2403.4545454545455 11
130 0.1 4738.0 0.0 5202 631 2530.0833333333335 12
140 0.1 2706.0 0.0 5202 631 2699.923076923077 13
150 0.1 1326.0 0.0 5202 631 2700.3571428571427 14
160 0.1 2560.0 0.0 5202 631 2608.733333333333 15
170 0.1 3084.0 0.0 5202 631 2605.6875 16
180 0.1 1554.0 0.0 5202 631 2633.823529411765 17
190 0.1 2405.0 0.0 5202 631 2573.8333333333335 18
200 0.1 245.0 0.0 5202 245 2564.9473684210525 19
210 0.1 96.0 0.0 5202 96 2448.95 20
