20 0.3 23850.387288411457 2455.9518372355537 27308.0869140625 21837.31201171875 0 0
30 0.2 26317.198364257813 3912.8604736328125 30230.058837890625 21837.31201171875 23850.387288411457 3
40 0.4 29265.153442382813 3724.2865485637785 34467.101806640625 21837.31201171875 24837.11171875 5
50 0.1 40380.0869140625 0.0 40380.0869140625 21837.31201171875 26805.130262586805 9
60 0.1 52528.66796875 0.0 52528.66796875 21837.31201171875 28162.625927734374 10
70 0.1 54923.176025390625 0.0 54923.176025390625 21837.31201171875 30377.720658735794 11
80 0.3 65929.568359375 4644.973704389209 71072.34814453125 21837.31201171875 32423.1752726237 12
90 0.6 49297.72587076823 12234.57601736688 71072.34814453125 21837.31201171875 39124.45388997396 15
100 2 46308.261401367185 15848.145501910863 80188.15209960938 20609.574951171875 42031.10302734375 21
110 3.3 41347.173916903426 17871.024544566284 85630.10205078125 14331.898193359375 44117.52174637957 41
120 5.4 39981.840372721344 21685.371814581107 99502.92895507813 12871.239013671875 42882.096362964534 74
130 4.8 41486.311309814446 21510.493287477715 99502.92895507813 12871.239013671875 41658.55086708069 128
140 5.1 50440.70910883885 21125.449427243933 102100.07690429688 12871.239013671875 41611.57644237171 176
150 2.5 59233.67287109375 23468.3363151338 120021.8349609375 12871.239013671875 43595.21417800971 227
160 3.2 68709.73407745364 22361.046361612807 124793.7900390625 12871.239013671875 45146.64857216487 252
170 3.7 74575.58585172088 16883.13213972005 124793.7900390625 12871.239013671875 47801.64412205656 284
180 5.9 81010.41649149233 17787.283893327407 125941.31176757813 12871.239013671875 50887.73709401163 321
190 1.8 86210.13415527344 15229.65975659727 125941.31176757813 12871.239013671875 55564.67942151521 380
200 0.8 86027.15939331055 8413.346128645284 125941.31176757813 12871.239013671875 56950.65476123292 398
210 0.2 98817.8740234375 10626.70703125 125941.31176757813 12871.239013671875 57523.59081309652 406
212 0.1 96463.62182617188 0.0 125941.31176757813 12871.239013671875 57726.01377000996 408
