0 1169.97421875 1169.97421875
10 3054.73828125 4224.7125
20 5393.890625 9618.603125
30 4908.74921875 14527.35234375
40 5111.75625 19639.10859375
50 5440.32890625 25079.4375
60 6585.2734375 31664.7109375
70 10620.09921875 42284.81015625
80 9457.47265625 51742.2828125
90 3522.490625 55264.7734375
100 8821.1890625 64085.9625
110 5868.0484375 69954.0109375
120 7021.95078125 76975.96171875
130 4065.20859375 81041.1703125
140 3165.13203125 84206.30234375
150 5451.54375 89657.84609375
160 7199.2046875 96857.05078125
170 2691.38515625 99548.4359375
180 5121.3734375 104669.809375
190 1981.33203125 106651.14140625
200 96.046875 106747.18828125
210 19.31796875 106766.50625
212 0.0765625 106766.5828125
