0 0.1 2.338727778261288 0 2.338727778261288 2.338727778261288 0 0
10 0.1 2.952755905511811 0.0 2.952755905511811 2.338727778261288 2.338727778261288 1
20 0.1 2.665350444225074 0.0 2.952755905511811 2.338727778261288 2.6457418418865495 2
30 0.1 3.343166175024582 0.0 3.343166175024582 2.338727778261288 2.6522780426660577 3
40 0.1 3.74384236453202 0.0 3.74384236453202 2.338727778261288 2.8250000757556886 4
50 0.1 3.251231527093596 0.0 3.74384236453202 2.338727778261288 3.008768533510955 5
60 0.1 4.523107177974435 0.0 4.523107177974435 2.338727778261288 3.0491790324413954 6
70 0.1 4.330708661417323 0.0 4.523107177974435 2.338727778261288 3.2597401960889725 7
80 0.1 4.3095004897159646 0.0 4.523107177974435 2.338727778261288 3.393611254255016 8
90 0.1 9.21435499515034 0.0 9.21435499515034 2.338727778261288 3.495376724861788 9
100 0.1 7.262021589793916 0.0 9.21435499515034 2.338727778261288 4.067274551890643 10
110 0.1 7.9178885630498534 0.0 9.21435499515034 2.338727778261288 4.35770610079094 11
120 0.1 11.527377521613833 0.0 11.527377521613833 2.338727778261288 4.65438797264585 12
130 0.1 9.21435499515034 0.0 11.527377521613833 2.338727778261288 5.183079476412617 13
140 0.1 7.482993197278912 0.0 11.527377521613833 2.338727778261288 5.471027727751027 14
150 0.1 5.098039215686274 0.0 11.527377521613833 2.338727778261288 5.605158759052886 15
160 0.1 3.937007874015748 0.0 11.527377521613833 2.338727778261288 5.573463787592472 16
170 0.1 1.6765285996055226 0.0 11.527377521613833 1.6765285996055226 5.477201675029136 17
180 0.1 1.3793103448275863 0.0 11.527377521613833 1.3793103448275863 5.266053170838934 18
187 0.1 1.0869565217391304 0.0 11.527377521613833 1.0869565217391304 5.061487758943601 19
