0 0.1 0.3984375 0 0.3984375 0.3984375 0 0
10 0.1 0.33984375 0.0 0.3984375 0.33984375 0.3984375 1
20 0.1 0.2890625 0.0 0.3984375 0.2890625 0.369140625 2
30 0.1 0.390625 0.0 0.3984375 0.2890625 0.3424479166666667 3
40 0.1 0.328125 0.0 0.3984375 0.2890625 0.3544921875 4
50 0.1 0.28125 0.0 0.3984375 0.28125 0.34921875 5
60 0.1 0.23828125 0.0 0.3984375 0.23828125 0.337890625 6
70 0.1 0.19921875 0.0 0.3984375 0.19921875 0.3236607142857143 7
80 0.1 0.171875 0.0 0.3984375 0.171875 0.30810546875 8
90 0.1 0.140625 0.0 0.3984375 0.140625 0.29296875 9
100 0.1 0.19921875 0.0 0.3984375 0.140625 0.277734375 10
110 0.1 0.171875 0.0 0.3984375 0.140625 0.2705965909090909 11
120 0.1 0.140625 0.0 0.3984375 0.140625 0.26236979166666663 12
130 0.1 0.12109375 0.0 0.3984375 0.12109375 0.25300480769230765 13
140 0.1 0.1796875 0.0 0.3984375 0.12109375 0.24358258928571425 14
150 0.1 0.1484375 0.0 0.3984375 0.12109375 0.23932291666666664 15
160 0.1 0.12890625 0.0 0.3984375 0.12109375 0.23364257812499997 16
170 0.1 0.109375 0.0 0.3984375 0.109375 0.2274816176470588 17
180 0.1 0.08984375 0.0 0.3984375 0.08984375 0.22092013888888887 18
187 0.1 0.078125 0.0 0.3984375 0.078125 0.21402138157894737 19
