0 2.4 490.6369934082031 749.2154511029324 2233.63916015625 7.508056640625 0 0
10 6.3 520.5754665798611 1249.4412429157903 5326.831787109375 7.23681640625 490.6369934082031 24
20 5.9 3203.712576138771 2516.7665657808566 9929.867919921875 7.23681640625 512.316577429059 87
30 8.8 1847.0511752041896 2160.10432350493 9929.867919921875 7.23681640625 1599.9355084144906 146
40 11.7 1699.5045009515222 1862.8354210383873 9929.867919921875 7.23681640625 1692.8678959251467 234
50 10 2460.939470214843 1813.1618918252254 10506.4990234375 7.23681640625 1695.080097600605 351
60 8.5 3738.8164206112124 1974.5433735500155 10506.4990234375 7.23681640625 1864.8937057190612 451
70 11.4 5380.916007058662 3775.878611475159 12112.6220703125 0.75 2162.064285506063 536
80 30.3 3684.8392837574797 4048.795636780476 16417.0068359375 0.75 2726.601356670673 650
90 44.7 1264.9216445137718 3350.05738322233 16417.0068359375 0.680908203125 3031.26672068673 953
100 62.6 1788.4898693340656 5135.997429719293 24645.998046875 0.673095703125 2467.2979713657924 1400
110 86.2 1621.2929959396752 4257.029078765413 26134.763916015625 0.662109375 2257.557659484321 2026
120 79.9 1024.9976172608322 2889.245853979357 26134.763916015625 0.662109375 2067.6476387171865 2888
130 44.3 2517.25128352938 5168.163878412306 26134.763916015625 0.662109375 1841.6977154344015 3687
140 29.8 4830.833626356699 4352.578891187799 26134.763916015625 0.662109375 1914.1602410194077 4130
150 31.4 1006.3180926863562 1665.158005054673 26134.763916015625 0.662109375 2110.4494616225047 4428
160 6.8 87.96622242647057 636.09204065964 26134.763916015625 0.662109375 2037.3374308662942 4742
170 4.3 11.259334120639535 4.225006958193818 26134.763916015625 0.662109375 2009.7787526596605 4810
180 1.7 11.254466337316176 4.589107154504631 26134.763916015625 0.662109375 1992.0708740284679 4853
187 0.3 8.297688802083334 0.8153110765599305 26134.763916015625 0.662109375 1985.1563198332422 4870
