10 0.1 932 0 932 932 0 0
20 0.1 2690.0 0.0 2690 932 932.0 1
30 0.1 3158.0 0.0 3158 932 1811.0 2
40 0.1 3527.0 0.0 3527 932 2260.0 3
50 0.1 2266.0 0.0 3527 932 2576.75 4
60 0.1 4688.0 0.0 4688 932 2514.6 5
70 0.1 4295.0 0.0 4688 932 2876.8333333333335 6
80 0.1 3206.0 0.0 4688 932 3079.4285714285716 7
90 0.1 9838.0 0.0 9838 932 3095.25 8
100 0.1 4642.0 0.0 9838 932 3844.4444444444443 9
110 0.1 5082.0 0.0 9838 932 3924.2 10
120 0.1 6798.0 0.0 9838 932 4029.4545454545455 11
130 0.1 5087.0 0.0 9838 932 4260.166666666667 12
140 0.1 4989.0 0.0 9838 932 4323.7692307692305 13
150 0.1 3903.0 0.0 9838 932 4371.285714285715 14
160 0.1 2130.0 0.0 9838 932 4340.0666666666675 15
170 0.1 446.0 0.0 9838 446 4201.937500000001 16
180 0.1 161.0 0.0 9838 161 3981.000000000001 17
187 0.1 92.0 0.0 9838 92 3768.7777777777787 18
