20 0.1 27668.44287109375 0 27668.44287109375 27668.44287109375 0 0
30 0.5 30516.335009765626 4190.8904428294845 36986.56201171875 26477.1240234375 27668.44287109375 1
40 0.4 37340.17755126953 2990.320736134859 40975.754150390625 26477.1240234375 30041.68631998698 6
50 0.7 41619.18352399553 6566.658483369747 51485.384033203125 26477.1240234375 32961.0828125 10
60 0.2 52127.3740234375 5427.89599609375 57555.27001953125 26477.1240234375 36526.18310546875 17
70 0.2 57994.404541015625 1398.869384765625 59393.27392578125 26477.1240234375 38168.41372841283 19
80 0.7 60431.60501534598 10266.600652633391 69884.72680664063 26477.1240234375 40056.60332961309 21
90 1.6 56978.599197387695 13626.000336877578 83738.03002929688 21921.031982421875 45150.353751046314 28
100 2 46524.601550292966 14538.314682531896 83738.03002929688 14579.931884765625 49451.53391335227 44
110 4.5 42863.60620659722 17883.06834172946 83738.03002929688 14579.931884765625 48536.86754989624 64
120 5.6 43696.22176688058 19519.688884025283 83738.03002929688 10683.968017578125 46194.69543569022 109
130 6.7 39849.37822484259 16665.551600806884 84393.96704101563 10683.968017578125 45346.72861476089 165
140 6 49977.48849690755 19863.87691665031 100142.82202148438 10683.968017578125 43759.13173491379 232
150 10.7 52747.90761901285 16796.458961130815 110341.96606445313 10683.968017578125 45036.87627504949 292
160 2.1 54280.38459123884 12850.274367286964 110341.96606445313 10683.968017578125 47104.746835961974 399
170 1.5 62784.00735677083 9261.129918203122 110341.96606445313 10683.968017578125 47463.528723725816 420
180 0.6 71711.68139648438 7785.741399607123 110341.96606445313 10683.968017578125 47991.821090382546 435
187 0.2 77568.99450683594 422.8956298828125 110341.96606445313 10683.968017578125 48314.540278220666 441
