0 6.54140625 6.54140625
10 22.74296875 29.284375
20 18.54375 47.828125
30 36.64140625 84.46953125
40 46.3140625 130.78359375
50 42.309375 173.09296875
60 43.28984375 216.3828125
70 38.71640625 255.09921875
80 100.79765625 355.896875
90 126.60625 482.503125
100 164.32578125 646.82890625
110 229.31640625 876.1453125
120 253.95390625 1130.09921875
130 178.62109375 1308.7203125
140 135.63125 1444.3515625
150 120.75078125 1565.10234375
160 34.88125 1599.98359375
170 24.796875 1624.78046875
180 9.9078125 1634.68828125
187 1.3484375 1636.03671875
