0 1 13.29404296875 35.02646019646652 118.360107421875 1.14501953125 0 0
10 0.9 1.8775770399305556 1.3654735181033426 118.360107421875 1.059814453125 13.29404296875 10
20 1.1 1.5908203125 0.37468911780530817 118.360107421875 1.059814453125 7.886243318256579 19
30 1.5 1.6335774739583333 0.5116026292173449 118.360107421875 1.059814453125 5.577921549479167 30
40 2 1.49539794921875 0.4005825961386059 118.360107421875 0.971923828125 4.263140190972222 45
50 1.9 1.7557180304276316 1.0905876026572996 118.360107421875 0.971923828125 3.4115271935096154 65
60 4.1 2.331120188643293 4.021641850928739 118.360107421875 0.971923828125 3.0369989304315474 84
70 3.7 1.832150021114865 1.3041016233521123 118.360107421875 0.971923828125 2.805470703125 125
80 3.9 3.1092810997596154 6.13153354171301 118.360107421875 0.971923828125 2.5831690658757718 162
90 7.5 1.9233040364583323 1.6879660820772426 118.360107421875 0.900146484375 2.68525050528607 201
100 7.9 1.6413821449762658 1.1033985352091056 118.360107421875 0.900146484375 2.478199834408967 276
110 8.9 1.769188355863764 0.747803004139923 118.360107421875 0.900146484375 2.291978433098591 355
120 0 0 0 118.360107421875 0.900146484375 2.1871849266258443 444
130 0 0 0 118.360107421875 0.900146484375 2.1871849266258443 444
140 0 0 0 118.360107421875 0.900146484375 2.1871849266258443 444
150 0 0 0 118.360107421875 0.900146484375 2.1871849266258443 444
160 0 0 0 118.360107421875 0.900146484375 2.1871849266258443 444
170 0 0 0 118.360107421875 0.900146484375 2.1871849266258443 444
180 0 0 0 118.360107421875 0.900146484375 2.1871849266258443 444
190 0 0 0 118.360107421875 0.900146484375 2.1871849266258443 444
200 0 0 0 118.360107421875 0.900146484375 2.1871849266258443 444
210 0 0 0 118.360107421875 0.900146484375 2.1871849266258443 444
220 0 0 0 118.360107421875 0.900146484375 2.1871849266258443 444
230 0 0 0 118.360107421875 0.900146484375 2.1871849266258443 444
240 0 0 0 118.360107421875 0.900146484375 2.1871849266258443 444
