0 0.1 0.0 0 0.0 0.0 0 0
10 0.1 0.0 0.0 0.0 0.0 0.0 1
20 0.1 0.0 0.0 0.0 0.0 0.0 2
30 0.1 0.078125 0.0 0.078125 0.0 0.0 3
40 0.1 0.0703125 0.0 0.078125 0.0 0.01953125 4
50 0.1 0.05859375 0.0 0.078125 0.0 0.0296875 5
60 0.1 0.12109375 0.0 0.12109375 0.0 0.034505208333333336 6
70 0.1 0.1015625 0.0 0.12109375 0.0 0.046875 7
80 0.1 0.08984375 0.0 0.12109375 0.0 0.0537109375 8
90 0.1 0.078125 0.0 0.12109375 0.0 0.05772569444444445 9
100 0.1 0.05859375 0.0 0.12109375 0.0 0.059765625 10
110 0.1 0.05078125 0.0 0.12109375 0.0 0.05965909090909091 11
120 0.1 0.05078125 0.0 0.12109375 0.0 0.058919270833333336 12
130 0.1 0.0390625 0.0 0.12109375 0.0 0.05829326923076923 13
140 0.1 0.03125 0.0 0.12109375 0.0 0.056919642857142856 14
150 0.1 0.03125 0.0 0.12109375 0.0 0.05520833333333333 15
160 0.1 0.1796875 0.0 0.1796875 0.0 0.0537109375 16
170 0.1 0.16015625 0.0 0.1796875 0.0 0.06112132352941176 17
180 0.1 0.12890625 0.0 0.1796875 0.0 0.0666232638888889 18
190 0.1 0.109375 0.0 0.1796875 0.0 0.06990131578947369 19
200 0.1 0.08984375 0.0 0.1796875 0.0 0.071875 20
210 0.1 0.078125 0.0 0.1796875 0.0 0.07273065476190477 21
220 0.1 0.0703125 0.0 0.1796875 0.0 0.07297585227272728 22
230 0.1 0.05859375 0.0 0.1796875 0.0 0.0728600543478261 23
240 0.1 0.05078125 0.0 0.1796875 0.0 0.07226562500000001 24
