0 2.5 63.99498046875 65.12448501215185 255.055908203125 10.009033203125 0 0
10 5.5 525.5510786576707 1305.2114265972034 4942.348876953125 9.85400390625 63.99498046875 25
20 9.1 729.1101744934753 1596.6248854522344 6963.998046875 8.991943359375 381.314797973633 80
30 11.2 403.19927324567533 1181.886678315135 6963.998046875 8.991943359375 566.3988872327303 171
40 14.2 365.6067083654269 1154.8315761763895 6963.998046875 8.991943359375 501.81105413537995 283
50 17.6 519.6142508766866 1485.024676195105 8448.1689453125 8.56396484375 456.3027786075368 425
60 25.3 523.4465930320531 1729.6764652115548 11127.14892578125 8.56396484375 474.8432430324459 601
70 26.6 1022.1189726635926 2412.082371232833 11127.14892578125 8.56396484375 489.2421277512991 854
80 32.6 1128.151591856788 2838.8353270282314 12877.35009765625 8.410888671875 615.8003784179688 1120
90 42.9 1145.7254248843594 2748.602658038003 13569.266845703125 8.281982421875 731.3097114615754 1446
100 39.2 2276.6937604631685 3476.0603152881013 16615.2099609375 8.281982421875 826.1280266927083 1875
110 35.1 3961.517106537126 3886.8875669975987 18596.574951171875 8.281982421875 1076.9536851126556 2267
120 36.9 5618.300980399936 4231.281247511682 23326.39306640625 8.281982421875 1463.6923256474108 2618
130 30.8 6727.802880225247 5360.5747971342635 23326.39306640625 8.281982421875 1976.9332341186803 2987
140 26.8 8618.290318731048 7091.774433520956 23929.83203125 8.281982421875 2421.020594058232 3295
150 31.2 5758.871764354215 7396.868831354377 31488.100830078125 8.281982421875 2887.163812192477 3563
160 31.9 2788.162550205721 6330.167546531598 32965.078125 8.281982421875 3118.382620211693 3875
170 15.3 6164.857246349059 9849.196200782164 39485.31591796875 8.281982421875 3093.265738396742 4194
180 25.3 6252.163135151617 9127.308632803779 39485.31591796875 8.281982421875 3201.375584432331 4347
190 16.2 982.8126537181713 5007.196225420541 39485.31591796875 8.281982421875 3369.1688997218916 4600
200 5.8 98.30237237338362 590.9162175550891 39485.31591796875 8.281982421875 3287.986683877162 4762
210 2.6 21.95777306189904 6.449716198221848 39485.31591796875 8.281982421875 3249.60459050222 4820
220 1.3 23.90318885216346 6.087033237366694 39485.31591796875 8.281982421875 3232.287459414014 4846
230 1.1 22.89078036221591 6.071545290396291 39485.31591796875 8.281982421875 3223.703595343772 4859
240 0.3 23.044921875 5.968749360888382 39485.31591796875 8.281982421875 3216.4738333386804 4870
