10 0.1 2362 0 2362 2362 0 0
20 0.1 6920.0 0.0 6920 2362 2362.0 1
30 0.1 10092.0 0.0 10092 2362 4641.0 2
40 0.1 9414.0 0.0 10092 2362 6458.0 3
50 0.1 10964.0 0.0 10964 2362 7197.0 4
60 0.1 15481.0 0.0 15481 2362 7950.4 5
70 0.1 27551.0 0.0 27551 2362 9205.5 6
80 0.1 25611.0 0.0 27551 2362 11826.285714285714 7
90 0.1 31009.0 0.0 31009 2362 13549.375 8
100 0.1 39996.0 0.0 39996 2362 15489.333333333334 9
110 0.1 37439.0 0.0 39996 2362 17940.0 10
120 0.1 41864.0 0.0 41864 2362 19712.636363636364 11
130 0.1 38230.0 0.0 41864 2362 21558.583333333332 12
140 0.1 35664.0 0.0 41864 2362 22841.0 13
150 0.1 29395.0 0.0 41864 2362 23756.928571428572 14
160 0.1 25854.0 0.0 41864 2362 24132.8 15
170 0.1 9397.0 0.0 41864 2362 24240.375 16
180 0.1 8557.0 0.0 41864 2362 23367.235294117647 17
190 0.1 11995.0 0.0 41864 2362 22544.444444444445 18
200 0.1 1775.0 0.0 41864 1775 21989.21052631579 19
210 0.1 1037.0 0.0 41864 1037 20978.5 20
220 0.1 124.0 0.0 41864 124 20028.904761904763 21
230 0.1 98.0 0.0 41864 98 19124.136363636364 22
240 0.1 71.0 0.0 41864 71 18296.91304347826 23
