10 0.1 1199 0 1199 1199 0 0
20 0.1 3494.0 0.0 3494 1199 1199.0 1
30 0.1 4960.0 0.0 4960 1199 2346.5 2
40 0.1 4669.0 0.0 4960 1199 3217.6666666666665 3
50 0.1 5672.0 0.0 5672 1199 3580.5 4
60 0.1 7908.0 0.0 7908 1199 3998.8 5
70 0.1 14331.0 0.0 14331 1199 4650.333333333333 6
80 0.1 13181.0 0.0 14331 1199 6033.285714285715 7
90 0.1 16053.0 0.0 16053 1199 6926.75 8
100 0.1 20469.0 0.0 20469 1199 7940.777777777777 9
110 0.1 18869.0 0.0 20469 1199 9193.6 10
120 0.1 21171.0 0.0 21171 1199 10073.181818181818 11
130 0.1 18981.0 0.0 21171 1199 10998.0 12
140 0.1 17169.0 0.0 21171 1199 11612.076923076924 13
150 0.1 14738.0 0.0 21171 1199 12009.0 14
160 0.1 13067.0 0.0 21171 1199 12190.933333333332 15
170 0.1 5186.0 0.0 21171 1199 12245.6875 16
180 0.1 4482.0 0.0 21171 1199 11830.411764705883 17
190 0.1 6695.0 0.0 21171 1199 11422.166666666666 18
200 0.1 1173.0 0.0 21171 1173 11173.368421052632 19
210 0.1 649.0 0.0 21171 649 10673.35 20
220 0.1 105.0 0.0 21171 105 10196.0 21
230 0.1 81.0 0.0 21171 81 9737.318181818182 22
240 0.1 54.0 0.0 21171 54 9317.478260869566 23
