0 1.9 19
10 2 39
20 3.3 72
30 3.9 111
40 1.9 130
50 5.1 181
60 6.2 243
70 3.3 276
80 3 306
90 2.9 335
100 1.8 353
110 1.5 368
120 2.3 391
130 2.4 415
140 1.9 434
150 1.8 452
160 2.9 481
170 2 501
180 1.1 512
190 1.1 523
200 1.7 540
210 2 560
220 1.1 571
230 1.9 590
240 1.6 606
250 3.3 639
260 2.9 668
270 1.1 679
280 1.8 697
290 1.1 708
300 0.9 717
310 1.3 730
320 0.6 736
330 2.6 762
340 2.3 785
350 1.6 801
360 2.5 826
370 2.6 852
380 1.6 868
390 2.1 889
400 1.9 908
410 1.1 919
420 1.5 934
430 0.8 942
440 3.6 978
450 1.3 991
460 2.5 1016
470 0.6 1022
480 1.8 1040
486 0.5 1045
