60 0.2 2
70 20.9 211
80 36.2 573
90 62.7 1200
100 80.3 2003
110 96.3 2966
120 82.3 3789
130 44.4 4233
140 14.8 4381
150 5.1 4432
160 2 4452
170 1.4 4466
180 1.1 4477
190 0 4477
200 0 4477
210 0 4477
220 0 4477
230 0 4477
240 0 4477
250 0 4477
260 0 4477
270 0 4477
280 0 4477
290 0 4477
300 0 4477
310 0 4477
320 0 4477
330 0 4477
340 0 4477
350 0 4477
360 0 4477
370 0 4477
380 0 4477
390 0 4477
400 0 4477
410 0 4477
420 0 4477
430 0 4477
440 0 4477
450 0 4477
460 0 4477
470 0 4477
480 0 4477
486 0 4477
