0 10 10
10 22 12
20 30 8
30 50 20
40 72 22
50 90 18
60 121 31
70 164 43
80 191 27
90 243 52
100 277 34
110 312 35
120 243 -69
130 174 -69
140 127 -47
150 118 -9
160 114 -4
170 113 -1
180 108 -5
190 106 -2
200 102 -4
210 99 -3
220 98 -1
230 98 0
240 96 -2
250 88 -8
260 81 -7
270 79 -2
280 78 -1
290 76 -2
300 74 -2
310 73 -1
320 72 -1
330 68 -4
340 61 -7
350 59 -2
360 55 -4
370 48 -7
380 46 -2
390 42 -4
400 41 -1
410 39 -2
420 35 -4
430 34 -1
440 26 -8
450 23 -3
460 18 -5
470 14 -4
480 4 -10
486 0 -4
