0 1 12.1383056640625 34.017647504848014 114.191162109375 0.701171875 0 0
10 1.2 0.7720947265625 0.18296325586302747 114.191162109375 0.59912109375 12.1383056640625 10
20 0.8 0.75250244140625 0.02684041381550329 114.191162109375 0.59912109375 5.938554243607954 22
30 2 0.72724609375 0.0703262993728796 114.191162109375 0.59912109375 4.555607096354167 30
40 2.2 0.7224564985795454 0.05732493696791744 114.191162109375 0.5869140625 3.0242626953125 50
50 1.8 0.7397732204861112 0.16920457939899006 114.191162109375 0.580078125 2.3209330240885415 72
60 3.1 0.6983996975806451 0.05725012598116207 114.191162109375 0.574951171875 2.0047010633680555 90
70 4.3 0.6637104832848837 0.06089535456991856 114.191162109375 0.533935546875 1.6700288126291323 121
80 2.9 0.6777427936422413 0.13846168663040292 114.191162109375 0.533935546875 1.4061770555449695 164
90 7.5 0.6616927083333334 0.13064575841576392 114.191162109375 0.509033203125 1.2967232027202074 193
100 6.4 0.6290245056152344 0.07654381679985335 114.191162109375 0.509033203125 1.1190094449626866 268
110 9.1 0.7306967934409341 0.49812492287054355 114.191162109375 0.509033203125 1.0245545168957078 332
120 0.4 0.7275390625 0.24985559584523417 114.191162109375 0.509033203125 0.9613368979018913 423
130 0 0 0 114.191162109375 0.509033203125 0.9591467542447307 427
140 0 0 0 114.191162109375 0.509033203125 0.9591467542447307 427
150 0 0 0 114.191162109375 0.509033203125 0.9591467542447307 427
160 0 0 0 114.191162109375 0.509033203125 0.9591467542447307 427
170 0 0 0 114.191162109375 0.509033203125 0.9591467542447307 427
180 0 0 0 114.191162109375 0.509033203125 0.9591467542447307 427
190 0 0 0 114.191162109375 0.509033203125 0.9591467542447307 427
200 0 0 0 114.191162109375 0.509033203125 0.9591467542447307 427
210 0 0 0 114.191162109375 0.509033203125 0.9591467542447307 427
220 0 0 0 114.191162109375 0.509033203125 0.9591467542447307 427
230 0 0 0 114.191162109375 0.509033203125 0.9591467542447307 427
240 0 0 0 114.191162109375 0.509033203125 0.9591467542447307 427
250 0 0 0 114.191162109375 0.509033203125 0.9591467542447307 427
260 0 0 0 114.191162109375 0.509033203125 0.9591467542447307 427
270 0 0 0 114.191162109375 0.509033203125 0.9591467542447307 427
280 0 0 0 114.191162109375 0.509033203125 0.9591467542447307 427
290 0 0 0 114.191162109375 0.509033203125 0.9591467542447307 427
300 0 0 0 114.191162109375 0.509033203125 0.9591467542447307 427
310 0 0 0 114.191162109375 0.509033203125 0.9591467542447307 427
320 0 0 0 114.191162109375 0.509033203125 0.9591467542447307 427
330 0 0 0 114.191162109375 0.509033203125 0.9591467542447307 427
340 0 0 0 114.191162109375 0.509033203125 0.9591467542447307 427
350 0 0 0 114.191162109375 0.509033203125 0.9591467542447307 427
360 0 0 0 114.191162109375 0.509033203125 0.9591467542447307 427
370 0 0 0 114.191162109375 0.509033203125 0.9591467542447307 427
380 0 0 0 114.191162109375 0.509033203125 0.9591467542447307 427
390 0 0 0 114.191162109375 0.509033203125 0.9591467542447307 427
400 0 0 0 114.191162109375 0.509033203125 0.9591467542447307 427
410 0 0 0 114.191162109375 0.509033203125 0.9591467542447307 427
420 0 0 0 114.191162109375 0.509033203125 0.9591467542447307 427
430 0 0 0 114.191162109375 0.509033203125 0.9591467542447307 427
440 0 0 0 114.191162109375 0.509033203125 0.9591467542447307 427
450 0 0 0 114.191162109375 0.509033203125 0.9591467542447307 427
460 0 0 0 114.191162109375 0.509033203125 0.9591467542447307 427
470 0 0 0 114.191162109375 0.509033203125 0.9591467542447307 427
480 0 0 0 114.191162109375 0.509033203125 0.9591467542447307 427
486 0 0 0 114.191162109375 0.509033203125 0.9591467542447307 427
