0 0.1 2.327404898521107 0 2.327404898521107 2.327404898521107 0 0
10 0.1 2.8515240904621435 0.0 2.8515240904621435 2.327404898521107 2.327404898521107 1
20 0.1 2.359882005899705 0.0 2.8515240904621435 2.327404898521107 2.589464494491625 2
30 0.1 2.4630541871921183 0.0 2.8515240904621435 2.327404898521107 2.512936998294318 3
40 0.1 2.8515240904621435 0.0 2.8515240904621435 2.327404898521107 2.500466295518768 4
50 0.1 2.4703557312252964 0.0 2.8515240904621435 2.327404898521107 2.5706778545074433 5
60 0.1 2.9469548133595285 0.0 2.9469548133595285 2.327404898521107 2.5539575006270856 6
70 0.1 3.1714568880079286 0.0 3.1714568880079286 2.327404898521107 2.610099973874578 7
80 0.1 4.789833822091887 0.0 4.789833822091887 2.327404898521107 2.6802695881412464 8
90 0.1 5.47945205479452 0.0 5.47945205479452 2.327404898521107 2.914665614135762 9
100 0.1 7.722007722007722 0.0 7.722007722007722 2.327404898521107 3.1711442582016383 10
110 0.1 8.899521531100477 0.0 8.899521531100477 2.327404898521107 3.584859118547646 11
120 0.1 9.282296650717702 0.0 9.282296650717702 2.327404898521107 4.027747652927048 12
130 0.1 7.545367717287488 0.0 9.282296650717702 2.327404898521107 4.431943729680176 13
140 0.1 5.517909002904163 0.0 9.282296650717702 2.327404898521107 4.654331157366413 14
150 0.1 3.048180924287119 0.0 9.282296650717702 2.327404898521107 4.711903013735596 15
160 0.1 2.0792079207920793 0.0 9.282296650717702 2.0792079207920793 4.607920383145067 16
170 0.1 2.263779527559055 0.0 9.282296650717702 2.0792079207920793 4.45917259124195 17
180 0.1 1.9723865877712032 0.0 9.282296650717702 1.9723865877712032 4.337206309926234 18
190 0.1 1.5794669299111548 0.0 9.282296650717702 1.5794669299111548 4.212742114023337 19
200 0.1 1.966568338249754 0.0 9.282296650717702 1.5794669299111548 4.081078354817728 20
210 0.1 2.4582104228121926 0.0 9.282296650717702 1.5794669299111548 3.9803874016478242 21
220 0.1 2.1653543307086616 0.0 9.282296650717702 1.5794669299111548 3.911197538973477 22
230 0.1 1.3820335636722607 0.0 9.282296650717702 1.3820335636722607 3.8352913125271813 23
240 0.1 1.87192118226601 0.0 9.282296650717702 1.3820335636722607 3.733072239658226 24
250 0.1 2.0689655172413794 0.0 9.282296650717702 1.3820335636722607 3.6586261973625374 25
260 0.1 2.066929133858268 0.0 9.282296650717702 1.3820335636722607 3.597485401973262 26
270 0.1 2.2615535889872174 0.0 9.282296650717702 1.3820335636722607 3.540798132783818 27
280 0.1 1.282051282051282 0.0 9.282296650717702 1.282051282051282 3.495110827648225 28
290 0.1 1.6765285996055226 0.0 9.282296650717702 1.282051282051282 3.4187984295241924 29
300 0.1 2.0648967551622417 0.0 9.282296650717702 1.282051282051282 3.3607227685269034 30
310 0.1 1.5810276679841897 0.0 9.282296650717702 1.282051282051282 3.3189219293861076 31
320 0.1 2.0648967551622417 0.0 9.282296650717702 1.282051282051282 3.2646127337172977 32
330 0.1 1.7751479289940828 0.0 9.282296650717702 1.282051282051282 3.228257704064114 33
340 0.1 1.671583087512291 0.0 9.282296650717702 1.282051282051282 3.185519181267937 34
350 0.1 1.7786561264822136 0.0 9.282296650717702 1.282051282051282 3.1422638643034895 35
360 0.1 1.6748768472906401 0.0 9.282296650717702 1.282051282051282 3.104385871586232 36
370 0.1 2.274975272007913 0.0 9.282296650717702 1.282051282051282 3.065750492551216 37
380 0.1 1.8737672583826428 0.0 9.282296650717702 1.282051282051282 3.044940618326392 38
390 0.1 2.263779527559055 0.0 9.282296650717702 1.282051282051282 3.014910532173988 39
400 0.1 1.4807502467917077 0.0 9.282296650717702 1.282051282051282 2.9961322570586146 40
410 0.1 1.8756169792694966 0.0 9.282296650717702 1.282051282051282 2.959171720222837 41
420 0.1 1.7733990147783252 0.0 9.282296650717702 1.282051282051282 2.9333727978191857 42
430 0.1 1.8682399213372665 0.0 9.282296650717702 1.282051282051282 2.9063966633298635 43
440 0.1 1.7716535433070866 0.0 9.282296650717702 1.282051282051282 2.882802191920941 44
450 0.1 1.9723865877712032 0.0 9.282296650717702 1.282051282051282 2.8581099997295216 45
460 0.1 1.9646365422396856 0.0 9.282296650717702 1.282051282051282 2.8388551429478195 46
470 0.1 1.7733990147783252 0.0 9.282296650717702 1.282051282051282 2.8202547471880717 47
480 0.1 1.8737672583826428 0.0 9.282296650717702 1.282051282051282 2.798445252762869 48
486 0.1 1.6748768472906401 0.0 9.282296650717702 1.282051282051282 2.7795742732857214 49
