0 0 0
10 0 0
20 0 0
30 0 0
40 0 0
50 0 0
60 0 0
70 0 0
80 0.2 2
90 2.4 26
100 3.1 57
110 5.4 111
120 7.3 184
130 7.1 255
140 4.5 300
150 0.9 309
160 0.4 313
170 0.1 314
180 0.5 319
190 0.2 321
200 0.4 325
210 0.3 328
220 0.1 329
230 0 329
240 0.2 331
250 0.8 339
260 0.7 346
270 0.2 348
280 0.2 350
290 0.1 351
300 0.2 353
310 0.1 354
320 0.1 355
330 0.4 359
340 0.7 366
350 0.2 368
360 0.4 372
370 0.7 379
380 0.2 381
390 0.4 385
400 0.1 386
410 0.2 388
420 0.4 392
430 0.1 393
440 0.8 401
450 0.3 404
460 0.5 409
470 0.4 413
480 1 423
486 0.4 427
