0 0.1 3160.78515625 0 3160.78515625 3160.78515625 0 0
10 0.1 3157.96875 0.0 3160.78515625 3157.96875 3160.78515625 1
20 0.1 3157.41015625 0.0 3160.78515625 3157.41015625 3159.376953125 2
30 0.1 3156.47265625 0.0 3160.78515625 3156.47265625 3158.7213541666665 3
40 0.1 3153.58203125 0.0 3160.78515625 3153.58203125 3158.1591796875 4
50 0.1 3151.91796875 0.0 3160.78515625 3151.91796875 3157.24375 5
60 0.1 3150.3203125 0.0 3160.78515625 3150.3203125 3156.3561197916665 6
70 0.1 3147.21875 0.0 3160.78515625 3147.21875 3155.4938616071427 7
80 0.1 3144.625 0.0 3160.78515625 3144.625 3154.45947265625 8
90 0.1 3141.54296875 0.0 3160.78515625 3141.54296875 3153.366753472222 9
100 0.1 3138.8984375 0.0 3160.78515625 3138.8984375 3152.184375 10
110 0.1 3136.6328125 0.0 3160.78515625 3136.6328125 3150.9765625 11
120 0.1 3135.46484375 0.0 3160.78515625 3135.46484375 3149.78125 12
130 0.1 3135.38671875 0.0 3160.78515625 3135.38671875 3148.679987980769 13
140 0.1 3135.2421875 0.0 3160.78515625 3135.2421875 3147.73046875 14
150 0.1 3135.25390625 0.0 3160.78515625 3135.2421875 3146.897916666667 15
160 0.1 3135.27734375 0.0 3160.78515625 3135.2421875 3146.170166015625 16
170 0.1 3135.1484375 0.0 3160.78515625 3135.1484375 3145.529411764706 17
180 0.1 3135.1875 0.0 3160.78515625 3135.1484375 3144.952690972222 18
190 0.1 3135.19921875 0.0 3160.78515625 3135.1484375 3144.4387335526317 19
200 0.1 3135.2109375 0.0 3160.78515625 3135.1484375 3143.9767578125 20
210 0.1 3135.05859375 0.0 3160.78515625 3135.05859375 3143.5593377976193 21
220 0.1 3135.10546875 0.0 3160.78515625 3135.05859375 3143.172940340909 22
230 0.1 3135.1171875 0.0 3160.78515625 3135.05859375 3142.8221807065215 23
240 0.1 3135.125 0.0 3160.78515625 3135.05859375 3142.5011393229165 24
250 0.1 3134.98046875 0.0 3160.78515625 3134.98046875 3142.20609375 25
260 0.1 3135.01953125 0.0 3160.78515625 3134.98046875 3141.928185096154 26
270 0.1 3134.87890625 0.0 3160.78515625 3134.87890625 3141.672309027778 27
280 0.1 3134.91796875 0.0 3160.78515625 3134.87890625 3141.4296875 28
290 0.1 3134.91796875 0.0 3160.78515625 3134.87890625 3141.205145474138 29
300 0.1 3134.9375 0.0 3160.78515625 3134.87890625 3140.995572916667 30
310 0.1 3134.9453125 0.0 3160.78515625 3134.87890625 3140.8001512096776 31
320 0.1 3134.8046875 0.0 3160.78515625 3134.8046875 3140.6171875 32
330 0.1 3134.84375 0.0 3160.78515625 3134.8046875 3140.4410511363635 33
340 0.1 3134.8359375 0.0 3160.78515625 3134.8046875 3140.276424632353 34
350 0.1 3134.6171875 0.0 3160.78515625 3134.6171875 3140.120982142857 35
360 0.1 3134.66015625 0.0 3160.78515625 3134.6171875 3139.9680989583335 36
370 0.1 3134.703125 0.0 3160.78515625 3134.6171875 3139.8246410472975 37
380 0.1 3134.58203125 0.0 3160.78515625 3134.58203125 3139.689864309211 38
390 0.1 3134.62890625 0.0 3160.78515625 3134.58203125 3139.5588942307695 39
400 0.1 3134.640625 0.0 3160.78515625 3134.58203125 3139.4356445312505 40
410 0.1 3134.640625 0.0 3160.78515625 3134.58203125 3139.3186928353666 41
420 0.1 3134.50390625 0.0 3160.78515625 3134.50390625 3139.207310267858 42
430 0.1 3134.39453125 0.0 3160.78515625 3134.39453125 3139.0979287790706 43
440 0.1 3139.87890625 0.0 3160.78515625 3134.39453125 3138.9910333806824 44
450 0.1 3140.16796875 0.0 3160.78515625 3134.39453125 3139.0107638888894 45
460 0.1 3140.21484375 0.0 3160.78515625 3134.39453125 3139.035920516305 46
470 0.1 3140.25390625 0.0 3160.78515625 3134.39453125 3139.0610039893622 47
480 0.1 3140.2734375 0.0 3160.78515625 3134.39453125 3139.0858561197924 48
486 0.1 3140.51953125 0.0 3160.78515625 3134.39453125 3139.1100924744906 49
