0 5.91328125 5.91328125
10 12.33203125 18.2453125
20 12.95859375 31.20390625
30 12.56953125 43.7734375
40 13.89140625 57.66484375
50 16.6765625 74.34140625
60 28.05234375 102.39375
70 55.96015625 158.35390625
80 83.90234375 242.25625
90 127.096875 369.353125
100 155.7796875 525.1328125
110 162.38515625 687.51796875
120 138.43828125 825.95625
130 92.2375 918.19375
140 42.5296875 960.7234375
150 24.359375 985.0828125
160 16.7796875 1001.8625
170 11.28671875 1013.14921875
180 9.90546875 1023.0546875
190 2.6703125 1025.725
200 6.32890625 1032.05390625
210 4.45390625 1036.5078125
220 5.88203125 1042.38984375
230 5.55625 1047.94609375
240 6.221875 1054.16796875
250 5.91484375 1060.0828125
260 12.82421875 1072.90703125
270 4.1015625 1077.00859375
280 5.4953125 1082.50390625
290 3.34296875 1085.846875
300 2.640625 1088.4875
310 4.85546875 1093.34296875
320 2.9484375 1096.29140625
330 8.4875 1104.77890625
340 5.1921875 1109.97109375
350 5.21875 1115.18984375
360 6.96953125 1122.159375
370 7.35625 1129.515625
380 5.1390625 1134.6546875
390 5.5203125 1140.175
400 8.8859375 1149.0609375
410 3.375 1152.4359375
420 4.02890625 1156.46484375
430 3.0046875 1159.46953125
440 9.953125 1169.42265625
450 4.115625 1173.53828125
460 6.00546875 1179.54375
470 2.3046875 1181.8484375
480 2.33671875 1184.18515625
486 1.578125 1185.76328125
