0 1.2 12
10 1 22
20 0.8 30
30 2.2 52
40 2 72
50 1.8 90
60 3.2 122
70 4.4 166
80 2.9 195
90 7.6 271
100 6.3 334
110 9 424
120 0.3 427
130 0 427
140 0 427
150 0 427
160 0 427
170 0 427
180 0 427
190 0 427
200 0 427
210 0 427
220 0 427
230 0 427
240 0 427
250 0 427
260 0 427
270 0 427
280 0 427
290 0 427
300 0 427
310 0 427
320 0 427
330 0 427
340 0 427
350 0 427
360 0 427
370 0 427
380 0 427
390 0 427
400 0 427
410 0 427
420 0 427
430 0 427
440 0 427
450 0 427
460 0 427
470 0 427
480 0 427
486 0 427
