0 12 12
10 22 22
20 30 30
30 52 52
40 72 72
50 90 90
60 122 122
70 166 166
80 193 193
90 245 245
100 277 283
110 313 313
120 243 313
130 172 313
140 127 313
150 118 313
160 114 313
170 113 313
180 108 313
190 106 313
200 102 313
210 99 313
220 98 313
230 98 313
240 96 313
250 88 313
260 81 313
270 79 313
280 77 313
290 76 313
300 74 313
310 73 313
320 72 313
330 68 313
340 61 313
350 59 313
360 55 313
370 48 313
380 46 313
390 42 313
400 41 313
410 39 313
420 35 313
430 34 313
440 26 313
450 23 313
460 18 313
470 14 313
480 4 313
486 0 313
