0 0.1 0.01171875 0 0.01171875 0.01171875 0 0
10 0.1 0.01171875 0.0 0.01171875 0.01171875 0.01171875 1
20 0.1 0.01171875 0.0 0.01171875 0.01171875 0.01171875 2
30 0.1 0.01171875 0.0 0.01171875 0.01171875 0.01171875 3
40 0.1 0.01171875 0.0 0.01171875 0.01171875 0.01171875 4
50 0.1 0.01171875 0.0 0.01171875 0.01171875 0.01171875 5
60 0.1 0.0 0.0 0.01171875 0.0 0.01171875 6
70 0.1 0.0 0.0 0.01171875 0.0 0.010044642857142858 7
80 0.1 0.0 0.0 0.01171875 0.0 0.0087890625 8
90 0.1 0.0 0.0 0.01171875 0.0 0.0078125 9
100 0.1 0.0 0.0 0.01171875 0.0 0.00703125 10
110 0.1 0.0 0.0 0.01171875 0.0 0.006392045454545455 11
120 0.1 0.0 0.0 0.01171875 0.0 0.005859375 12
130 0.1 0.0 0.0 0.01171875 0.0 0.005408653846153846 13
140 0.1 0.078125 0.0 0.078125 0.0 0.005022321428571429 14
150 0.1 0.0703125 0.0 0.078125 0.0 0.009895833333333333 15
160 0.1 0.05859375 0.0 0.078125 0.0 0.013671875 16
170 0.1 0.05078125 0.0 0.078125 0.0 0.01631433823529412 17
180 0.1 0.0390625 0.0 0.078125 0.0 0.018229166666666668 18
190 0.1 0.0390625 0.0 0.078125 0.0 0.019325657894736843 19
200 0.1 0.03125 0.0 0.078125 0.0 0.0203125 20
210 0.1 0.03125 0.0 0.078125 0.0 0.020833333333333332 21
220 0.1 0.01953125 0.0 0.078125 0.0 0.02130681818181818 22
230 0.1 0.01953125 0.0 0.078125 0.0 0.02122961956521739 23
240 0.1 0.01953125 0.0 0.078125 0.0 0.021158854166666668 24
250 0.1 0.01171875 0.0 0.078125 0.0 0.02109375 25
260 0.1 0.01171875 0.0 0.078125 0.0 0.020733173076923076 26
270 0.1 0.01171875 0.0 0.078125 0.0 0.020399305555555556 27
280 0.1 0.01171875 0.0 0.078125 0.0 0.020089285714285716 28
290 0.1 0.01171875 0.0 0.078125 0.0 0.019800646551724137 29
300 0.1 0.01171875 0.0 0.078125 0.0 0.01953125 30
307 0.1 0.0 0.0 0.078125 0.0 0.019279233870967742 31
