0 1.3 9.289888822115387 29.706833383837736 112.197021484375 0.593017578125 0 0
10 0.8 0.71484375 0.03685391485984666 112.197021484375 0.593017578125 9.289888822115387 13
20 0.9 0.7054578993055556 0.03745348679117741 112.197021484375 0.593017578125 6.023204985119049 21
30 2.8 0.6437116350446427 0.0718105884753656 112.197021484375 0.51611328125 4.4278808593750005 30
40 1.7 0.6391314338235294 0.06323837580653718 112.197021484375 0.51611328125 2.601040544181035 58
50 1.5 0.7257161458333333 0.07962911956420035 112.197021484375 0.51611328125 2.1563411458333337 75
60 4.2 0.7095249720982143 0.24328565031572708 112.197021484375 0.5009765625 1.9179036458333336 90
70 3.5 0.6537876674107143 0.13481708905788914 112.197021484375 0.5009765625 1.5334195223721594 132
80 4.2 0.6316441127232144 0.05905184309922392 112.197021484375 0.48388671875 1.3490655407934133 167
90 7.1 0.6263754401408451 0.1330219771598738 112.197021484375 0.48388671875 1.2048947274970097 209
100 7.4 0.7082123627533784 0.5176843498616365 112.197021484375 0.48388671875 1.0581987653459821 280
110 7.7 0.6213442319399352 0.07239307773414072 112.197021484375 0.48388671875 0.985037765933969 354
120 0.7 0.5916224888392857 0.06905003192675777 112.197021484375 0.48388671875 0.9200623549883991 431
130 0 0 0 112.197021484375 0.48388671875 0.914813316031678 438
140 0.1 0.75 0.0 112.197021484375 0.48388671875 0.914813316031678 438
150 0 0 0 112.197021484375 0.48388671875 0.9144378870657744 439
160 0 0 0 112.197021484375 0.48388671875 0.9144378870657744 439
167 0 0 0 112.197021484375 0.48388671875 0.9144378870657744 439
