0 0.1 3155.21875 0 3155.21875 3155.21875 0 0
10 0.1 3155.0859375 0.0 3155.21875 3155.0859375 3155.21875 1
20 0.1 3153.76171875 0.0 3155.21875 3153.76171875 3155.15234375 2
30 0.1 3151.9375 0.0 3155.21875 3151.9375 3154.6888020833335 3
40 0.1 3150.375 0.0 3155.21875 3150.375 3154.0009765625 4
50 0.1 3148.953125 0.0 3155.21875 3148.953125 3153.27578125 5
60 0.1 3147.390625 0.0 3155.21875 3147.390625 3152.5553385416665 6
70 0.1 3144.9765625 0.0 3155.21875 3144.9765625 3151.8175223214284 7
80 0.1 3141.96484375 0.0 3155.21875 3141.96484375 3150.96240234375 8
90 0.1 3138.04296875 0.0 3155.21875 3138.04296875 3149.9626736111113 9
100 0.1 3133.0859375 0.0 3155.21875 3133.0859375 3148.770703125 10
110 0.1 3126.9609375 0.0 3155.21875 3126.9609375 3147.344815340909 11
120 0.1 3119.421875 0.0 3155.21875 3119.421875 3145.6461588541665 12
130 0.1 3107.66015625 0.0 3155.21875 3107.66015625 3143.62890625 13
140 0.1 3103.5625 0.0 3155.21875 3103.5625 3141.0597098214284 14
150 0.1 3102.84375 0.0 3155.21875 3102.84375 3138.5598958333335 15
160 0.1 3101.65234375 0.0 3155.21875 3101.65234375 3136.32763671875 16
170 0.1 3101.3046875 0.0 3155.21875 3101.3046875 3134.287913602941 17
180 0.1 3101.07421875 0.0 3155.21875 3101.07421875 3132.455512152778 18
190 0.1 3101.20703125 0.0 3155.21875 3101.07421875 3130.8038651315787 19
200 0.1 3101.24609375 0.0 3155.21875 3101.07421875 3129.3240234375 20
210 0.1 3101.10546875 0.0 3155.21875 3101.07421875 3127.9869791666665 21
220 0.1 3101.14453125 0.0 3155.21875 3101.07421875 3126.7650923295455 22
230 0.1 3101.13671875 0.0 3155.21875 3101.07421875 3125.6511548913045 23
240 0.1 3101.16015625 0.0 3155.21875 3101.07421875 3124.6297200520835 24
250 0.1 3101.01953125 0.0 3155.21875 3101.01953125 3123.6909375 25
260 0.1 3101.5703125 0.0 3155.21875 3101.01953125 3122.8189603365386 26
270 0.1 3101.625 0.0 3155.21875 3101.01953125 3122.0319733796296 27
280 0.1 3101.8515625 0.0 3155.21875 3101.01953125 3121.303152901786 28
290 0.1 3118.69921875 0.0 3155.21875 3101.01953125 3120.6324084051726 29
299 0.1 3125.109375 0.0 3155.21875 3101.01953125 3120.56796875 30
