0 0.1 0.01953125 0 0.01953125 0.01953125 0 0
10 0.1 0.01953125 0.0 0.01953125 0.01953125 0.01953125 1
20 0.1 0.01171875 0.0 0.01953125 0.01171875 0.01953125 2
30 0.1 0.01171875 0.0 0.01953125 0.01171875 0.016927083333333332 3
40 0.1 0.01171875 0.0 0.01953125 0.01171875 0.015625 4
50 0.1 0.01171875 0.0 0.01953125 0.01171875 0.01484375 5
60 0.1 0.01171875 0.0 0.01953125 0.01171875 0.014322916666666666 6
70 0.1 0.01171875 0.0 0.01953125 0.01171875 0.013950892857142858 7
80 0.1 0.0 0.0 0.01953125 0.0 0.013671875 8
90 0.1 0.0 0.0 0.01953125 0.0 0.012152777777777778 9
100 0.1 0.0 0.0 0.01953125 0.0 0.0109375 10
110 0.1 0.16015625 0.0 0.16015625 0.0 0.009943181818181818 11
120 0.1 0.21875 0.0 0.21875 0.0 0.0224609375 12
130 0.1 0.1796875 0.0 0.21875 0.0 0.03756009615384615 13
140 0.1 0.16015625 0.0 0.21875 0.0 0.04771205357142857 14
150 0.1 0.2109375 0.0 0.21875 0.0 0.05520833333333333 15
160 0.1 0.1796875 0.0 0.21875 0.0 0.06494140625 16
170 0.1 0.1484375 0.0 0.21875 0.0 0.07169117647058823 17
180 0.1 0.19921875 0.0 0.21875 0.0 0.0759548611111111 18
190 0.1 0.171875 0.0 0.21875 0.0 0.08244243421052631 19
200 0.1 0.2109375 0.0 0.21875 0.0 0.0869140625 20
210 0.1 0.1796875 0.0 0.21875 0.0 0.09281994047619048 21
220 0.1 0.1484375 0.0 0.21875 0.0 0.09676846590909091 22
230 0.1 0.12890625 0.0 0.21875 0.0 0.09901494565217392 23
240 0.1 0.109375 0.0 0.21875 0.0 0.10026041666666667 24
250 0.1 0.08984375 0.0 0.21875 0.0 0.100625 25
260 0.1 0.078125 0.0 0.21875 0.0 0.10021033653846154 26
270 0.1 0.0703125 0.0 0.21875 0.0 0.0993923611111111 27
280 0.1 0.05859375 0.0 0.21875 0.0 0.09835379464285714 28
290 0.1 0.05078125 0.0 0.21875 0.0 0.09698275862068965 29
299 0.1 0.0390625 0.0 0.21875 0.0 0.09544270833333333 30
