0 1.1 77.9208984375 58.733517048400685 209.130859375 10.655029296875 0 0
10 3.7 640.9256558804899 1296.0703766117576 4618.916015625 10.3369140625 77.9208984375 11
20 7.4 519.2661462732264 1300.5920562911433 5323.35400390625 8.302978515625 511.9037322998047 48
30 9.1 892.2817087697459 2314.5022760193096 9375.068115234375 8.302978515625 516.3694588082735 122
40 13.2 349.63950232303506 1250.9430032157834 9375.068115234375 8.302978515625 676.9704670077758 213
50 14.3 1882.2947016362527 3301.160285208555 12306.087158203125 8.302978515625 551.7307935631793 345
60 21.3 1610.604920866344 3319.1595753853126 17120.740966796875 7.637939453125 941.6296436747562 488
70 20.9 2110.7846189069983 3086.503625727501 17120.740966796875 7.637939453125 1144.8988791124284 701
80 22.3 2981.9385718101885 3187.93419218381 17120.740966796875 7.637939453125 1366.7341753949177 910
90 21.3 3730.3170848004693 3996.27649028637 17979.670166015625 7.637939453125 1684.6428959603238 1133
100 22.6 5117.429684259191 4892.049892083982 19063.203857421875 7.637939453125 2008.3639971660823 1346
110 21.4 10320.004753897121 6466.669272989619 25932.7509765625 2.0390625 2455.3416341145826 1572
120 41.4 8243.081731676479 6657.562614992778 28817.18994140625 1.373046875 3397.6920863169694 1786
130 28.9 6506.324570177333 6736.534198926489 30225.087890625 1.34912109375 4309.506319580078 2200
140 26.2 9453.772934309402 8265.356672545242 30225.087890625 1.34912109375 4564.580837226766 2489
150 21.6 15340.288015860098 9354.126118379587 35078.60888671875 1.344970703125 5030.218179806065 2751
160 12.7 14263.360316959892 12056.192344170548 40855.127197265625 1.344970703125 5780.799603664397 2967
170 17.4 14946.549702260687 12208.986283327811 44496.85009765625 1.344970703125 6128.984868883701 3094
180 19 16070.077596885287 12234.687369789102 44974.595947265625 1.344970703125 6598.463535042696 3268
190 34.5 6293.7140978826965 10968.748108939588 44974.595947265625 1.344970703125 7118.881890088992 3458
200 17 16320.030246151195 18159.100980068604 50402.211181640625 1.344970703125 7044.0244385215 3803
210 5.6 12464.82727922712 17588.639695756287 59617.3759765625 1.344970703125 7440.933823695688 3973
220 6.9 26357.64436495132 21600.288813875864 59958.932861328125 1.344970703125 7510.762077234968 4029
230 6.4 31415.95294570923 15494.513930608953 59958.932861328125 1.344970703125 7828.096112826092 4098
240 7.5 38133.418971354164 12054.72745339539 59993.383056640625 1.344970703125 8190.811835388447 4162
250 34.9 12487.054989003178 14184.193900499034 59993.383056640625 1.344970703125 8720.832023067804 4237
260 38.9 901.238906978029 5307.136820410209 59993.383056640625 1.344970703125 9007.446025490708 4586
270 14.3 15.94477470771418 3.3812509262854022 59993.383056640625 1.344970703125 8373.613951299467 4975
280 6.5 16.514892578125007 3.157749204923627 59993.383056640625 1.344970703125 8140.095644880433 5118
290 2 16.6859375 3.0007187095665846 59993.383056640625 1.344970703125 8038.217823367862 5183
299 0.5 16.877783203125 2.027297770836914 59993.383056640625 1.344970703125 8007.383566647248 5203
