20 0.2 17813.381469726563 143.8824462890625 17957.263916015625 17669.4990234375 0 0
30 0.2 28638.463500976563 4723.7694091796875 33362.23291015625 17669.4990234375 17813.381469726563 2
40 0.2 31842.239135742188 2716.7769775390625 34559.01611328125 17669.4990234375 23225.922485351563 4
50 0.8 41466.807678222656 5704.893516081838 47920.513916015625 17669.4990234375 26098.02803548177 6
60 1.3 35625.6108210637 8696.078227744583 50656.712158203125 17669.4990234375 34880.18783133371 14
70 1.1 35416.447443181816 11439.411364611655 56852.60693359375 14662.51708984375 35239.09519675926 27
80 0.6 42382.47285970052 6827.612285843241 56852.60693359375 14662.51708984375 35290.43400493421 38
90 0.4 50403.345275878906 13992.476058151691 59744.680908203125 14662.51708984375 36257.530212402344 44
100 0.8 50292.44204711914 15576.293605438563 79054.84497070313 14662.51708984375 37436.34813435873 48
110 0.3 60466.963704427086 9356.59466996926 79054.84497070313 14662.51708984375 39272.932979038786 56
120 0.7 73580.31417410714 14113.4436274675 88037.6220703125 14662.51708984375 40350.59555829581 59
130 0.3 84783.99096679688 15166.374464919636 101485.89990234375 14662.51708984375 43874.95965391217 66
140 1.2 77040.25134277344 11199.422846907304 101485.89990234375 14662.51708984375 45653.61318925498 69
150 0.9 97859.70651584202 9686.975652264644 113807.78393554688 14662.51708984375 50303.485508294754 81
160 0.8 93163.88687133789 21128.342657810248 120232.64404296875 14662.51708984375 55059.10760904948 90
170 1.2 96029.2998046875 18048.60858471163 138770.59692382813 14662.51708984375 58169.70183454241 98
180 1.5 101959.05146484375 13602.143513159574 138770.59692382813 14662.51708984375 62299.83979492188 110
190 5.3 99908.98582602447 12973.713810777135 141700.27807617188 14662.51708984375 67058.9451953125 125
200 3 107072.06468098958 21741.17430697198 156533.09887695313 14662.51708984375 76840.13706850202 178
210 1.1 102484.8671875 8757.231562746383 156533.09887695313 14662.51708984375 81200.51124338004 208
220 0.4 115909.72399902344 4522.165800553409 156533.09887695313 14662.51708984375 82269.5884825824 219
230 0.7 144117.21173967634 26466.488947112743 182538.58911132813 14662.51708984375 82872.99898511947 223
240 0.3 141069.49894205728 4325.29518214845 182538.58911132813 14662.51708984375 84736.9532863451 230
250 5.3 172394.61278375593 17187.109495344248 212050.751953125 14662.51708984375 85462.26503298517 233
260 8 163864.70394592284 14089.88741692111 212050.751953125 14662.51708984375 101572.10570008605 286
270 3.9 169522.08695788262 11681.621811420055 212050.751953125 14662.51708984375 115187.97416912141 366
280 2 177316.88771972657 11147.182620262962 212050.751953125 14662.51708984375 120420.14799322434 405
290 0.7 183079.15032087054 7580.4775436415985 212050.751953125 14662.51708984375 123097.64162741268 425
299 0.2 203432.6190185547 6431.9798583984375 212050.751953125 14662.51708984375 124069.5642219826 432
