0 3.81875 3.81875
10 18.2015625 22.0203125
20 38.82734375 60.84765625
30 38.1421875 98.98984375
40 75.2625 174.25234375
50 69.8171875 244.06953125
60 105.7203125 349.78984375
70 111.040625 460.83046875
80 123.678125 584.50859375
90 122.79765625 707.30625
100 131.97421875 839.28046875
110 96.0421875 935.32265625
120 203.30078125 1138.6234375
130 166.47734375 1305.10078125
140 132.06640625 1437.1671875
150 119.4265625 1556.59375
160 80.7 1637.29375
170 87.6859375 1724.9796875
180 82.3734375 1807.353125
190 166.7 1974.053125
200 86.8359375 2060.8890625
210 42.459375 2103.3484375
220 37.49921875 2140.84765625
230 36.01484375 2176.8625
240 35.8890625 2212.7515625
250 120.7109375 2333.4625
260 198.41875 2531.88125
270 84.915625 2616.796875
280 39.1953125 2655.9921875
290 11.88125 2667.8734375
299 2.9703125 2670.84375
