0 1180.159375 1180.159375
10 4404.7515625 5584.9109375
20 8701.03984375 14285.95078125
30 12096.95546875 26382.90625
40 12970.7046875 39353.6109375
50 15014.17421875 54367.78515625
60 19195.196875 73562.98203125
70 17614.3015625 91177.28359375
80 22071.74453125 113249.028125
90 22266.325 135515.353125
100 24029.10234375 159544.45546875
110 16003.3359375 175547.79140625
120 23184.8203125 198732.61171875
130 27424.946875 226157.55859375
140 22647.859375 248805.41796875
150 21837.8375 270643.25546875
160 12476.825 283120.08046875
170 17431.41328125 300551.49375
180 17881.3109375 318432.8046875
190 19443.221875 337876.0265625
200 10845.0203125 348721.046875
210 3310.80390625 352031.85078125
220 5011.34609375 357043.196875
230 3295.51875 360338.715625
240 4124.81328125 364463.52890625
250 12682.45703125 377145.9859375
260 6738.0890625 383884.075
270 986.9484375 384871.0234375
280 293.5359375 385164.559375
290 88.94140625 385253.50078125
299 22.075 385275.57578125
