0 0.1 3.0526022747941997 0 3.0526022747941997 3.0526022747941997 0 0
10 0.1 3.045186640471513 0.0 3.0526022747941997 3.045186640471513 3.0526022747941997 1
20 0.1 3.165182987141444 0.0 3.165182987141444 3.045186640471513 3.0488944576328563 2
30 0.1 3.6669970267591676 0.0 3.6669970267591676 3.045186640471513 3.0876573008023853 3
40 0.1 4.2198233562316 0.0 4.2198233562316 3.045186640471513 3.232492232291581 4
50 0.1 5.133267522211254 0.0 5.133267522211254 3.045186640471513 3.4299584570795845 5
60 0.1 7.065750736015702 0.0 7.065750736015702 3.045186640471513 3.7138433012681964 6
70 0.1 10.385756676557865 0.0 10.385756676557865 3.045186640471513 4.19268722051784 7
80 0.1 10.41869522882181 0.0 10.41869522882181 3.045186640471513 4.9668209025228425 8
90 0.1 12.378167641325536 0.0 12.378167641325536 3.045186640471513 5.572584716556062 9
100 0.1 15.068493150684931 0.0 15.068493150684931 3.045186640471513 6.253143009033009 10
110 0.1 14.814814814814813 0.0 15.068493150684931 3.045186640471513 7.054538476455911 11
120 0.1 15.804878048780488 0.0 15.804878048780488 3.045186640471513 7.701228171319152 12
130 0.1 13.229571984435799 0.0 15.804878048780488 3.045186640471513 8.324585854200793 13
140 0.1 11.753183153770813 0.0 15.804878048780488 3.045186640471513 8.674942006360435 14
150 0.1 11.42578125 0.0 15.804878048780488 3.045186640471513 8.880158082854459 15
160 0.1 9.931170108161258 0.0 15.804878048780488 3.045186640471513 9.039259530801056 16
170 0.1 5.986261040235525 0.0 15.804878048780488 3.045186640471513 9.091724858881069 17
180 0.1 4.416094210009813 0.0 15.804878048780488 3.045186640471513 8.919199091178537 18
190 0.1 5.893909626719057 0.0 15.804878048780488 3.045186640471513 8.682193571117025 19
200 0.1 2.4606299212598426 0.0 15.804878048780488 2.4606299212598426 8.542779373897128 20
210 0.1 1.8700787401574805 0.0 15.804878048780488 1.8700787401574805 8.253153209485829 21
220 0.1 1.183431952662722 0.0 15.804878048780488 1.183431952662722 7.963013460879995 22
230 0.1 1.0869565217391304 0.0 15.804878048780488 1.0869565217391304 7.668249047479243 23
240 0.1 1.27826941986234 0.0 15.804878048780488 1.0869565217391304 7.394028525573405 24
