0 0.1 3155.0390625 0 3155.0390625 3155.0390625 0 0
10 0.1 3154.6953125 0.0 3155.0390625 3154.6953125 3155.0390625 1
20 0.1 3153.25390625 0.0 3155.0390625 3153.25390625 3154.8671875 2
30 0.1 3150.59375 0.0 3155.0390625 3150.59375 3154.3294270833335 3
40 0.1 3149.140625 0.0 3155.0390625 3149.140625 3153.3955078125 4
50 0.1 3147.83203125 0.0 3155.0390625 3147.83203125 3152.54453125 5
60 0.1 3147.21484375 0.0 3155.0390625 3147.21484375 3151.7591145833335 6
70 0.1 3144.6796875 0.0 3155.0390625 3144.6796875 3151.109933035714 7
80 0.1 3139.0234375 0.0 3155.0390625 3139.0234375 3150.30615234375 8
90 0.1 3138.0625 0.0 3155.0390625 3138.0625 3149.0525173611113 9
100 0.1 3129.046875 0.0 3155.0390625 3129.046875 3147.953515625 10
110 0.1 3120.84375 0.0 3155.0390625 3120.84375 3146.2347301136365 11
120 0.1 3109.28515625 0.0 3155.0390625 3109.28515625 3144.1188151041665 12
130 0.1 3108.60546875 0.0 3155.0390625 3108.60546875 3141.4393028846152 13
140 0.1 3107.5546875 0.0 3155.0390625 3107.5546875 3139.0940290178573 14
150 0.1 3107.93359375 0.0 3155.0390625 3107.5546875 3136.99140625 15
160 0.1 3109.515625 0.0 3155.0390625 3107.5546875 3135.17529296875 16
170 0.1 3109.5234375 0.0 3155.0390625 3107.5546875 3133.665900735294 17
180 0.1 3109.5390625 0.0 3155.0390625 3107.5546875 3132.324652777778 18
190 0.1 3110.7578125 0.0 3155.0390625 3107.5546875 3131.1254111842104 19
200 0.1 3110.83203125 0.0 3155.0390625 3107.5546875 3130.10703125 20
210 0.1 3110.98828125 0.0 3155.0390625 3107.5546875 3129.1891741071427 21
220 0.1 3111.03125 0.0 3155.0390625 3107.5546875 3128.3618607954545 22
230 0.1 3111.07421875 0.0 3155.0390625 3107.5546875 3127.608355978261 23
240 0.1 3114.69921875 0.0 3155.0390625 3107.5546875 3126.91943359375 24
