0 2.5 63.99498046875 65.12448501215185 255.055908203125 10.009033203125 0 0
10 5.6 516.1622706821985 1295.2856706138307 4942.348876953125 9.85400390625 63.99498046875 25
20 9.5 698.4028962787829 1567.3909800034783 6963.998046875 8.991943359375 376.60446506076374 81
30 11.8 382.6898110599841 1154.7825102465413 6963.998046875 8.991943359375 550.302481911399 176
40 15.2 341.54415251079354 1119.8600551751347 6963.998046875 8.991943359375 483.02936912069504 294
50 18.6 491.67034977738575 1449.2458262907749 8448.1689453125 8.56396484375 434.81019215947305 446
60 26.6 497.85790832060667 1690.4578446442003 11127.14892578125 8.56396484375 451.544352471074 632
70 28.4 957.3275387186402 2334.5955265479365 11127.14892578125 8.56396484375 465.26306723273956 898
80 34.8 1056.8224599553243 2759.705772292159 12877.35009765625 8.410888671875 583.4917558131083 1182
90 45.6 1077.8774333753095 2677.3217664146946 13569.266845703125 8.281982421875 691.1512885199653 1530
100 41.4 2172.328273017625 3401.039918822478 16615.2099609375 8.281982421875 779.9464154353917 1986
110 36.3 3850.344742031465 3835.7895446908665 18596.574951171875 8.281982421875 1020.132285868327 2400
120 38.9 5448.098631557279 4192.003611641745 23326.39306640625 8.281982421875 1391.9625868409 2763
130 33.5 6207.8160892315755 5231.037053270547 23326.39306640625 8.281982421875 1892.5453664711893 3152
140 30.4 7923.71761121248 6724.722021855437 23929.83203125 8.281982421875 2307.1182635531304 3487
150 34.9 4968.416827095274 6902.134232643655 31073.035888671875 8.281982421875 2757.5129355891213 3791
160 36.7 2403.5409750457684 5976.468048223225 32965.078125 8.281982421875 2943.891065573577 4140
170 18.2 4889.438543634098 8275.189692552947 32965.078125 8.281982421875 2899.8909583573122 4507
180 29.2 5268.622509263966 8354.050570525382 32965.078125 8.281982421875 2977.1137479756476 4689
190 19.7 808.1007420883566 4556.182051825607 32965.078125 8.281982421875 3111.44833105057 4981
200 7 81.43058384486608 539.0837525558538 32965.078125 8.281982421875 3023.8161419764956 5178
210 3.2 17.81731414794921 3.5487359576280726 32965.078125 8.281982421875 2984.569383388612 5248
220 1.8 17.22918023003472 2.9901677011396117 32965.078125 8.281982421875 2966.5890678174565 5280
230 1.4 17.958827427455358 2.607709118915614 32965.078125 8.281982421875 2956.56859254819 5298
240 0.4 17.2379150390625 2.3716014180324656 32965.078125 8.281982421875 2948.8237625949346 5312
