20 0.3 22230.198893229168 4827.419681998054 28033.15283203125 16214.197021484375 0 0
30 0.6 23490.376831054688 6154.154533413335 30055.9990234375 13019.02099609375 22230.198893229168 3
40 0.7 28095.7099609375 7733.329351751286 40261.118896484375 13019.02099609375 23070.31751844618 9
50 1.2 30919.32411702474 8324.52133923121 49686.0791015625 13019.02099609375 25268.926712036133 16
60 1.4 28581.29377092634 6266.531499940329 49686.0791015625 13019.02099609375 27690.52559988839 28
70 1.1 30729.571866122158 7986.9089603107695 49686.0791015625 13019.02099609375 27987.448323567707 42
80 1.7 33347.52612304689 12531.150696401857 75444.9111328125 13019.02099609375 28556.568304097877 53
90 2.1 41153.186918712796 14091.276024362134 84280.68017578125 13019.02099609375 29720.086631556922 70
100 2.2 38728.05914861506 10097.827379247845 84280.68017578125 13019.02099609375 32358.494390131353 91
110 1.3 44621.057804987984 10701.355535751427 84280.68017578125 13019.02099609375 33598.58664399543 113
120 1.8 51538.25052897135 9537.715219308697 84280.68017578125 13019.02099609375 34735.82573203435 126
130 1.6 52820.940200805664 9340.208295979035 84280.68017578125 13019.02099609375 36836.12883165148 144
140 2.5 56647.08267578125 12603.297164503543 96978.70703125 13019.02099609375 38434.609968566896 160
150 3.6 58917.75069851345 9828.817974118885 96978.70703125 13019.02099609375 40895.75492900127 185
160 6.1 61774.31383676998 9708.853555663844 96978.70703125 13019.02099609375 43831.46464711185 221
170 3.6 67948.58184814453 12534.893679304798 107660.74609375 13019.02099609375 47712.71925905917 282
180 3.9 89769.30043694912 15429.908060141448 115110.40991210938 13019.02099609375 50003.571627634876 318
190 4.4 91587.902232777 9441.632997018158 123955.81616210938 13019.02099609375 54347.726875711225 357
200 2.3 96167.40066661006 8582.322909834293 123955.81616210938 13019.02099609375 58433.93065553889 401
210 1 105651.65339355469 8439.885612508318 125657.07788085938 13019.02099609375 60480.79341557341 424
220 0.4 114308.11047363281 5297.655554990108 125657.07788085938 13019.02099609375 61521.596640872514 434
230 0.4 125451.86779785156 5613.057904607136 133831.916015625 13019.02099609375 62003.66526034978 438
240 0.1 152671.30810546875 0.0 152671.30810546875 13019.02099609375 62577.85713851722 442
