0 1980.234375 1980.234375
10 7847.97265625 9828.20703125
20 11377.2609375 21205.46796875
30 8116.5328125 29322.00078125
40 12097.65625 41419.65703125
50 18126.90390625 59546.5609375
60 27639.13203125 87185.69296875
70 26054.3171875 113240.01015625
80 35318.95859375 148558.96875
90 40142.0890625 188701.0578125
100 44402.78125 233103.8390625
110 37447.3359375 270551.175
120 48564.453125 319115.628125
130 43124.72734375 362240.35546875
140 30044.6734375 392285.02890625
150 23512.6609375 415797.68984375
160 19878.39453125 435676.084375
170 9239.0875 444915.171875
180 12089.66484375 457004.83671875
190 4857.23203125 461862.06875
200 1159.7984375 463021.8671875
210 133.9921875 463155.859375
220 104.21171875 463260.07109375
230 66.10625 463326.17734375
240 21.26796875 463347.4453125
