0 10.2078125 10.2078125
10 27.46015625 37.66796875
20 44.5515625 82.21953125
30 60.72421875 142.94375
40 74.62265625 217.56640625
50 95.784375 313.35078125
60 128.9671875 442.31796875
70 146.23359375 588.5515625
80 182.57109375 771.12265625
90 231.3390625 1002.46171875
100 226.80546875 1229.2671875
110 208.1328125 1437.4
120 212.89453125 1650.29453125
130 165.284375 1815.57890625
140 139.7765625 1955.35546875
150 172.02265625 2127.378125
160 192.78125 2320.159375
170 106.28984375 2426.44921875
180 115.77265625 2542.221875
190 110.5921875 2652.8140625
200 42.12109375 2694.93515625
210 18.584375 2713.51953125
220 10.7734375 2724.29296875
230 8.4390625 2732.73203125
240 2.4015625 2735.13359375
