0 1 11.2441162109375 31.131078462151084 104.636962890625 0.73291015625 0 0
10 1.5 0.775 0.06438217419397135 104.636962890625 0.6240234375 11.2441162109375 10
20 1 0.8576904296875 0.16868398046054997 104.636962890625 0.6240234375 4.962646484375 25
30 2.8 1.0250331333705358 0.6731503427965975 104.636962890625 0.6240234375 3.7898018973214285 35
40 2.4 0.8530476888020834 0.35636423602704304 104.636962890625 0.6240234375 2.5610157800099205 63
50 1.9 0.7559236225328947 0.06436115826124669 104.636962890625 0.6240234375 2.0898521686422415 87
60 4.1 0.7889612709603658 0.13113953215509838 104.636962890625 0.6240234375 1.8507517688679247 106
70 4.2 0.7371535528273808 0.06402092785195164 104.636962890625 0.6240234375 1.554606119791667 147
80 4.5 0.7675075954861111 0.08462933832061711 104.636962890625 0.6240234375 1.3729499937996035 189
90 8.2 1.0073510146722562 0.734538492163818 104.636962890625 0.6240234375 1.256518763354701 234
100 10 0.73248291015625 0.15570893783552373 104.636962890625 0.571044921875 1.1918613095826742 316
110 12.3 0.7403614075203252 0.10018518690602461 104.636962890625 0.571044921875 1.081433809720553 416
120 17.7 0.690517964336158 0.054845208021676896 104.636962890625 0.56298828125 1.0036009609809833 539
130 22.1 0.6893073034502264 0.13181143437774334 104.636962890625 0.56298828125 0.9262047453299581 716
140 26.3 0.7002278026972434 0.18653454892719012 104.636962890625 0.56298828125 0.8703303220050693 937
150 42.7 0.7593328042666858 0.36669254849098826 104.636962890625 0.553955078125 0.8330495198567708 1200
160 45.9 0.7128693491285403 0.2213633682450868 104.636962890625 0.553955078125 0.8137028464966194 1627
170 45.4 0.673275850943007 0.11719967156182305 104.636962890625 0.553955078125 0.7915156100191754 2086
180 20.9 0.6762742037978469 0.10484823919732086 104.636962890625 0.553955078125 0.7703814168614666 2540
190 11.7 0.6964393028846154 0.08477553014030119 104.636962890625 0.548095703125 0.7632266669413877 2749
200 5.1 0.7361605775122549 0.0945398615164352 104.636962890625 0.548095703125 0.76050017650362 2866
210 3.4 1.0297348920036762 0.8172602499579192 104.636962890625 0.548095703125 0.7600746298637299 2917
220 2.4 0.7858683268229166 0.07665147077488654 104.636962890625 0.548095703125 0.7631815254627669 2951
230 1.3 0.9079402043269231 0.49935427988363934 104.636962890625 0.548095703125 0.7633645450367647 2975
240 0.6 0.8044026692708334 0.036713321546050795 104.636962890625 0.548095703125 0.7639935556026188 2988
250 0.5 0.899755859375 0.05557138323493086 104.636962890625 0.548095703125 0.7640745357903307 2994
260 1.3 1.4883375901442308 2.132713821105765 104.636962890625 0.548095703125 0.7643007467332861 2999
270 1 0.8828125 0.0969808799737085 104.636962890625 0.548095703125 0.767425739749336 3012
280 0.2 0.822021484375 0.06396484375 104.636962890625 0.548095703125 0.76780756225182 3022
290 0.5 0.825390625 0.05418896827336481 104.636962890625 0.548095703125 0.76784341802042 3024
300 0.5 0.826708984375 0.06817976543919932 104.636962890625 0.548095703125 0.7679384117592439 3029
310 0.2 0.9029541015625 0.0260009765625 104.636962890625 0.548095703125 0.7680352650430537 3034
320 0 0 0 104.636962890625 0.548095703125 0.7681241443819994 3036
330 0 0 0 104.636962890625 0.548095703125 0.7681241443819994 3036
340 0.2 0.8199462890625 0.0159912109375 104.636962890625 0.548095703125 0.7681241443819994 3036
350 0 0 0 104.636962890625 0.548095703125 0.7681582603429477 3038
360 0 0 0 104.636962890625 0.548095703125 0.7681582603429477 3038
367 0 0 0 104.636962890625 0.548095703125 0.7681582603429477 3038
