0 0.1 6.304449460343953 0 6.304449460343953 6.304449460343953 0 0
10 0.1 2.1696252465483234 0.0 6.304449460343953 2.1696252465483234 6.304449460343953 1
20 0.1 1.4910536779324055 0.0 6.304449460343953 1.4910536779324055 4.237037353446138 2
30 0.1 1.582591493570722 0.0 6.304449460343953 1.4910536779324055 3.3217094616082274 3
40 0.1 2.0792079207920793 0.0 6.304449460343953 1.4910536779324055 2.8869299695988513 4
50 0.1 1.4910536779324055 0.0 6.304449460343953 1.4910536779324055 2.725385559837497 5
60 0.1 2.075098814229249 0.0 6.304449460343953 1.4910536779324055 2.5196635795199818 6
70 0.1 1.5857284440039643 0.0 6.304449460343953 1.4910536779324055 2.4561543273355917 7
80 0.1 3.270564915758176 0.0 6.304449460343953 1.4910536779324055 2.3473510919191383 8
90 0.1 2.3785926660059467 0.0 6.304449460343953 1.4910536779324055 2.4499304056790314 9
100 0.1 3.084577114427861 0.0 6.304449460343953 1.4910536779324055 2.442796631711723 10
110 0.1 3.4034034034034035 0.0 6.304449460343953 1.4910536779324055 2.5011403119586446 11
120 0.1 3.4034034034034035 0.0 6.304449460343953 1.4910536779324055 2.5763289029123744 12
130 0.1 4.7 0.0 6.304449460343953 1.4910536779324055 2.639950018334761 13
140 0.1 5.141129032258065 0.0 6.304449460343953 1.4910536779324055 2.787096445596564 14
150 0.1 6.572295247724974 0.0 6.572295247724974 1.4910536779324055 2.9440319513739976 15
160 0.1 9.667673716012084 0.0 9.667673716012084 1.4910536779324055 3.1707984073959334 16
170 0.1 10.0 0.0 10.0 1.4910536779324055 3.5529675431968832 17
180 0.1 10.797174571140262 0.0 10.797174571140262 1.4910536779324055 3.9111360130192785 18
190 0.1 5.472636815920398 0.0 10.797174571140262 1.4910536779324055 4.273559095025646 19
200 0.1 2.9940119760479043 0.0 10.797174571140262 1.4910536779324055 4.333512981070383 20
210 0.1 1.9801980198019802 0.0 10.797174571140262 1.4910536779324055 4.269727218926455 21
220 0.1 1.3847675568743818 0.0 10.797174571140262 1.3847675568743818 4.165657709875342 22
230 0.1 1.1904761904761905 0.0 10.797174571140262 1.1904761904761905 4.044749442353561 23
240 0.1 0.9900990099009901 0.0 10.797174571140262 0.9900990099009901 3.925821390192004 24
250 0.1 1.089108910891089 0.0 10.797174571140262 0.9900990099009901 3.8083924949803634 25
260 0.1 0.8919722497522299 0.0 10.797174571140262 0.8919722497522299 3.7038046648230836 26
270 0.1 1.089108910891089 0.0 10.797174571140262 0.8919722497522299 3.5996627235241627 27
280 0.1 0.9891196834817012 0.0 10.797174571140262 0.8919722497522299 3.5100000873586956 28
290 0.1 0.7936507936507936 0.0 10.797174571140262 0.7936507936507936 3.423073176880179 29
300 0.1 1.2833168805528135 0.0 10.797174571140262 0.7936507936507936 3.335425764105866 30
310 0.1 0.9900990099009901 0.0 10.797174571140262 0.7936507936507936 3.2692287033460903 31
320 0.1 0.891089108910891 0.0 10.797174571140262 0.7936507936507936 3.198005900425931 32
330 0.1 0.891089108910891 0.0 10.797174571140262 0.7936507936507936 3.1280993309860814 33
340 0.1 0.6944444444444444 0.0 10.797174571140262 0.6944444444444444 3.062304912689752 34
350 0.1 0.8893280632411068 0.0 10.797174571140262 0.6944444444444444 2.994651756454172 35
360 0.1 0.9861932938856016 0.0 10.797174571140262 0.6944444444444444 2.9361705427538087 36
367 0.1 0.791295746785361 0.0 10.797174571140262 0.6944444444444444 2.8834684549465597 37
