0 0.1 3163.640625 0 3163.640625 3163.640625 0 0
10 0.1 3163.94140625 0.0 3163.94140625 3163.640625 3163.640625 1
20 0.1 3162.71875 0.0 3163.94140625 3162.71875 3163.791015625 2
30 0.1 3162.26953125 0.0 3163.94140625 3162.26953125 3163.43359375 3
40 0.1 3161.4375 0.0 3163.94140625 3161.4375 3163.142578125 4
50 0.1 3161.31640625 0.0 3163.94140625 3161.31640625 3162.8015625 5
60 0.1 3160.37890625 0.0 3163.94140625 3160.37890625 3162.5540364583335 6
70 0.1 3160.14453125 0.0 3163.94140625 3160.14453125 3162.2433035714284 7
80 0.1 3156.01953125 0.0 3163.94140625 3156.01953125 3161.98095703125 8
90 0.1 3153.671875 0.0 3163.94140625 3153.671875 3161.3185763888887 9
100 0.1 3152.39453125 0.0 3163.94140625 3152.39453125 3160.55390625 10
110 0.1 3150.265625 0.0 3163.94140625 3150.265625 3159.8121448863635 11
120 0.1 3150.08984375 0.0 3163.94140625 3150.08984375 3159.0166015625 12
130 0.1 3149.71875 0.0 3163.94140625 3149.71875 3158.3299278846152 13
140 0.1 3147.13671875 0.0 3163.94140625 3147.13671875 3157.71484375 14
150 0.1 3145.3203125 0.0 3163.94140625 3145.3203125 3157.0096354166667 15
160 0.1 3141.171875 0.0 3163.94140625 3141.171875 3156.279052734375 16
170 0.1 3137.7734375 0.0 3163.94140625 3137.7734375 3155.3903952205883 17
180 0.1 3136.6015625 0.0 3163.94140625 3136.6015625 3154.411675347222 18
190 0.1 3136.43359375 0.0 3163.94140625 3136.43359375 3153.474300986842 19
200 0.1 3136.296875 0.0 3163.94140625 3136.296875 3152.622265625 20
210 0.1 3136.34375 0.0 3163.94140625 3136.296875 3151.8448660714284 21
220 0.1 3136.3515625 0.0 3163.94140625 3136.296875 3151.1402698863635 22
230 0.1 3136.36328125 0.0 3163.94140625 3136.296875 3150.4972826086955 23
240 0.1 3136.53125 0.0 3163.94140625 3136.296875 3149.9083658854165 24
250 0.1 3136.65625 0.0 3163.94140625 3136.296875 3149.37328125 25
260 0.1 3136.6875 0.0 3163.94140625 3136.296875 3148.8841646634614 26
270 0.1 3136.7578125 0.0 3163.94140625 3136.296875 3148.4324363425926 27
280 0.1 3136.84765625 0.0 3163.94140625 3136.296875 3148.0154854910716 28
290 0.1 3136.97265625 0.0 3163.94140625 3136.296875 3147.6303879310344 29
300 0.1 3137.08203125 0.0 3163.94140625 3136.296875 3147.2751302083334 30
310 0.1 3137.203125 0.0 3163.94140625 3136.296875 3146.946320564516 31
320 0.1 3137.421875 0.0 3163.94140625 3136.296875 3146.641845703125 32
330 0.1 3137.59375 0.0 3163.94140625 3136.296875 3146.362452651515 33
340 0.1 3137.60546875 0.0 3163.94140625 3136.296875 3146.104549632353 34
350 0.1 3139.6796875 0.0 3163.94140625 3136.296875 3145.86171875 35
360 0.1 3139.7890625 0.0 3163.94140625 3136.296875 3145.689995659722 36
367 0.1 3140.03125 0.0 3163.94140625 3136.296875 3145.5305109797296 37
