0 2.4 534.8270975748696 856.4412873399477 2787.97509765625 6.48291015625 0 0
10 4.8 612.5396372477215 1392.2846270411383 6838.62890625 1.232177734375 534.8270975748696 24
20 4.6 2243.173143469769 3070.217162786441 10727.72705078125 1.232177734375 586.6354573567709 72
30 7 923.5294712611608 2089.1139971689404 11409.99609375 1.232177734375 1232.4043858414989 118
40 5.1 3120.1656661688107 2908.7657408892323 11409.99609375 1.232177734375 1117.3977687105219 188
50 4.6 2373.6425091287365 3204.1377105371844 14600.26318359375 1.232177734375 1544.7666505949264 239
60 2.5 7571.841259765625 3568.948856994475 14600.26318359375 1.232177734375 1678.5501224986292 285
70 13.2 7338.800246729995 5360.946442704099 20154.385009765625 1.232177734375 2153.815536794355 310
80 8.9 4134.447967872194 5138.431044657795 25907.60888671875 0.718994140625 3702.2725089923288 442
90 26 2774.1892080453713 5476.428460880683 25907.60888671875 0.65283203125 3774.708697015508 531
100 36.6 2758.492807190274 6663.244044969069 25907.60888671875 0.65283203125 3445.8400912857537 791
110 40.4 2414.910872355544 7208.08627849469 28875.369140625 0.64794921875 3228.4078475701567 1157
120 53.9 1112.841980320182 5323.339045586204 34186.626953125 0.64794921875 3017.8679513583033 1561
130 73.2 1132.5503803524173 6024.074185054984 35043.7001953125 0.64794921875 2528.9112854585187 2100
140 86.1 1459.4523353000702 7116.726922439558 45364.7529296875 0.64501953125 2167.987492189569 2832
150 120.6 1638.4177150947721 6716.567060610967 47518.6728515625 0.635986328125 2002.7969235240237 3693
160 146.2 593.4653493982986 3518.901635737585 47518.6728515625 0.635986328125 1913.096714223008 4899
170 146.9 366.37011835086565 2812.1919018829158 47518.6728515625 0.60888671875 1609.7951806003502 6361
180 92.7 1887.6706748394508 6862.608695056161 47518.6728515625 0.60888671875 1376.5140290748723 7830
190 34.8 2324.98614291487 7660.210803742368 47518.6728515625 0.60888671875 1430.6241364888 8757
200 14.6 4932.154885488013 9250.815131870364 47518.6728515625 0.60888671875 1464.8073301446234 9105
210 7.5 5662.454267578125 10928.852158296702 47518.6728515625 0.60888671875 1519.5292783750997 9251
220 5.1 13385.995145909927 17397.320001907734 47518.6728515625 0.60888671875 1552.8468179622996 9326
230 4 26235.204583740233 18527.079717616158 48437.694091796875 0.60888671875 1617.205415032293 9377
240 3.5 35699.017578125 16295.917114477994 48437.694091796875 0.60888671875 1721.773745365554 9417
250 1.7 35262.31913488051 22870.532194147992 53746.662109375 0.60888671875 1847.5887616739099 9452
260 3.2 30311.082839965817 25339.856275622064 59123.7138671875 0.60888671875 1907.5793009435806 9469
270 2.4 29841.805206298828 25388.24854056673 59925.577880859375 0.60888671875 2003.2441902445712 9501
280 1.7 46957.198917164525 17344.620272784567 59925.577880859375 0.60888671875 2073.3885959543145 9525
290 2.5 41953.80180664062 21449.441855454355 61490.819091796875 0.60888671875 2153.353464478793 9542
300 1.3 33806.48989633413 27356.101649213142 61490.819091796875 0.60888671875 2257.35798089502 9567
310 1.1 38401.51360529119 19366.474629052605 61490.819091796875 0.60888671875 2300.1699553105427 9580
320 0.8 40338.479095458984 3841.503960050361 61490.819091796875 0.60888671875 2341.5748953741218 9591
330 1.4 33929.44730050223 8097.994645597883 61490.819091796875 0.60888671875 2373.2422808935175 9599
340 1 21086.834521484376 17183.17324318971 61490.819091796875 0.60888671875 2419.1995127955797 9613
350 0.7 11363.691999162946 5927.391607469512 61490.819091796875 0.60888671875 2438.5984892152915 9623
360 0 0 0 61490.819091796875 0.60888671875 2445.086096128026 9630
367 0 0 0 61490.819091796875 0.60888671875 2445.086096128026 9630
