10 0.1 1503 0 1503 1503 0 0
20 0.1 2823.0 0.0 2823 1503 1503.0 1
30 0.1 3322.0 0.0 3322 1503 2163.0 2
40 0.1 4541.0 0.0 4541 1503 2549.3333333333335 3
50 0.1 2381.0 0.0 4541 1503 3047.25 4
60 0.1 3051.0 0.0 4541 1503 2914.0 5
70 0.1 1710.0 0.0 4541 1503 2936.8333333333335 6
80 0.1 6842.0 0.0 6842 1503 2761.5714285714284 7
90 0.1 4408.0 0.0 6842 1503 3271.625 8
100 0.1 3011.0 0.0 6842 1503 3397.8888888888887 9
110 0.1 3336.0 0.0 6842 1503 3359.2 10
120 0.1 3231.0 0.0 6842 1503 3357.090909090909 11
130 0.1 2527.0 0.0 6842 1503 3346.5833333333335 12
140 0.1 3425.0 0.0 6842 1503 3283.5384615384614 13
150 0.1 4914.0 0.0 6842 1503 3293.6428571428573 14
160 0.1 6201.0 0.0 6842 1503 3401.6666666666665 15
170 0.1 5520.0 0.0 6842 1503 3576.625 16
180 0.1 3782.0 0.0 6842 1503 3690.9411764705883 17
190 0.1 5409.0 0.0 6842 1503 3696.0 18
200 0.1 3499.0 0.0 6842 1503 3786.157894736842 19
210 0.1 1750.0 0.0 6842 1503 3771.8 20
220 0.1 523.0 0.0 6842 523 3675.5238095238096 21
230 0.1 1324.0 0.0 6842 523 3532.2272727272725 22
240 0.1 1276.0 0.0 6842 523 3436.217391304348 23
250 0.1 1316.0 0.0 6842 523 3346.2083333333335 24
260 0.1 394.0 0.0 6842 394 3265.0 25
270 0.1 637.0 0.0 6842 394 3154.576923076923 26
280 0.1 671.0 0.0 6842 394 3061.3333333333335 27
290 0.1 494.0 0.0 6842 394 2975.964285714286 28
300 0.1 978.0 0.0 6842 394 2890.3793103448274 29
310 0.1 293.0 0.0 6842 293 2826.633333333333 30
320 0.1 250.0 0.0 6842 250 2744.9032258064517 31
330 0.1 232.0 0.0 6842 232 2666.9375 32
340 0.1 489.0 0.0 6842 232 2593.151515151515 33
350 0.1 204.0 0.0 6842 204 2531.264705882353 34
360 0.1 49.0 0.0 6842 49 2464.7714285714287 35
367 0.1 2.0 0.0 6842 2 2397.6666666666665 36
