0 2.4 534.8270975748696 856.4412873399477 2787.97509765625 6.48291015625 0 0
10 5.1 576.4929917279412 1358.3813148533668 6838.62890625 0.572998046875 534.8270975748696 24
20 4.8 2149.6966603597 3038.8074846398517 10727.72705078125 0.572998046875 563.1599055989583 75
30 7.4 873.5941722972971 2042.5602609522696 11409.99609375 0.572998046875 1182.2962001397357 123
40 5.2 3060.157193697416 2912.3574386527803 11409.99609375 0.572998046875 1066.3370627776014 197
50 4.7 2323.1341994265294 3188.3185322825057 14600.26318359375 0.572998046875 1482.7171704395707 249
60 2.7 7010.947762948495 3965.529180546454 14600.26318359375 0.568115234375 1616.161766258446 296
70 13.5 7175.709402126731 5410.255733574851 20154.385009765625 0.568115234375 2067.1191096350135 323
80 9.3 3956.6127667170704 5096.224532739864 25907.60888671875 0.537109375 3572.92629191969 458
90 26.7 2701.451592491808 5422.314510045478 25907.60888671875 0.537109375 3637.686441023422 551
100 38.3 2636.043152970992 6538.349877013936 25907.60888671875 0.537109375 3332.093892664081 818
110 41.8 2334.0209353506275 7099.6455726092145 28875.369140625 0.51318359375 3110.1226742607064 1201
120 56.8 1056.01363104162 5191.447829843249 34186.626953125 0.506103515625 2909.745573047357 1619
130 76.3 1086.5272701558415 5904.659047646211 35043.7001953125 0.4951171875 2428.3007888410198 2187
140 92 1365.8437513268511 6894.008689619403 45364.7529296875 0.487060546875 2081.2590279065143 2950
150 127.1 1554.6168611467954 6552.511884041578 47518.6728515625 0.487060546875 1911.1861456188424 3870
160 154.3 562.300267652806 3427.8306682607695 47518.6728515625 0.487060546875 1823.032175464403 5141
170 154.2 349.01668531761715 2745.91190243617 47518.6728515625 0.487060546875 1531.992478613222 6684
180 100.4 1742.8847646523282 6613.300387569275 47518.6728515625 0.487060546875 1310.2384458802019 8226
190 39 2074.5820688100976 7271.801930508891 47518.6728515625 0.487060546875 1357.2998656036273 9230
200 16.1 4472.617330041732 8925.22206934726 47518.6728515625 0.487060546875 1386.3788738417272 9620
210 9 4718.67337782118 10197.321924063266 47518.6728515625 0.487060546875 1437.1798544621342 9781
220 5.5 12412.451313920454 17109.555182063334 47518.6728515625 0.487060546875 1467.0992564581138 9871
230 4.5 23320.157731119798 19315.4518993833 48437.694091796875 0.487060546875 1527.7474897001478 9926
240 3.8 32880.65548545435 18364.553070354094 48437.694091796875 0.487060546875 1626.0985538726363 9971
250 2 29972.93557128906 24558.691448769874 53746.662109375 0.487060546875 1744.7590757429634 10009
260 4.1 23657.380412776296 25662.245798611228 59123.7138671875 0.487060546875 1801.0521787353775 10029
270 2.5 28648.1217578125 25553.361319851665 59925.577880859375 0.487060546875 1890.0402082880764 10070
280 1.9 42014.309660259045 21836.513911438644 59925.577880859375 0.487060546875 1956.3058882026987 10095
290 2.9 36167.02959994612 24614.986633365395 61490.819091796875 0.487060546875 2031.5582188007875 10114
300 1.3 33806.48989633413 27356.101649213142 61490.819091796875 0.487060546875 2129.1554454648135 10143
310 1.2 35201.36747233073 21364.7117640152 61490.819091796875 0.487060546875 2169.7034316662016 10156
320 0.8 40338.479095458984 3841.503960050361 61490.819091796875 0.487060546875 2208.686512752745 10168
330 1.5 31667.468212890624 11525.33798864337 61490.819091796875 0.487060546875 2238.662764783174 10176
340 1 21086.834521484376 17183.17324318971 61490.819091796875 0.487060546875 2281.9786397435914 10191
350 0.7 11363.691999162946 5927.391607469512 61490.819091796875 0.487060546875 2300.4129656741284 10201
360 0 0 0 61490.819091796875 0.487060546875 2306.627988522328 10208
367 0 0 0 61490.819091796875 0.487060546875 2306.627988522328 10208
