10 0.1 781 0 781 781 0 0
20 0.1 1261.0 0.0 1261 781 781.0 1
30 0.1 1608.0 0.0 1608 781 1021.0 2
40 0.1 2218.0 0.0 2218 781 1216.6666666666667 3
50 0.1 1260.0 0.0 2218 781 1467.0 4
60 0.1 1477.0 0.0 2218 781 1425.6 5
70 0.1 915.0 0.0 2218 781 1434.1666666666667 6
80 0.1 3522.0 0.0 3522 781 1360.0 7
90 0.1 2203.0 0.0 3522 781 1630.25 8
100 0.1 2001.0 0.0 3522 781 1693.888888888889 9
110 0.1 2299.0 0.0 3522 781 1724.6 10
120 0.1 2309.0 0.0 3522 781 1776.8181818181818 11
130 0.1 2449.0 0.0 3522 781 1821.1666666666667 12
140 0.1 3196.0 0.0 3522 781 1869.4615384615386 13
150 0.1 4244.0 0.0 4244 781 1964.2142857142858 14
160 0.1 5483.0 0.0 5483 781 2116.2 15
170 0.1 5676.0 0.0 5676 781 2326.625 16
180 0.1 4865.0 0.0 5676 781 2523.6470588235293 17
190 0.1 3960.0 0.0 5676 781 2653.722222222222 18
200 0.1 2419.0 0.0 5676 781 2722.4736842105262 19
210 0.1 1166.0 0.0 5676 781 2707.3 20
220 0.1 420.0 0.0 5676 420 2633.904761904762 21
230 0.1 754.0 0.0 5676 420 2533.2727272727275 22
240 0.1 688.0 0.0 5676 420 2455.913043478261 23
250 0.1 625.0 0.0 5676 420 2382.25 24
260 0.1 243.0 0.0 5676 243 2311.96 25
270 0.1 362.0 0.0 5676 243 2232.3846153846152 26
280 0.1 349.0 0.0 5676 243 2163.1111111111113 27
290 0.1 263.0 0.0 5676 243 2098.321428571429 28
300 0.1 464.0 0.0 5676 243 2035.034482758621 29
310 0.1 164.0 0.0 5676 164 1982.666666666667 30
320 0.1 138.0 0.0 5676 138 1924.0000000000002 31
330 0.1 113.0 0.0 5676 113 1868.1875000000002 32
340 0.1 265.0 0.0 5676 113 1815.0000000000002 33
350 0.1 135.0 0.0 5676 113 1769.4117647058827 34
360 0.1 31.0 0.0 5676 31 1722.714285714286 35
367 0.1 4.0 0.0 5676 4 1675.7222222222224 36
