10 0.5 10787.979541015626 3264.8231927710167 13945.91796875 5880.2587890625 0 0
20 0.5 18004.72783203125 4006.8154278587576 24007.919921875 5880.2587890625 10787.979541015626 5
30 1 24253.272583007813 6041.312224429241 36955.72900390625 5880.2587890625 14396.353686523438 10
40 0.5 18839.465966796874 9704.709408419178 36955.72900390625 5880.2587890625 19324.813134765624 20
50 0.7 28943.828752790178 6421.0564343338865 39264.964111328125 5880.2587890625 19227.743701171876 25
60 0.7 29244.50069754464 10658.613662759533 49485.921142578125 5880.2587890625 21353.13730621338 32
70 0.9 38371.868896484375 6580.800455705651 49485.921142578125 5880.2587890625 22769.535863631812 39
80 0.9 42856.94878472222 12240.288111985798 59718.3369140625 5880.2587890625 25694.973307291668 48
90 2.3 23623.471361243206 16545.99397873082 62576.85693359375 3285.97802734375 28404.75890899123 57
100 4.7 27248.915989652593 17206.174452489788 70527.75512695313 2829.969970703125 27030.138739013673 80
110 6.4 27366.04132080078 20522.022371188967 85707.96606445313 1516.964111328125 27111.10354830524 127
120 9 27908.93246527778 21715.84421321508 85707.96606445313 1148.922119140625 27196.52772338228 191
130 10.1 21465.028554784185 17522.793450122703 93935.90698242188 897.970947265625 27424.700060644183 281
140 14.5 22040.490897764008 19716.92525816011 94160.15698242188 553.968994140625 25848.975395482248 382
150 20.1 21053.7484841418 18273.697518795965 94160.15698242188 553.968994140625 24801.10015417457 527
160 22.7 20577.6570329708 18669.08122762003 103882.94702148438 553.968994140625 23766.46047604739 728
170 26.5 18440.987932082833 15406.36762833236 105169.9609375 553.968994140625 23008.49358434227 955
180 25.3 22076.18556520966 16786.495534235823 105169.9609375 553.968994140625 22016.37145495805 1220
190 16.3 28844.9295916411 12839.452680193213 105169.9609375 553.968994140625 22026.645025829508 1473
200 7.7 34296.5910137226 11605.157521533274 105169.9609375 553.968994140625 22705.97288904912 1636
210 2.8 44336.829755510604 10754.594925351104 105169.9609375 553.968994140625 23226.97557182779 1713
220 2.7 57860.23739510995 13153.76346242048 105169.9609375 553.968994140625 23566.479257722745 1741
230 1.2 64121.209716796875 11839.549516109117 105169.9609375 553.968994140625 24090.196152354787 1768
240 0.8 81472.64999389648 11628.221067949391 106078.96704101563 553.968994140625 24360.068153912824 1780
250 1.1 83485.08092151988 9864.72413803504 106078.96704101563 553.968994140625 24615.605432838925 1788
260 1.3 96677.69304011419 7657.5620723713755 111027.98022460938 553.968994140625 24975.563315204403 1799
270 1.2 110551.86897786458 19106.29687514552 163503.5830078125 553.968994140625 25489.982568197684 1812
280 0.8 117593.6577758789 9429.757468240346 163503.5830078125 553.968994140625 26049.600241945493 1824
290 0.7 121869.95650809152 2968.709734526506 163503.5830078125 553.968994140625 26449.35595170066 1832
300 0.7 135118.71407645088 8360.247007155622 163503.5830078125 553.968994140625 26812.566503030044 1839
310 1 142411.43881835937 9136.164333637418 163503.5830078125 553.968994140625 27223.261537165443 1846
320 0.3 149027.31534830728 2364.9294783961113 163503.5830078125 553.968994140625 27843.88749234429 1856
330 0.7 161788.3720703125 6519.49233482091 173755.94995117188 553.968994140625 28039.449775059667 1859
340 0.8 177362.0317993164 8194.9985272713 188180.47192382813 553.968994140625 28541.187425684948 1866
350 0.6 189230.98116048178 11709.420961078407 204846.9931640625 553.968994140625 29176.49519248807 1874
360 0.1 189226.99609375 0.0 204846.9931640625 553.968994140625 29687.307381747625 1880
367 0.1 194927.0048828125 0.0 204846.9931640625 553.968994140625 29772.12380317878 1881
