0 1556.5390625 1556.5390625
10 3045.0640625 4601.603125
20 3191.9015625 7793.5046875
30 4474.0578125 12267.5625
40 2983.13984375 15250.70234375
50 3069.23125 18319.93359375
60 1646.06875 19966.00234375
70 7166.446875 27132.44921875
80 3304.99140625 30437.440625
90 4499.5125 34936.953125
100 3099.1609375 38036.1140625
110 2737.32109375 40773.43515625
120 1372.82109375 42146.25625
130 2275.63203125 44421.88828125
140 2341.67734375 46763.565625
150 5492.95390625 52256.51953125
160 2938.46640625 55194.9859375
170 1306.58828125 56501.57421875
180 3862.1375 60363.71171875
190 2166.42578125 62530.1375
200 2527.42109375 65057.55859375
210 641.43828125 65698.996875
220 889.2328125 66588.2296875
230 1119.325 67707.5546875
240 2010.5421875 69718.096875
250 294.8921875 70012.9890625
260 355.0546875 70368.04375
270 871.04296875 71239.08671875
280 508.6875 71747.77421875
290 1103.15 72850.92421875
300 242.90234375 73093.8265625
310 241.9296875 73335.75625
320 240.90625 73576.6625
330 509.59609375 74086.25859375
340 238.75625 74325.01484375
350 154.0484375 74479.06328125
360 0 74479.06328125
367 0 74479.06328125
