0 6.63671875 6.63671875
10 19.95703125 26.59375
20 13.696875 40.290625
30 24.69765625 64.98828125
40 18.84140625 83.8296875
50 24.43125 108.2609375
60 11.24140625 119.50234375
70 40.5265625 160.02890625
80 34.61640625 194.6453125
90 59.55234375 254.19765625
100 83.84609375 338.04375
110 83.19765625 421.24140625
120 98.94296875 520.184375
130 114.29453125 634.47890625
140 149.140625 783.61953125
150 209.3484375 992.96796875
160 241.08046875 1234.0484375
170 235.5921875 1469.640625
180 180.278125 1649.91875
190 89.09921875 1739.01796875
200 44.815625 1783.83359375
210 31.28203125 1815.115625
220 17.190625 1832.30625
230 10.41796875 1842.72421875
240 8.70859375 1851.4328125
250 5.5796875 1857.0125
260 7.1640625 1864.1765625
270 5.72890625 1869.90546875
280 3.91171875 1873.8171875
290 8.153125 1881.9703125
300 3.8265625 1885.796875
310 2.07578125 1887.87265625
320 0.725 1888.59765625
330 2.91953125 1891.5171875
340 1.334375 1892.8515625
350 0.7265625 1893.578125
360 0 1893.578125
367 0 1893.578125
