0 0.7 16.37548828125 38.16813973497096 109.867919921875 0.741943359375 0 0
10 0.9 0.7725694444444444 0.07143876299062964 109.867919921875 0.59716796875 16.37548828125 7
20 1.4 0.7842320033482143 0.1764153123490554 109.867919921875 0.59716796875 7.598846435546875 16
30 1.6 0.9907836914062499 0.863263662944491 109.867919921875 0.59716796875 4.418693033854167 30
40 1.6 0.780181884765625 0.07264721491226224 109.867919921875 0.59716796875 3.226376740828804 46
50 1.2 0.8741048177083334 0.17924290631804793 109.867919921875 0.59716796875 2.5951006489415325 62
60 3.3 0.7381776751893939 0.07795125032541365 109.867919921875 0.525146484375 2.316020243876689 74
70 4.5 0.743505859375 0.2581283248100205 109.867919921875 0.525146484375 1.8293959002628504 107
80 3.7 0.7001293285472973 0.07974414214625275 109.867919921875 0.52294921875 1.5079152960526316 152
90 5.1 0.7155139399509803 0.12876405397721333 109.867919921875 0.52294921875 1.3497773024140212 189
100 5.8 0.6896214978448276 0.07282290649367104 109.867919921875 0.52294921875 1.214996337890625 240
110 8.2 0.6576374333079268 0.08200607071139225 109.867919921875 0.52294921875 1.1127421743917785 298
120 1.3 0.7727426382211539 0.1293956951171211 109.867919921875 0.52294921875 1.0145353618421054 380
130 0 0 0 109.867919921875 0.52294921875 1.006537129254135 393
140 0 0 0 109.867919921875 0.52294921875 1.006537129254135 393
150 0 0 0 109.867919921875 0.52294921875 1.006537129254135 393
160 0 0 0 109.867919921875 0.52294921875 1.006537129254135 393
170 0 0 0 109.867919921875 0.52294921875 1.006537129254135 393
180 0 0 0 109.867919921875 0.52294921875 1.006537129254135 393
190 0 0 0 109.867919921875 0.52294921875 1.006537129254135 393
200 0 0 0 109.867919921875 0.52294921875 1.006537129254135 393
210 0 0 0 109.867919921875 0.52294921875 1.006537129254135 393
212 0 0 0 109.867919921875 0.52294921875 1.006537129254135 393
