0 0.1 3161.8671875 0 3161.8671875 3161.8671875 0 0
10 0.1 3161.37890625 0.0 3161.8671875 3161.37890625 3161.8671875 1
20 0.1 3160.30078125 0.0 3161.8671875 3160.30078125 3161.623046875 2
30 0.1 3158.85546875 0.0 3161.8671875 3158.85546875 3161.1822916666665 3
40 0.1 3158.984375 0.0 3161.8671875 3158.85546875 3160.6005859375 4
50 0.1 3157.30078125 0.0 3161.8671875 3157.30078125 3160.27734375 5
60 0.1 3156.9453125 0.0 3161.8671875 3156.9453125 3159.78125 6
70 0.1 3154.7109375 0.0 3161.8671875 3154.7109375 3159.3761160714284 7
80 0.1 3154.00390625 0.0 3161.8671875 3154.00390625 3158.79296875 8
90 0.1 3152.79296875 0.0 3161.8671875 3152.79296875 3158.2608506944443 9
100 0.1 3151.9609375 0.0 3161.8671875 3151.9609375 3157.7140625 10
110 0.1 3148.8984375 0.0 3161.8671875 3148.8984375 3157.1910511363635 11
120 0.1 3146.640625 0.0 3161.8671875 3146.640625 3156.5 12
130 0.1 3146.2890625 0.0 3161.8671875 3146.2890625 3155.7415865384614 13
140 0.1 3145.45703125 0.0 3161.8671875 3145.45703125 3155.06640625 14
150 0.1 3145.34765625 0.0 3161.8671875 3145.34765625 3154.42578125 15
160 0.1 3145.234375 0.0 3161.8671875 3145.234375 3153.8583984375 16
170 0.1 3145.12109375 0.0 3161.8671875 3145.12109375 3153.3511029411766 17
180 0.1 3145.01171875 0.0 3161.8671875 3145.01171875 3152.8938802083335 18
190 0.1 3144.8984375 0.0 3161.8671875 3144.8984375 3152.4790296052633 19
200 0.1 3144.9375 0.0 3161.8671875 3144.8984375 3152.1 20
210 0.1 3144.88671875 0.0 3161.8671875 3144.88671875 3151.7589285714284 21
