0 0.1 0.0 0 0.0 0.0 0 0
10 0.1 0.140625 0.0 0.140625 0.0 0.0 1
20 0.1 0.12109375 0.0 0.140625 0.0 0.0703125 2
30 0.1 0.1015625 0.0 0.140625 0.0 0.08723958333333333 3
40 0.1 0.078125 0.0 0.140625 0.0 0.0908203125 4
50 0.1 0.0703125 0.0 0.140625 0.0 0.08828125 5
60 0.1 0.05859375 0.0 0.140625 0.0 0.08528645833333333 6
70 0.1 0.05078125 0.0 0.140625 0.0 0.08147321428571429 7
80 0.1 0.0390625 0.0 0.140625 0.0 0.07763671875 8
90 0.1 0.0390625 0.0 0.140625 0.0 0.07335069444444445 9
100 0.1 0.03125 0.0 0.140625 0.0 0.069921875 10
110 0.1 0.03125 0.0 0.140625 0.0 0.06640625 11
120 0.1 0.01953125 0.0 0.140625 0.0 0.0634765625 12
130 0.1 0.01953125 0.0 0.140625 0.0 0.06009615384615385 13
140 0.1 0.01953125 0.0 0.140625 0.0 0.05719866071428571 14
150 0.1 0.01171875 0.0 0.140625 0.0 0.0546875 15
160 0.1 0.01171875 0.0 0.140625 0.0 0.052001953125 16
170 0.1 0.01171875 0.0 0.140625 0.0 0.04963235294117647 17
180 0.1 0.01171875 0.0 0.140625 0.0 0.047526041666666664 18
190 0.1 0.01171875 0.0 0.140625 0.0 0.04564144736842105 19
200 0.1 0.01171875 0.0 0.140625 0.0 0.0439453125 20
210 0.1 0.0 0.0 0.140625 0.0 0.04241071428571429 21
