10 0.1 483 0 483 483 0 0
20 0.1 2144.0 0.0 2144 483 483.0 1
30 0.1 2629.0 0.0 2629 483 1313.5 2
40 0.1 4406.0 0.0 4406 483 1752.0 3
50 0.1 3413.0 0.0 4406 483 2415.5 4
60 0.1 5665.0 0.0 5665 483 2615.0 5
70 0.1 3743.0 0.0 5665 483 3123.3333333333335 6
80 0.1 7176.0 0.0 7176 483 3211.8571428571427 7
90 0.1 6419.0 0.0 7176 483 3707.375 8
100 0.1 4913.0 0.0 7176 483 4008.6666666666665 9
110 0.1 5343.0 0.0 7176 483 4099.1 10
120 0.1 9186.0 0.0 9186 483 4212.181818181818 11
130 0.1 4796.0 0.0 9186 483 4626.666666666667 12
140 0.1 7488.0 0.0 9186 483 4639.692307692308 13
150 0.1 3325.0 0.0 9186 483 4843.142857142857 14
160 0.1 2728.0 0.0 9186 483 4741.933333333333 15
170 0.1 1601.0 0.0 9186 483 4616.0625 16
180 0.1 1687.0 0.0 9186 483 4438.705882352941 17
190 0.1 2885.0 0.0 9186 483 4285.833333333333 18
200 0.1 2006.0 0.0 9186 483 4212.105263157895 19
210 0.1 4656.0 0.0 9186 483 4101.8 20
