0 1 26.165234375 34.33333296353763 116.8310546875 7.202880859375 0 0
10 1.6 273.76312255859375 947.8253676635346 3941.945068359375 7.10693359375 26.165234375 10
20 4.4 224.48681085759944 962.6839261820844 4690.5078125 6.7451171875 178.53316556490384 26
30 4.1 626.3182581459605 1646.2039132677214 6033.548828125 6.7451171875 207.4183140345982 70
40 5.2 215.9402465820313 947.9786248972788 6033.548828125 6.531982421875 362.14712221987617 111
50 5.3 631.4171027417453 1921.5550959310062 8186.906005859375 6.531982421875 315.5044379673122 163
60 6.2 584.8080582157259 1653.5534057995394 8507.399169921875 6.531982421875 393.0200455277055 216
70 11.1 1605.440759607263 2323.9954525181925 12013.972900390625 6.531982421875 435.7929116667604 278
80 9.1 4450.427522428742 2686.12976963626 13210.160888671875 6.531982421875 769.5484672487547 389
90 5.3 7293.58503464033 3605.416178864793 18715.052978515625 6.531982421875 1467.381788126627 480
100 14.2 4526.056678449602 4627.748651370758 18715.052978515625 0.648193359375 2046.7228238962823 533
110 21.8 6382.698913014263 5225.325919707284 20725.4609375 0.648193359375 2568.3012051504625 675
120 17.7 1801.3099854894951 4685.468307424615 23207.154052734375 0.648193359375 3499.475561605456 893
130 11.2 13683.285084315708 5212.901206463015 23207.154052734375 0.648193359375 3218.5640597619745 1070
140 4.7 13397.293067445145 4710.593229142874 29296.316162109375 0.648193359375 4210.145070548791 1182
150 3.2 19344.216117858887 1997.5209176752182 29296.316162109375 0.648193359375 4561.484334872737 1229
160 1.6 25382.702224731445 1880.8647939199316 30602.677001953125 0.648193359375 4936.621065289515 1261
170 3.3 24865.9423902107 3608.4429932568864 35775.886962890625 0.648193359375 5192.797493285656 1277
180 4.5 20745.814561631945 6037.717674418012 36047.06396484375 0.648193359375 5688.380532673844 1310
190 2.5 20895.371630859376 3556.5308759991767 36047.06396484375 0.648193359375 6188.442917399389 1355
200 6 13049.926029459635 10382.772335046904 36047.06396484375 0.648193359375 6454.872785396852 1380
210 1 2794.2403076171877 8359.434574947249 36047.06396484375 0.648193359375 6729.666670566135 1440
212 0 0 0 36047.06396484375 0.648193359375 6702.5257990975215 1450
