10 0.1 143 0 143 143 0 0
20 0.1 585.0 0.0 585 143 143.0 1
30 0.1 1096.0 0.0 1096 143 364.0 2
40 0.1 1717.0 0.0 1717 143 608.0 3
50 0.1 1296.0 0.0 1717 143 885.25 4
60 0.1 2243.0 0.0 2243 143 967.4 5
70 0.1 1677.0 0.0 2243 143 1180.0 6
80 0.1 3003.0 0.0 3003 143 1251.0 7
90 0.1 3019.0 0.0 3019 143 1470.0 8
100 0.1 2448.0 0.0 3019 143 1642.111111111111 9
110 0.1 2647.0 0.0 3019 143 1722.7 10
120 0.1 4661.0 0.0 4661 143 1806.7272727272727 11
130 0.1 2303.0 0.0 4661 143 2044.5833333333333 12
140 0.1 3444.0 0.0 4661 143 2064.4615384615386 13
150 0.1 1152.0 0.0 4661 143 2163.0 14
160 0.1 1135.0 0.0 4661 143 2095.6 15
170 0.1 689.0 0.0 4661 143 2035.5625 16
180 0.1 678.0 0.0 4661 143 1956.3529411764705 17
190 0.1 1290.0 0.0 4661 143 1885.3333333333333 18
200 0.1 898.0 0.0 4661 143 1854.0 19
210 0.1 2088.0 0.0 4661 143 1806.2 20
