0 0.5 1003.394580078125 709.389100074207 2104.475830078125 194.10791015625 0 0
10 0.4 3688.1287231445313 3853.735452342765 10124.080078125 194.10791015625 1003.394580078125 5
20 1.3 4210.356614332933 4805.617806728824 13233.087158203125 194.10791015625 2196.6097547743057 9
30 1.5 8990.354785156253 7855.012412653802 26422.3330078125 194.10791015625 3386.5510808771305 22
40 0.8 5360.3819580078125 3341.5177640851057 26422.3330078125 194.10791015625 5658.36339342272 37
50 1.4 10077.299124581474 6484.379896531027 26422.3330078125 79.912109375 5605.388916015626 45
60 1.4 7132.838971819197 7493.908526472094 26422.3330078125 79.912109375 6666.5201519465045 59
70 1.9 7601.612818667763 8120.0706759528375 26422.3330078125 79.912109375 6755.951158497432 73
80 2.4 15687.152974446615 9939.179122538586 35077.131103515625 79.912109375 6930.598675271739 92
90 1.3 12774.38192983774 10953.818145429696 36316.1650390625 79.912109375 8742.299564756197 116
100 3.4 15769.201753504136 13631.544536110296 48980.7841796875 53.072021484375 9148.6334465086 129
110 5 19803.677011718755 16069.931287548614 50181.087890625 53.072021484375 10529.610884777607 163
120 4.8 21290.307464599606 14327.518740680991 50181.087890625 53.072021484375 12706.621712698063 213
130 3.3 28956.286362156723 15577.794641981118 60725.280029296875 53.072021484375 14285.230586610991 261
140 1.5 60986.19282226563 20065.05548189732 101905.94384765625 53.072021484375 15931.981745090614 294
150 0.6 64803.006184895836 16228.265684390068 101905.94384765625 53.072021484375 18119.079370196196 309
160 0.2 63822.738037109375 646.509033203125 101905.94384765625 53.072021484375 19008.297023809522 315
170 0.7 77815.15611049107 17204.980894163808 105771.36083984375 53.072021484375 19291.03797657482 317
180 1.2 81545.34627278647 7524.323470802593 105771.36083984375 53.072021484375 20555.447936258195 324
190 1 87389.42255859375 7437.554851538283 105771.36083984375 53.072021484375 22733.658591134204 336
200 3.4 97514.65069939109 8922.119178466783 119076.32299804688 53.072021484375 24602.3222896157 346
210 1.3 97603.70688100961 5222.342655760556 119076.32299804688 53.072021484375 31126.056936806126 380
212 0 0 0 119076.32299804688 53.072021484375 33325.06316905713 393
