0 499.6296875 499.6296875
10 1255.44921875 1755.07890625
20 3072.2 4827.27890625
30 4541.54609375 9368.825
40 4239.24296875 13608.06796875
50 5260.3921875 18868.46015625
60 5474.82890625 24343.2890625
70 6153.0515625 30496.340625
80 7438.54453125 37934.88515625
90 4545.9515625 42480.83671875
100 5824.6671875 48305.50390625
110 11010.984375 59316.48828125
120 3170.43828125 62486.9265625
130 8656.13671875 71143.06328125
140 5081.82734375 76224.890625
150 2481.01640625 78705.90703125
160 970.3390625 79676.24609375
170 2316.53671875 81992.7828125
180 3140.17109375 85132.95390625
190 2932.37265625 88065.3265625
200 4947.55546875 93012.88203125
210 105.6828125 93118.56484375
212 0 93118.56484375
