0 0.1 0.01953125 0 0.01953125 0.01953125 0 0
10 0.1 0.01953125 0.0 0.01953125 0.01953125 0.01953125 1
20 0.1 0.01953125 0.0 0.01953125 0.01953125 0.01953125 2
30 0.1 0.01171875 0.0 0.01953125 0.01171875 0.01953125 3
40 0.1 0.01171875 0.0 0.01953125 0.01171875 0.017578125 4
50 0.1 0.01171875 0.0 0.01953125 0.01171875 0.01640625 5
60 0.1 0.01171875 0.0 0.01953125 0.01171875 0.015625 6
70 0.1 0.08984375 0.0 0.08984375 0.01171875 0.015066964285714286 7
80 0.1 0.0703125 0.0 0.08984375 0.01171875 0.0244140625 8
90 0.1 0.05859375 0.0 0.08984375 0.01171875 0.029513888888888888 9
100 0.1 0.05078125 0.0 0.08984375 0.01171875 0.032421875 10
110 0.1 0.0390625 0.0 0.08984375 0.01171875 0.03409090909090909 11
120 0.1 0.12109375 0.0 0.12109375 0.01171875 0.034505208333333336 12
130 0.1 0.171875 0.0 0.171875 0.01171875 0.041165865384615384 13
140 0.1 0.23046875 0.0 0.23046875 0.01171875 0.050502232142857144 14
150 0.1 0.19140625 0.0 0.23046875 0.01171875 0.0625 15
160 0.1 0.16015625 0.0 0.23046875 0.01171875 0.070556640625 16
170 0.1 0.140625 0.0 0.23046875 0.01171875 0.07582720588235294 17
180 0.1 0.12109375 0.0 0.23046875 0.01171875 0.07942708333333333 18
190 0.1 0.1015625 0.0 0.23046875 0.01171875 0.08162006578947369 19
200 0.1 0.078125 0.0 0.23046875 0.01171875 0.0826171875 20
210 0.1 0.0703125 0.0 0.23046875 0.01171875 0.08240327380952381 21
220 0.1 0.05859375 0.0 0.23046875 0.01171875 0.08185369318181818 22
230 0.1 0.05078125 0.0 0.23046875 0.01171875 0.08084239130434782 23
240 0.1 0.0390625 0.0 0.23046875 0.01171875 0.07958984375 24
250 0.1 0.0390625 0.0 0.23046875 0.01171875 0.07796875 25
260 0.1 0.03125 0.0 0.23046875 0.01171875 0.07647235576923077 26
270 0.1 0.03125 0.0 0.23046875 0.01171875 0.0747974537037037 27
280 0.1 0.01953125 0.0 0.23046875 0.01171875 0.0732421875 28
290 0.1 0.01953125 0.0 0.23046875 0.01171875 0.07139008620689655 29
299 0.1 0.01953125 0.0 0.23046875 0.01171875 0.06966145833333333 30
