0 2 451.7369384765625 702.5135939128762 2355.170166015625 13.85498046875 0 0
10 2.2 1177.4858509410512 1708.0737490134636 4958.816162109375 12.781982421875 451.7369384765625 20
20 7.6 1837.0983308490954 2254.786572136318 6977.30908203125 12.781982421875 831.891130719866 42
30 2.4 5431.838328043619 2017.8020734094257 9725.64404296875 12.781982421875 1479.3127172437764 118
40 5.6 6552.419128417969 2356.1311116647785 11681.886962890625 12.781982421875 2147.34521484375 142
50 7.6 4093.3436118678037 2706.0643059557237 13710.322998046875 12.781982421875 3393.22470555161 198
60 3.6 10647.730950249566 1981.957838604734 13710.322998046875 12.781982421875 3587.4182708071967 274
70 21.2 5819.557601065006 6724.529510003086 21290.083984375 0.69287109375 4407.325549710182 310
80 39.3 1768.0497096403863 4428.406083504007 21689.5458984375 0.64892578125 4980.875731486471 522
90 60.7 1670.9473066502783 4817.268699101097 22454.7900390625 0.64599609375 3600.940620464054 915
100 91 1094.6363514659156 4082.4070339275036 22454.7900390625 0.631103515625 2831.225810027154 1522
110 116.5 818.3945006538365 4045.4245562915016 25673.739013671875 0.631103515625 2181.4328793977434 2432
120 83.4 1075.5451133234037 4876.425313044013 28185.136962890625 0.631103515625 1739.9706299574732 3597
130 50.8 2770.2621532049707 7261.648980068309 30777.6259765625 0.631103515625 1614.912882073742 4431
140 23.5 2935.32652925532 7451.080258769746 30777.6259765625 0.631103515625 1733.7461336903978 4939
150 9.1 7567.697812929258 11424.937254412514 30777.6259765625 0.631103515625 1788.3211999752368 5174
160 7.6 23549.5438489412 10096.888439726124 33904.705078125 0.631103515625 1888.2116599522199 5265
170 3.5 23529.69705636161 4348.167245377922 37234.134033203125 0.631103515625 2196.442561724016 5341
180 5.2 20161.557664137617 3276.054018808291 37234.134033203125 0.631103515625 2335.330937340146 5376
190 4.4 20149.823658336292 2888.701207010929 37234.134033203125 0.631103515625 2506.105401193033 5428
200 2.5 21966.492880859376 2982.2508431335928 37234.134033203125 0.631103515625 2647.9774047226933 5472
210 2.3 25857.085788892662 2229.5626465298446 37234.134033203125 0.631103515625 2735.8367619909154 5497
220 1.5 29864.45849609375 1629.823995670242 37234.134033203125 0.631103515625 2832.175299603006 5520
230 2.8 33944.186950683594 3135.9852171383345 40604.85595703125 0.631103515625 2905.4335196476964 5535
240 3.6 28351.02888319227 5491.723802541579 40604.85595703125 0.631103515625 3061.6594941343055 5563
250 3.8 16886.420358758223 5834.926149006614 40604.85595703125 0.631103515625 3224.263047984294 5599
260 5.2 7110.035541240988 5224.276477112607 40604.85595703125 0.631103515625 3316.3620328715406 5637
270 0.9 9651.836751302084 2653.4557464272984 40604.85595703125 0.631103515625 3351.0379025209013 5689
280 3 4516.146468098958 4994.657313238051 40604.85595703125 0.631103515625 3360.990024254673 5698
290 0.4 2084.7127075195313 2082.8214700364138 40604.85595703125 0.631103515625 3367.0400754619577 5728
299 0.1 8.225830078125 0.0 40604.85595703125 0.631103515625 3366.145220355229 5732
