50 0.2 52282.783935546875 109.31591796875 52392.099853515625 52173.468017578125 0 0
60 0 0 0 52392.099853515625 52173.468017578125 52282.783935546875 2
70 0.1 71358.19995117188 0.0 71358.19995117188 52173.468017578125 52282.783935546875 2
80 0.6 73314.56005859375 7379.075815701365 79452.12084960938 52173.468017578125 58641.25594075521 3
90 1.2 59994.83052571615 19615.365396109824 91627.09912109375 26042.079833984375 68423.4586859809 9
100 2.8 53207.8123953683 21670.124664075447 91627.09912109375 14270.13623046875 63607.099737258184 21
110 6.2 42762.34923922632 21657.813926557934 116184.09301757813 8820.153076171875 57664.64982760682 49
120 7.6 42870.8568854081 23224.987044399797 116184.09301757813 8820.153076171875 49340.84229175465 111
130 7.6 43496.101999383245 22312.613836258337 116184.09301757813 8820.153076171875 46711.3295062876 187
140 4.1 49054.128757383776 18874.11664349474 116184.09301757813 8820.153076171875 45782.21433318977 263
150 1.8 62042.04618326823 24750.868501219597 119312.15209960938 8820.153076171875 46223.49226540014 304
160 0.8 62888.942626953125 10967.367641540272 119312.15209960938 8820.153076171875 47107.75925459773 322
170 1.2 78595.8169148763 15862.510412715696 119312.15209960938 8820.153076171875 47490.33339695786 330
180 0.8 84376.31698608398 13100.159864241927 119312.15209960938 8820.153076171875 48581.75387127079 342
190 1 112709.06528320312 18650.662712219648 137027.14697265625 8820.153076171875 49399.915313895086 350
200 0.3 99023.18863932292 12033.99947620318 137027.14697265625 8820.153076171875 51158.502813042534 360
210 0.4 126668.17993164063 8865.5231920679 140513.14184570313 8820.153076171875 51554.07872896221 363
220 0.4 123800.20397949219 11638.435775739554 140513.14184570313 8820.153076171875 52372.76103089876 367
230 0.4 133177.15521240234 10266.177376624733 150383.24096679688 8820.153076171875 53142.86823250084 371
240 1.5 145390.89524739582 16114.427676281828 183121.18090820313 8820.153076171875 53996.567293619795 375
250 1.6 153265.12297058105 14259.36593594242 184223.20385742188 8820.153076171875 57511.73375338041 390
260 1.4 154461.40991210938 9542.47431099241 184223.20385742188 8820.153076171875 61285.266333368614 406
270 0.5 161972.5849609375 9617.180308159908 184223.20385742188 8820.153076171875 64391.137785993305 420
280 1.2 180069.66625976563 12894.933227757856 219669.05517578125 8820.153076171875 65539.15481158088 425
290 0.3 178132.84928385416 6112.26083633888 219669.05517578125 8820.153076171875 68684.15741427703 437
299 0.1 198045.25 0.0 219669.05517578125 8820.153076171875 69430.39849520595 440
