0 2678.88671875 2678.88671875
10 3800.96796875 6479.8546875
20 15508.82734375 21988.68203125
30 5189.48984375 27178.171875
40 14184.8578125 41363.0296875
50 12668.54609375 54031.57578125
60 7565.80390625 61597.3796875
70 14950.41484375 76547.79453125
80 12212.38359375 88760.178125
90 14413.346875 103173.525
100 13194.36796875 116367.89296875
110 11533.60234375 127901.4953125
120 7532.728125 135434.2234375
130 10826.15078125 146260.37421875
140 7153.1546875 153413.52890625
150 7231.07109375 160644.6
160 12274.73359375 172919.33359375
170 9085.3796875 182004.71328125
180 9853.96171875 191858.675
190 8825.69453125 200684.36953125
200 8371.18125 209055.55078125
210 5475.00703125 214530.5578125
220 3465.7421875 217996.3
230 6955.321875 224951.621875
240 5916.9828125 230868.6046875
250 8488.05703125 239356.66171875
260 9882.834375 249239.49609375
270 3063.309375 252302.80546875
280 6240.8921875 258543.69765625
290 1022.57578125 259566.2734375
299 21.24921875 259587.52265625
