0 1.7 17
10 3.6 53
20 0.1 54
30 0.8 62
40 0.1 63
50 2.5 88
60 8.5 173
70 2.6 199
80 2.2 221
90 7.8 299
100 0.6 305
110 0.7 312
120 0.7 319
130 1.1 330
140 2 350
150 0 350
160 1.5 365
170 1 375
180 0 375
190 3 405
200 0 405
210 0.8 413
220 1.1 424
230 0 424
240 2.4 448
250 0.6 454
260 1.8 472
270 2.1 493
280 0.5 498
290 2.9 527
300 0.2 529
310 0.6 535
320 0.7 542
330 0.1 543
340 1.3 556
350 0.1 557
360 0.8 565
370 0.5 570
380 0.1 571
390 1 581
400 0.5 586
410 1 596
420 0.4 600
430 0.9 609
440 1.8 627
450 1.9 646
460 0.8 654
470 0.6 660
480 0.6 666
490 1.9 685
500 0.9 694
510 0.4 698
520 0.3 701
530 0.7 708
540 0.7 715
550 0.7 722
560 0.5 727
570 1.5 742
580 1.4 756
590 0.9 765
600 0.3 768
610 0.8 776
620 2.3 799
630 1.8 817
640 0.9 826
650 1.7 843
660 0.7 850
670 0.6 856
680 0.4 860
690 0.5 865
700 0.3 868
710 0.5 873
720 0.6 879
730 0.7 886
740 2 906
750 0.9 915
760 0.1 916
770 2 936
780 0.7 943
790 0.3 946
800 1.6 962
810 0.7 969
820 1 979
830 0.1 980
840 2.3 1003
850 1.9 1022
860 0.5 1027
870 0.7 1034
880 0.2 1036
890 0.7 1043
900 0.1 1044
910 0.5 1049
920 0.8 1057
930 1.1 1068
940 1.2 1080
950 0.8 1088
959 0.4 1092
