60 0.1 1
70 0 1
80 0.1 2
90 0 2
100 0 2
110 0.1 3
120 0 3
130 0 3
140 0 3
150 0 3
160 0 3
170 0.1 4
180 0 4
190 0 4
200 0 4
210 0 4
220 0 4
230 0 4
240 0 4
250 0 4
260 0 4
270 0 4
280 0 4
290 0 4
300 0 4
310 0 4
320 0 4
330 0 4
340 0.2 6
350 0 6
360 0.2 8
370 0.1 9
380 0.1 10
390 0 10
400 0 10
410 0 10
420 0 10
430 0 10
440 0 10
450 0 10
460 0 10
470 0 10
480 0 10
490 0 10
500 0.2 12
510 0 12
520 0 12
530 0 12
540 0 12
550 0 12
560 0 12
570 0 12
580 0.1 13
590 0 13
600 0 13
610 0 13
620 0 13
630 0 13
640 0 13
650 0 13
660 0 13
670 0 13
680 0.1 14
690 0 14
700 0 14
710 0.1 15
720 0.2 17
730 0 17
740 0 17
750 0 17
760 0 17
770 0 17
780 0 17
790 0.1 18
800 0 18
810 0 18
820 0.1 19
830 0.1 20
840 0 20
850 0 20
860 0 20
870 0 20
880 0 20
890 0 20
900 0.1 21
910 0 21
920 0 21
930 0 21
940 0 21
950 0 21
959 0 21
