0 1 11.8840087890625 33.454433157313325 112.2470703125 0.60498046875 0 0
10 1.2 0.8123982747395834 0.37244688531089737 112.2470703125 0.509033203125 11.8840087890625 10
20 0.8 1.553985595703125 2.1087342858785436 112.2470703125 0.509033203125 5.8449485085227275 22
30 1.2 0.7880452473958334 0.06417840794485873 112.2470703125 0.509033203125 4.700691731770833 30
40 1.8 0.8197428385416666 0.13638225502166865 112.2470703125 0.509033203125 3.582792736235119 42
50 1.8 0.7419162326388888 0.0693162051920237 112.2470703125 0.509033203125 2.7538777669270833 60
60 3 0.7054280598958333 0.07650339565691583 112.2470703125 0.509033203125 2.2895789513221154 78
70 4.2 0.7079961867559524 0.19791316470808387 112.2470703125 0.509033203125 1.849537037037037 108
80 4.2 0.6389683314732143 0.05838521842022613 112.2470703125 0.509033203125 1.5299055989583332 150
90 6.8 0.616573558134191 0.06031990568309495 112.2470703125 0.509033203125 1.3350130716959636 192
100 7.9 0.621894160403481 0.12915610646964923 112.2470703125 0.5048828125 1.1471135066105769 260
110 7.1 0.6107401243397887 0.051705876187302324 112.2470703125 0.5048828125 1.0247172577894543 339
120 3 0.6696207682291665 0.13937537159511448 112.2470703125 0.5048828125 0.953028534679878 410
130 0 0 0 112.2470703125 0.5048828125 0.9337052778764204 440
140 0 0 0 112.2470703125 0.5048828125 0.9337052778764204 440
150 0 0 0 112.2470703125 0.5048828125 0.9337052778764204 440
160 0 0 0 112.2470703125 0.5048828125 0.9337052778764204 440
170 0 0 0 112.2470703125 0.5048828125 0.9337052778764204 440
180 0 0 0 112.2470703125 0.5048828125 0.9337052778764204 440
190 0 0 0 112.2470703125 0.5048828125 0.9337052778764204 440
200 0 0 0 112.2470703125 0.5048828125 0.9337052778764204 440
210 0 0 0 112.2470703125 0.5048828125 0.9337052778764204 440
220 0 0 0 112.2470703125 0.5048828125 0.9337052778764204 440
230 0 0 0 112.2470703125 0.5048828125 0.9337052778764204 440
240 0 0 0 112.2470703125 0.5048828125 0.9337052778764204 440
250 0 0 0 112.2470703125 0.5048828125 0.9337052778764204 440
260 0 0 0 112.2470703125 0.5048828125 0.9337052778764204 440
270 0 0 0 112.2470703125 0.5048828125 0.9337052778764204 440
280 0 0 0 112.2470703125 0.5048828125 0.9337052778764204 440
290 0 0 0 112.2470703125 0.5048828125 0.9337052778764204 440
300 0 0 0 112.2470703125 0.5048828125 0.9337052778764204 440
310 0 0 0 112.2470703125 0.5048828125 0.9337052778764204 440
320 0 0 0 112.2470703125 0.5048828125 0.9337052778764204 440
330 0 0 0 112.2470703125 0.5048828125 0.9337052778764204 440
340 0 0 0 112.2470703125 0.5048828125 0.9337052778764204 440
350 0 0 0 112.2470703125 0.5048828125 0.9337052778764204 440
360 0 0 0 112.2470703125 0.5048828125 0.9337052778764204 440
370 0 0 0 112.2470703125 0.5048828125 0.9337052778764204 440
380 0 0 0 112.2470703125 0.5048828125 0.9337052778764204 440
390 0 0 0 112.2470703125 0.5048828125 0.9337052778764204 440
400 0 0 0 112.2470703125 0.5048828125 0.9337052778764204 440
410 0 0 0 112.2470703125 0.5048828125 0.9337052778764204 440
420 0 0 0 112.2470703125 0.5048828125 0.9337052778764204 440
430 0 0 0 112.2470703125 0.5048828125 0.9337052778764204 440
440 0 0 0 112.2470703125 0.5048828125 0.9337052778764204 440
450 0 0 0 112.2470703125 0.5048828125 0.9337052778764204 440
460 0 0 0 112.2470703125 0.5048828125 0.9337052778764204 440
470 0 0 0 112.2470703125 0.5048828125 0.9337052778764204 440
480 0 0 0 112.2470703125 0.5048828125 0.9337052778764204 440
490 0 0 0 112.2470703125 0.5048828125 0.9337052778764204 440
500 0 0 0 112.2470703125 0.5048828125 0.9337052778764204 440
510 0 0 0 112.2470703125 0.5048828125 0.9337052778764204 440
520 0 0 0 112.2470703125 0.5048828125 0.9337052778764204 440
530 0 0 0 112.2470703125 0.5048828125 0.9337052778764204 440
540 0 0 0 112.2470703125 0.5048828125 0.9337052778764204 440
550 0 0 0 112.2470703125 0.5048828125 0.9337052778764204 440
560 0 0 0 112.2470703125 0.5048828125 0.9337052778764204 440
570 0 0 0 112.2470703125 0.5048828125 0.9337052778764204 440
580 0 0 0 112.2470703125 0.5048828125 0.9337052778764204 440
590 0 0 0 112.2470703125 0.5048828125 0.9337052778764204 440
600 0 0 0 112.2470703125 0.5048828125 0.9337052778764204 440
610 0 0 0 112.2470703125 0.5048828125 0.9337052778764204 440
620 0 0 0 112.2470703125 0.5048828125 0.9337052778764204 440
630 0 0 0 112.2470703125 0.5048828125 0.9337052778764204 440
640 0 0 0 112.2470703125 0.5048828125 0.9337052778764204 440
650 0 0 0 112.2470703125 0.5048828125 0.9337052778764204 440
660 0 0 0 112.2470703125 0.5048828125 0.9337052778764204 440
670 0 0 0 112.2470703125 0.5048828125 0.9337052778764204 440
680 0 0 0 112.2470703125 0.5048828125 0.9337052778764204 440
690 0 0 0 112.2470703125 0.5048828125 0.9337052778764204 440
700 0 0 0 112.2470703125 0.5048828125 0.9337052778764204 440
710 0 0 0 112.2470703125 0.5048828125 0.9337052778764204 440
720 0 0 0 112.2470703125 0.5048828125 0.9337052778764204 440
730 0 0 0 112.2470703125 0.5048828125 0.9337052778764204 440
740 0 0 0 112.2470703125 0.5048828125 0.9337052778764204 440
750 0 0 0 112.2470703125 0.5048828125 0.9337052778764204 440
760 0 0 0 112.2470703125 0.5048828125 0.9337052778764204 440
770 0 0 0 112.2470703125 0.5048828125 0.9337052778764204 440
780 0 0 0 112.2470703125 0.5048828125 0.9337052778764204 440
790 0 0 0 112.2470703125 0.5048828125 0.9337052778764204 440
800 0 0 0 112.2470703125 0.5048828125 0.9337052778764204 440
810 0 0 0 112.2470703125 0.5048828125 0.9337052778764204 440
820 0 0 0 112.2470703125 0.5048828125 0.9337052778764204 440
830 0 0 0 112.2470703125 0.5048828125 0.9337052778764204 440
840 0 0 0 112.2470703125 0.5048828125 0.9337052778764204 440
850 0 0 0 112.2470703125 0.5048828125 0.9337052778764204 440
860 0 0 0 112.2470703125 0.5048828125 0.9337052778764204 440
870 0 0 0 112.2470703125 0.5048828125 0.9337052778764204 440
880 0 0 0 112.2470703125 0.5048828125 0.9337052778764204 440
890 0 0 0 112.2470703125 0.5048828125 0.9337052778764204 440
900 0 0 0 112.2470703125 0.5048828125 0.9337052778764204 440
910 0 0 0 112.2470703125 0.5048828125 0.9337052778764204 440
920 0 0 0 112.2470703125 0.5048828125 0.9337052778764204 440
930 0 0 0 112.2470703125 0.5048828125 0.9337052778764204 440
940 0 0 0 112.2470703125 0.5048828125 0.9337052778764204 440
950 0 0 0 112.2470703125 0.5048828125 0.9337052778764204 440
959 0 0 0 112.2470703125 0.5048828125 0.9337052778764204 440
