0 10 10
10 22 12
20 30 8
30 42 12
40 60 18
50 78 18
60 108 30
70 150 42
80 192 42
90 251 59
100 294 43
110 309 15
120 247 -62
130 181 -66
140 134 -47
150 119 -15
160 108 -11
170 108 0
180 107 -1
190 106 -1
200 106 0
210 105 -1
220 104 -1
230 104 0
240 103 -1
250 102 -1
260 102 0
270 100 -2
280 100 0
290 98 -2
300 98 0
310 98 0
320 98 0
330 98 0
340 96 -2
350 95 -1
360 95 0
370 93 -2
380 93 0
390 93 0
400 93 0
410 92 -1
420 92 0
430 92 0
440 90 -2
450 84 -6
460 83 -1
470 82 -1
480 82 0
490 81 -1
500 79 -2
510 79 0
520 79 0
530 79 0
540 78 -1
550 78 0
560 77 -1
570 75 -2
580 75 0
590 75 0
600 75 0
610 71 -4
620 68 -3
630 63 -5
640 63 0
650 60 -3
660 60 0
670 60 0
680 60 0
690 60 0
700 60 0
710 60 0
720 59 -1
730 57 -2
740 55 -2
750 52 -3
760 52 0
770 50 -2
780 49 -1
790 49 0
800 48 -1
810 47 -1
820 46 -1
830 46 0
840 42 -4
850 34 -8
860 31 -3
870 31 0
880 31 0
890 29 -2
900 29 0
910 28 -1
920 24 -4
930 19 -5
940 12 -7
950 4 -8
959 0 -4
