0 0 0
10 0 0
20 0 0
30 0 0
40 0 0
50 0 0
60 0 0
70 0 0
80 0 0
90 0.9 9
100 3.6 45
110 5.8 103
120 9.3 196
130 6.3 259
140 4.8 307
150 1.4 321
160 1.1 332
170 0 332
180 0.1 333
190 0.1 334
200 0 334
210 0.1 335
220 0.1 336
230 0 336
240 0.1 337
250 0.1 338
260 0 338
270 0.2 340
280 0 340
290 0.2 342
300 0 342
310 0 342
320 0 342
330 0 342
340 0.2 344
350 0.1 345
360 0 345
370 0.2 347
380 0 347
390 0 347
400 0 347
410 0.1 348
420 0 348
430 0 348
440 0.2 350
450 0.6 356
460 0.1 357
470 0.1 358
480 0 358
490 0.1 359
500 0.2 361
510 0 361
520 0 361
530 0 361
540 0.1 362
550 0 362
560 0.1 363
570 0.2 365
580 0 365
590 0 365
600 0 365
610 0.4 369
620 0.3 372
630 0.5 377
640 0 377
650 0.3 380
660 0 380
670 0 380
680 0 380
690 0 380
700 0 380
710 0 380
720 0.1 381
730 0.2 383
740 0.2 385
750 0.3 388
760 0 388
770 0.2 390
780 0.1 391
790 0 391
800 0.1 392
810 0.1 393
820 0.1 394
830 0 394
840 0.4 398
850 0.8 406
860 0.3 409
870 0 409
880 0 409
890 0.2 411
900 0 411
910 0.1 412
920 0.4 416
930 0.5 421
940 0.7 428
950 0.8 436
959 0.4 440
