0 0.1 0.01171875 0 0.01171875 0.01171875 0 0
10 0.1 0.01171875 0.0 0.01171875 0.01171875 0.01171875 1
20 0.1 0.01171875 0.0 0.01171875 0.01171875 0.01171875 2
30 0.1 0.0 0.0 0.01171875 0.0 0.01171875 3
40 0.1 0.0 0.0 0.01171875 0.0 0.0087890625 4
50 0.1 0.0 0.0 0.01171875 0.0 0.00703125 5
60 0.1 0.0 0.0 0.01171875 0.0 0.005859375 6
70 0.1 0.078125 0.0 0.078125 0.0 0.005022321428571429 7
80 0.1 0.0703125 0.0 0.078125 0.0 0.01416015625 8
90 0.1 0.05859375 0.0 0.078125 0.0 0.020399305555555556 9
100 0.1 0.05078125 0.0 0.078125 0.0 0.02421875 10
110 0.1 0.0390625 0.0 0.078125 0.0 0.026633522727272728 11
120 0.1 0.0390625 0.0 0.078125 0.0 0.027669270833333332 12
130 0.1 0.1015625 0.0 0.1015625 0.0 0.028545673076923076 13
140 0.1 0.08984375 0.0 0.1015625 0.0 0.03376116071428571 14
150 0.1 0.0703125 0.0 0.1015625 0.0 0.0375 15
160 0.1 0.05859375 0.0 0.1015625 0.0 0.03955078125 16
170 0.1 0.05078125 0.0 0.1015625 0.0 0.04067095588235294 17
180 0.1 0.05078125 0.0 0.1015625 0.0 0.04123263888888889 18
190 0.1 0.0390625 0.0 0.1015625 0.0 0.04173519736842105 19
200 0.1 0.03125 0.0 0.1015625 0.0 0.0416015625 20
210 0.1 0.03125 0.0 0.1015625 0.0 0.04110863095238095 21
220 0.1 0.01953125 0.0 0.1015625 0.0 0.04066051136363636 22
230 0.1 0.01953125 0.0 0.1015625 0.0 0.03974184782608695 23
240 0.1 0.01953125 0.0 0.1015625 0.0 0.03889973958333333 24
250 0.1 0.01171875 0.0 0.1015625 0.0 0.03812499999999999 25
260 0.1 0.01171875 0.0 0.1015625 0.0 0.03710937499999999 26
270 0.1 0.01171875 0.0 0.1015625 0.0 0.036168981481481476 27
280 0.1 0.01171875 0.0 0.1015625 0.0 0.035295758928571425 28
290 0.1 0.01171875 0.0 0.1015625 0.0 0.034482758620689655 29
300 0.1 0.01171875 0.0 0.1015625 0.0 0.03372395833333333 30
310 0.1 0.01171875 0.0 0.1015625 0.0 0.033014112903225805 31
320 0.1 0.0 0.0 0.1015625 0.0 0.0323486328125 32
330 0.1 0.0 0.0 0.1015625 0.0 0.031368371212121215 33
340 0.1 0.0 0.0 0.1015625 0.0 0.03044577205882353 34
350 0.1 0.0 0.0 0.1015625 0.0 0.029575892857142856 35
360 0.1 0.0 0.0 0.1015625 0.0 0.028754340277777776 36
370 0.1 0.0 0.0 0.1015625 0.0 0.027977195945945946 37
380 0.1 0.0 0.0 0.1015625 0.0 0.02724095394736842 38
390 0.1 0.0 0.0 0.1015625 0.0 0.026542467948717948 39
400 0.1 0.0 0.0 0.1015625 0.0 0.02587890625 40
410 0.1 0.0 0.0 0.1015625 0.0 0.025247713414634148 41
420 0.1 0.0 0.0 0.1015625 0.0 0.02464657738095238 42
430 0.1 0.0 0.0 0.1015625 0.0 0.0240734011627907 43
440 0.1 0.0 0.0 0.1015625 0.0 0.023526278409090908 44
450 0.1 0.0 0.0 0.1015625 0.0 0.023003472222222224 45
460 0.1 0.0 0.0 0.1015625 0.0 0.022503396739130436 46
470 0.1 0.0 0.0 0.1015625 0.0 0.022024601063829786 47
480 0.1 0.0 0.0 0.1015625 0.0 0.021565755208333332 48
490 0.1 0.0 0.0 0.1015625 0.0 0.02112563775510204 49
500 0.1 0.0 0.0 0.1015625 0.0 0.020703125 50
510 0.1 0.0 0.0 0.1015625 0.0 0.02029718137254902 51
520 0.1 0.0 0.0 0.1015625 0.0 0.01990685096153846 52
530 0.1 0.0 0.0 0.1015625 0.0 0.01953125 53
540 0.1 0.078125 0.0 0.1015625 0.0 0.019169560185185185 54
550 0.1 0.0703125 0.0 0.1015625 0.0 0.020241477272727272 55
560 0.1 0.05859375 0.0 0.1015625 0.0 0.021135602678571428 56
570 0.1 0.05078125 0.0 0.1015625 0.0 0.021792763157894735 57
580 0.1 0.0390625 0.0 0.1015625 0.0 0.022292564655172414 58
590 0.1 0.0390625 0.0 0.1015625 0.0 0.022576800847457626 59
600 0.1 0.03125 0.0 0.1015625 0.0 0.0228515625 60
610 0.1 0.03125 0.0 0.1015625 0.0 0.022989241803278687 61
620 0.1 0.01953125 0.0 0.1015625 0.0 0.023122479838709676 62
630 0.1 0.01953125 0.0 0.1015625 0.0 0.023065476190476192 63
640 0.1 0.01953125 0.0 0.1015625 0.0 0.02301025390625 64
650 0.1 0.01171875 0.0 0.1015625 0.0 0.02295673076923077 65
660 0.1 0.01171875 0.0 0.1015625 0.0 0.022786458333333332 66
670 0.1 0.01171875 0.0 0.1015625 0.0 0.022621268656716417 67
680 0.1 0.01171875 0.0 0.1015625 0.0 0.0224609375 68
690 0.1 0.01171875 0.0 0.1015625 0.0 0.022305253623188404 69
700 0.1 0.01171875 0.0 0.1015625 0.0 0.022154017857142858 70
710 0.1 0.0 0.0 0.1015625 0.0 0.022007042253521125 71
720 0.1 0.0 0.0 0.1015625 0.0 0.021701388888888888 72
730 0.1 0.0 0.0 0.1015625 0.0 0.021404109589041095 73
740 0.1 0.0 0.0 0.1015625 0.0 0.021114864864864864 74
750 0.1 0.0 0.0 0.1015625 0.0 0.020833333333333332 75
760 0.1 0.0 0.0 0.1015625 0.0 0.02055921052631579 76
770 0.1 0.0 0.0 0.1015625 0.0 0.020292207792207792 77
780 0.1 0.0 0.0 0.1015625 0.0 0.020032051282051284 78
790 0.1 0.078125 0.0 0.1015625 0.0 0.01977848101265823 79
800 0.1 0.05859375 0.0 0.1015625 0.0 0.0205078125 80
810 0.1 0.05078125 0.0 0.1015625 0.0 0.02097800925925926 81
820 0.1 0.05078125 0.0 0.1015625 0.0 0.021341463414634148 82
840 0.1 0.0390625 0.0 0.1015625 0.0 0.02169615963855422 83
850 0.1 0.03125 0.0 0.1015625 0.0 0.021902901785714288 84
860 0.1 0.03125 0.0 0.1015625 0.0 0.022012867647058825 85
870 0.1 0.01953125 0.0 0.1015625 0.0 0.0221202761627907 86
880 0.1 0.01953125 0.0 0.1015625 0.0 0.02209051724137931 87
890 0.1 0.01953125 0.0 0.1015625 0.0 0.022061434659090908 88
900 0.1 0.01171875 0.0 0.1015625 0.0 0.022033005617977528 89
910 0.1 0.01171875 0.0 0.1015625 0.0 0.021918402777777776 90
920 0.1 0.01171875 0.0 0.1015625 0.0 0.02180631868131868 91
930 0.1 0.01171875 0.0 0.1015625 0.0 0.021696671195652172 92
940 0.1 0.01171875 0.0 0.1015625 0.0 0.02158938172043011 93
950 0.1 0.01171875 0.0 0.1015625 0.0 0.021484375 94
959 0.1 0.01171875 0.0 0.1015625 0.0 0.02138157894736842 95
