30 0.1 1
40 0 1
50 0 1
60 0.1 2
70 0 2
80 0 2
90 0.1 3
100 0 3
110 0 3
120 0 3
130 0 3
140 0 3
150 0 3
160 0 3
170 0 3
180 0 3
190 0 3
200 0 3
210 0 3
220 0 3
230 0 3
240 0 3
250 0 3
260 0 3
270 0 3
280 0 3
290 0 3
300 0 3
310 0 3
320 0 3
330 0 3
340 0 3
350 0 3
360 0 3
370 0 3
380 0 3
390 0 3
400 0 3
410 0 3
420 0 3
430 0 3
440 0 3
450 0 3
460 0 3
470 0 3
480 0 3
490 0 3
500 0 3
510 0 3
520 0 3
530 0 3
540 0 3
550 0 3
560 0 3
570 0 3
580 0 3
590 0 3
600 0 3
610 0 3
620 0 3
630 0 3
640 0 3
650 0 3
660 0 3
670 0 3
680 0 3
690 0 3
700 0 3
710 0 3
720 0 3
730 0 3
740 0 3
750 0 3
760 0 3
770 0 3
780 0 3
790 0 3
800 0 3
810 0 3
820 0 3
830 0 3
840 0 3
850 0 3
860 0 3
870 0 3
880 0 3
890 0 3
900 0 3
910 0 3
920 0 3
930 0 3
940 0 3
950 0 3
959 0 3
