0 1.7 84.75722369025736 78.56551885890102 332.52197265625 17.366943359375 0 0
10 3.6 1063.9263509114583 2012.1930902956908 11821.664794921875 17.366943359375 84.75722369025736 17
20 0.1 18366.588134765625 0.0 18366.588134765625 17.366943359375 749.8532346329599 53
30 0.8 22461.293975830078 1666.4974749128237 25083.51611328125 17.366943359375 1076.089066116898 54
40 0.1 21384.791015625 0.0 25083.51611328125 17.366943359375 3835.4703447895668 62
50 2.4 30130.498901367188 4063.937807877759 39665.169921875 17.366943359375 4114.030990358383 63
60 8.7 13129.26881005298 8898.03321662038 45971.18212890625 17.366943359375 11290.98765546426 87
70 12.3 2519.512373761434 6307.885403168593 54902.6259765625 0.680908203125 12210.128232758621 174
80 38.7 1444.7314673924018 5962.800750208434 54902.6259765625 0.64697265625 8196.84287701231 297
90 61.7 3071.330529211404 8034.812932005033 54902.6259765625 0.64697265625 4376.56931630631 684
100 97.4 114.5191978752247 1613.758961513842 54902.6259765625 0.629150390625 3757.5590690829763 1301
110 101.3 295.3459231648724 3410.2967042924915 54902.6259765625 0.60595703125 2197.8576033439213 2275
120 84.9 280.57356483270775 3074.749813586088 54902.6259765625 0.60595703125 1611.7127335077362 3288
130 48.9 1001.1932075984151 6923.563368787933 54902.6259765625 0.60595703125 1338.5347895374439 4137
140 22.1 4916.2088838465115 15197.553590020147 59100.81103515625 0.60595703125 1302.8754653765739 4626
150 8.4 1.1334664481026788 1.2646218142438528 59100.81103515625 0.60595703125 1467.626174161772 4847
160 3.2 35651.160583496094 37953.55110149377 77174.34985351563 0.60595703125 1442.6443474637497 4931
170 1.5 56534.79700520833 34133.62425830883 82138.97290039063 0.60595703125 1663.2110449356487 4963
180 0.6 1.1356201171875 0.06106294126686316 82138.97290039063 0.60595703125 1828.5533087773704 4978
190 3.2 91493.5322265625 23793.64738991577 102603.3349609375 0.60595703125 1826.3533677396576 4984
200 0 0 0 102603.3349609375 0.60595703125 2398.392786296741 5016
210 0.8 108538.25262451172 10566.302180091307 124334.44482421875 0.60595703125 2398.392786296741 5016
220 1.1 97556.8360040838 14368.581962334878 125305.97192382813 0.60595703125 2567.4053019626886 5024
230 0 0 0 125305.97192382813 0.60595703125 2774.929380954413 5035
240 2.3 107798.99141261888 7728.275667552016 126254.001953125 0.60595703125 2774.929380954413 5035
250 0.7 93685.92044503348 16644.486541735194 127903.05615234375 0.60595703125 3252.5002442854297 5058
260 1.8 104006.45841471355 11637.614415019207 128045.87084960938 0.60595703125 3377.4822662805404 5065
270 2.1 84598.63802083333 12780.903323172111 128045.87084960938 0.60595703125 3733.8311883092233 5083
280 0.5 93151.92607421875 11334.628761716878 128045.87084960938 0.60595703125 4066.5429719069907 5104
290 2.9 79740.94287109374 16278.42990259368 128045.87084960938 0.60595703125 4153.7277273408445 5109
300 0.2 79278.61206054688 23222.864013671875 128045.87084960938 0.60595703125 4580.358564080594 5138
310 0.6 91679.89477539063 22839.19517770477 128045.87084960938 0.60595703125 4609.424032367157 5140
320 0.7 78595.5642438616 9692.439067921372 128045.87084960938 0.60595703125 4710.944208126609 5146
330 0.1 91915.85913085938 0.0 128045.87084960938 0.60595703125 4811.311438914528 5153
340 1.5 85692.40992838542 8257.455343217529 128045.87084960938 0.60595703125 4828.211816813624 5154
350 0.1 109629.35009765625 0.0 128045.87084960938 0.60595703125 5062.872867630722 5169
360 1 98353.7214111328 7817.522415593205 128045.87084960938 0.60595703125 5083.098491853164 5170
370 0.6 98842.67301432292 1199.5644305756855 128045.87084960938 0.60595703125 5263.157609457951 5180
380 0.2 113111.94055175781 1093.1285400390625 128045.87084960938 0.60595703125 5371.425463763619 5186
390 1 119272.97692871094 2662.878623471118 128045.87084960938 0.60595703125 5412.959972278651 5188
400 0.5 124506.93466796874 6164.395493157127 132435.13403320313 0.60595703125 5632.005791740814 5198
410 1 123470.72583007813 9374.464639923632 138995.048828125 0.60595703125 5746.242702058157 5203
420 0.4 132610.08850097656 8775.33960665257 142477.42797851563 0.60595703125 5972.071367180006 5213
430 0.9 139424.70220269097 1984.0607755302046 143133.39599609375 0.60595703125 6069.1677958814025 5217
440 1.8 131953.05886501737 7800.547900517711 148501.81396484375 0.60595703125 6298.827154790948 5226
450 1.9 112425.81271844161 16603.308809190432 159168.20483398438 0.60595703125 6730.134586290582 5244
460 0.8 120482.07723999023 33095.1894977714 164105.49291992188 0.60595703125 7111.707431533005 5263
470 0.6 105776.8924967448 23911.8298977767 164105.49291992188 0.60595703125 7283.774014433338 5271
480 0.6 97732.92163085938 12553.645790579352 164105.49291992188 0.60595703125 7395.761642042561 5277
490 1.9 87752.79088712993 13558.516561353796 164105.49291992188 0.60595703125 7498.3592115926085 5283
500 1.1 79081.08564897017 18551.380901672732 164105.49291992188 0.60595703125 7785.955251169223 5302
510 0.4 89757.26873779297 15369.973912984331 164105.49291992188 0.60595703125 7933.56421679614 5313
520 0.3 88015.79264322917 10253.506669912531 164105.49291992188 0.60595703125 7995.120511338925 5317
530 0.7 88655.11352539063 4202.950011006238 164105.49291992188 0.60595703125 8040.2449505110435 5320
540 0.7 95206.37029157366 3629.71304574772 164105.49291992188 0.60595703125 8146.177760727705 5327
550 0.7 99847.42313058036 4950.815683935032 164105.49291992188 0.60595703125 8260.429981896794 5334
560 0.5 104152.3732421875 6323.092515413705 164105.49291992188 0.60595703125 8380.465359549065 5341
570 1.5 98588.41005859376 9816.484908146256 164105.49291992188 0.60595703125 8470.038786300503 5346
580 1.5 91296.94855143229 11880.77228852003 164105.49291992188 0.60595703125 8722.188677940943 5361
590 0.9 96102.45236545139 14158.296894389729 164105.49291992188 0.60595703125 8952.58700348082 5376
600 0.3 108059.72403971355 3887.0872400551393 164105.49291992188 0.60595703125 9098.241374559322 5385
610 0.8 89610.04705810547 7763.321044666275 164105.49291992188 0.60595703125 9153.342422813863 5388
620 2.3 78896.0313455333 17065.9020804545 164105.49291992188 0.60595703125 9272.625898922524 5396
630 1.8 59574.32609049479 18916.929884349393 164105.49291992188 0.60595703125 9568.13029554036 5419
640 0.9 73118.04220920139 14958.419503253324 164105.49291992188 0.60595703125 9733.683270399508 5437
650 1.7 51655.09715360754 11414.246732652102 164105.49291992188 0.60595703125 9838.431568315265 5446
660 0.7 49801.944056919645 18653.56734669997 164105.49291992188 0.60595703125 9968.558479344 5463
670 0.6 56578.19453938802 15402.432586707288 164105.49291992188 0.60595703125 10019.533561435961 5470
680 0.5 58492.3259765625 4787.886779259148 164105.49291992188 0.60595703125 10070.5474339465 5476
690 0.5 65410.95205078125 1933.4771754218955 164105.49291992188 0.60595703125 10114.719828165269 5481
700 0.3 66817.62190755208 1890.5317620771416 164105.49291992188 0.60595703125 10165.117414952196 5486
710 0.6 77996.43404134114 4158.518805804456 164105.49291992188 0.60595703125 10196.080707624413 5489
720 0.8 77364.01126098633 7169.8094430429965 164105.49291992188 0.60595703125 10270.11203064576 5495
730 0.7 87081.79171316964 7120.766118800458 164105.49291992188 0.60595703125 10367.649954295173 5503
740 2 83719.60361328124 8427.33055325526 164105.49291992188 0.60595703125 10465.108936565975 5510
750 0.9 81614.06751844619 19009.87096922382 164105.49291992188 0.60595703125 10730.043817856085 5530
760 0.1 109837.01489257813 0.0 164105.49291992188 0.60595703125 10845.219158766955 5539
770 2 62365.86494140625 13772.76441179514 164105.49291992188 0.60595703125 10863.087713953564 5540
780 0.7 47566.886439732145 21653.49593618208 164105.49291992188 0.60595703125 11048.349502541523 5560
790 0.4 63984.90075683594 19810.89157416634 164105.49291992188 0.60595703125 11094.268266428775 5567
800 1.6 52655.12191772461 8115.798889629299 164105.49291992188 0.60595703125 11132.243949423144 5571
810 0.7 45643.44667271205 9159.532010916326 164105.49291992188 0.60595703125 11251.156791286903 5587
820 1.1 55367.979447798294 13495.219348381546 164105.49291992188 0.60595703125 11294.193264145319 5594
830 0.2 52404.5166015625 2983.58154296875 164105.49291992188 0.60595703125 11380.689543899143 5605
840 2.2 49711.26064231179 10306.378035839798 164105.49291992188 0.60595703125 11395.322619361124 5607
850 2 34385.9068725586 13684.187004524321 164105.49291992188 0.60595703125 11545.074020410142 5629
860 0.5 29367.990771484376 20621.45913298063 164105.49291992188 0.60595703125 11625.940838792681 5649
870 0.7 45250.246861049105 19489.87693803552 164105.49291992188 0.60595703125 11641.630660098564 5654
880 0.2 37516.37646484375 863.569580078125 164105.49291992188 0.60595703125 11683.188744077836 5661
890 0.7 42894.37681361607 3316.856510154077 164105.49291992188 0.60595703125 11692.312243184586 5663
900 0.2 52665.64050292969 1596.6256103515625 164105.49291992188 0.60595703125 11730.833310555488 5670
910 0.5 54887.60263671875 2942.718378869558 164105.49291992188 0.60595703125 11745.267304628962 5672
920 0.8 56005.32534790039 8036.890347673036 164105.49291992188 0.60595703125 11783.264781581656 5677
930 1.1 50053.01953125 16149.818384252778 164105.49291992188 0.60595703125 11845.494594163987 5685
940 1.2 33056.25014241537 24744.614823726664 164105.49291992188 0.60595703125 11919.280193586028 5696
950 0.8 19882.902587890625 25947.52986831454 164105.49291992188 0.60595703125 11963.716710647337 5708
959 0.4 21254.923950195313 21385.72382848763 164105.49291992188 0.60595703125 11974.800245814928 5716
