10 0.1 2075 0 2075 2075 0 0
20 0.1 5357.0 0.0 5357 2075 2075.0 1
30 0.1 1566.0 0.0 5357 1566 3716.0 2
40 0.1 2133.0 0.0 5357 1566 2999.3333333333335 3
50 0.1 808.0 0.0 5357 808 2782.75 4
60 0.1 3990.0 0.0 5357 808 2387.8 5
70 0.1 10213.0 0.0 10213 808 2654.8333333333335 6
80 0.1 4672.0 0.0 10213 808 3734.5714285714284 7
90 0.1 7679.0 0.0 10213 808 3851.75 8
100 0.1 6731.0 0.0 10213 808 4277.0 9
110 0.1 3342.0 0.0 10213 808 4522.4 10
120 0.1 3046.0 0.0 10213 808 4415.090909090909 11
130 0.1 1257.0 0.0 10213 808 4301.0 12
140 0.1 3545.0 0.0 10213 808 4066.846153846154 13
150 0.1 3111.0 0.0 10213 808 4029.5714285714284 14
160 0.1 100.0 0.0 10213 100 3968.3333333333335 15
170 0.1 4588.0 0.0 10213 100 3726.5625 16
180 0.1 733.0 0.0 10213 100 3777.235294117647 17
190 0.1 481.0 0.0 10213 100 3608.1111111111113 18
200 0.1 5592.0 0.0 10213 100 3443.5263157894738 19
210 0.1 1.0 0.0 10213 1 3550.95 20
220 0.1 5305.0 0.0 10213 1 3381.904761904762 21
230 0.1 326.0 0.0 10213 1 3469.318181818182 22
240 0.1 1060.0 0.0 10213 1 3332.6521739130435 23
250 0.1 4107.0 0.0 10213 1 3237.9583333333335 24
260 0.1 4.0 0.0 10213 1 3272.72 25
270 0.1 3811.0 0.0 10213 1 3147.0 26
280 0.1 732.0 0.0 10213 1 3171.5925925925926 27
290 0.1 819.0 0.0 10213 1 3084.464285714286 28
300 0.1 5029.0 0.0 10213 1 3006.344827586207 29
310 0.1 607.0 0.0 10213 1 3073.766666666667 30
320 0.1 3256.0 0.0 10213 1 2994.1935483870966 31
330 0.1 3.0 0.0 10213 1 3002.375 32
340 0.1 2180.0 0.0 10213 1 2911.4848484848485 33
350 0.1 487.0 0.0 10213 1 2889.970588235294 34
360 0.1 865.0 0.0 10213 1 2821.3142857142857 35
370 0.1 1621.0 0.0 10213 1 2766.972222222222 36
380 0.1 148.0 0.0 10213 1 2736.0 37
390 0.1 3145.0 0.0 10213 1 2667.8947368421054 38
400 0.1 1306.0 0.0 10213 1 2680.128205128205 39
410 0.1 1424.0 0.0 10213 1 2645.775 40
420 0.1 649.0 0.0 10213 1 2615.9756097560976 41
430 0.1 502.0 0.0 10213 1 2569.1428571428573 42
440 0.1 2784.0 0.0 10213 1 2521.0697674418607 43
450 0.1 2336.0 0.0 10213 1 2527.045454545455 44
460 0.1 3286.0 0.0 10213 1 2522.8 45
470 0.1 1832.0 0.0 10213 1 2539.3913043478265 46
480 0.1 529.0 0.0 10213 1 2524.340425531915 47
490 0.1 2504.0 0.0 10213 1 2482.7708333333335 48
500 0.1 2190.0 0.0 10213 1 2483.204081632653 49
510 0.1 631.0 0.0 10213 1 2477.34 50
520 0.1 1615.0 0.0 10213 1 2441.1372549019607 51
530 0.1 1994.0 0.0 10213 1 2425.25 52
540 0.1 1323.0 0.0 10213 1 2417.1132075471696 53
550 0.1 2593.0 0.0 10213 1 2396.8518518518517 54
560 0.1 1066.0 0.0 10213 1 2400.418181818182 55
570 0.1 1945.0 0.0 10213 1 2376.589285714286 56
580 0.1 2566.0 0.0 10213 1 2369.0175438596493 57
590 0.1 2042.0 0.0 10213 1 2372.4137931034484 58
600 0.1 806.0 0.0 10213 1 2366.813559322034 59
610 0.1 1190.0 0.0 10213 1 2340.8 60
620 0.1 1826.0 0.0 10213 1 2321.934426229508 61
630 0.1 4060.0 0.0 10213 1 2313.935483870968 62
640 0.1 734.0 0.0 10213 1 2341.6507936507937 63
650 0.1 3276.0 0.0 10213 1 2316.53125 64
660 0.1 1591.0 0.0 10213 1 2331.2923076923075 65
670 0.1 2037.0 0.0 10213 1 2320.0757575757575 66
680 0.1 1268.0 0.0 10213 1 2315.8507462686566 67
690 0.1 135.0 0.0 10213 1 2300.4411764705883 68
700 0.1 951.0 0.0 10213 1 2269.057971014493 69
710 0.1 1810.0 0.0 10213 1 2250.2285714285717 70
720 0.1 1484.0 0.0 10213 1 2244.028169014085 71
730 0.1 904.0 0.0 10213 1 2233.4722222222226 72
740 0.1 2934.0 0.0 10213 1 2215.260273972603 73
750 0.1 2608.0 0.0 10213 1 2224.9729729729734 74
760 0.1 21.0 0.0 10213 1 2230.0800000000004 75
770 0.1 2793.0 0.0 10213 1 2201.013157894737 76
780 0.1 1585.0 0.0 10213 1 2208.701298701299 77
790 0.1 414.0 0.0 10213 1 2200.7051282051284 78
800 0.1 3170.0 0.0 10213 1 2178.088607594937 79
810 0.1 1579.0 0.0 10213 1 2190.4875 80
820 0.1 2109.0 0.0 10213 1 2182.938271604938 81
840 0.1 29.0 0.0 10213 1 2182.0365853658536 82
850 0.1 3218.0 0.0 10213 1 2156.0963855421687 83
860 0.1 2384.0 0.0 10213 1 2168.7380952380954 84
870 0.1 929.0 0.0 10213 1 2171.2705882352943 85
880 0.1 2704.0 0.0 10213 1 2156.825581395349 86
890 0.1 350.0 0.0 10213 1 2163.114942528736 87
900 0.1 1114.0 0.0 10213 1 2142.511363636364 88
910 0.1 1333.0 0.0 10213 1 2130.9550561797755 89
920 0.1 1076.0 0.0 10213 1 2122.0888888888894 90
930 0.1 847.0 0.0 10213 1 2110.593406593407 91
940 0.1 1526.0 0.0 10213 1 2096.8586956521744 92
950 0.1 1907.0 0.0 10213 1 2090.7204301075276 93
959 0.1 2126.0 0.0 10213 1 2088.7659574468094 94
