10 0.1 1031 0 1031 1031 0 0
20 0.1 2333.0 0.0 2333 1031 1031.0 1
30 0.1 730.0 0.0 2333 730 1682.0 2
40 0.1 1039.0 0.0 2333 730 1364.6666666666667 3
50 0.1 424.0 0.0 2333 424 1283.25 4
60 0.1 1465.0 0.0 2333 424 1111.4 5
70 0.1 4457.0 0.0 4457 424 1170.3333333333333 6
80 0.1 2304.0 0.0 4457 424 1639.857142857143 7
90 0.1 3886.0 0.0 4457 424 1722.875 8
100 0.1 4159.0 0.0 4457 424 1963.2222222222222 9
110 0.1 3223.0 0.0 4457 424 2182.8 10
120 0.1 3190.0 0.0 4457 424 2277.3636363636365 11
130 0.1 1958.0 0.0 4457 424 2353.4166666666665 12
140 0.1 2286.0 0.0 4457 424 2323.0 13
150 0.1 1655.0 0.0 4457 424 2320.3571428571427 14
160 0.1 185.0 0.0 4457 185 2276.0 15
170 0.1 1883.0 0.0 4457 185 2145.3125 16
180 0.1 348.0 0.0 4457 185 2129.8823529411766 17
190 0.1 212.0 0.0 4457 185 2030.888888888889 18
200 0.1 2281.0 0.0 4457 185 1935.157894736842 19
210 0.1 1.0 0.0 4457 1 1952.45 20
220 0.1 2291.0 0.0 4457 1 1859.5238095238096 21
230 0.1 157.0 0.0 4457 1 1879.1363636363637 22
240 0.1 466.0 0.0 4457 1 1804.2608695652175 23
250 0.1 1590.0 0.0 4457 1 1748.5 24
260 0.1 5.0 0.0 4457 1 1742.16 25
270 0.1 1611.0 0.0 4457 1 1675.3461538461538 26
280 0.1 261.0 0.0 4457 1 1672.962962962963 27
290 0.1 394.0 0.0 4457 1 1622.5357142857142 28
300 0.1 1891.0 0.0 4457 1 1580.1724137931035 29
310 0.1 277.0 0.0 4457 1 1590.5333333333333 30
320 0.1 1397.0 0.0 4457 1 1548.1612903225807 31
330 0.1 3.0 0.0 4457 1 1543.4375 32
340 0.1 912.0 0.0 4457 1 1496.7575757575758 33
350 0.1 214.0 0.0 4457 1 1479.5588235294117 34
360 0.1 360.0 0.0 4457 1 1443.4 35
370 0.1 722.0 0.0 4457 1 1413.3055555555557 36
380 0.1 70.0 0.0 4457 1 1394.6216216216217 37
390 0.1 1011.0 0.0 4457 1 1359.7631578947369 38
400 0.1 503.0 0.0 4457 1 1350.820512820513 39
410 0.1 511.0 0.0 4457 1 1329.6250000000002 40
420 0.1 290.0 0.0 4457 1 1309.658536585366 41
430 0.1 228.0 0.0 4457 1 1285.3809523809523 42
440 0.1 1075.0 0.0 4457 1 1260.7906976744187 43
450 0.1 691.0 0.0 4457 1 1256.5681818181818 44
460 0.1 1496.0 0.0 4457 1 1244.0 45
470 0.1 835.0 0.0 4457 1 1249.4782608695652 46
480 0.1 228.0 0.0 4457 1 1240.659574468085 47
490 0.1 1022.0 0.0 4457 1 1219.5625 48
500 0.1 931.0 0.0 4457 1 1215.530612244898 49
510 0.1 290.0 0.0 4457 1 1209.8400000000001 50
520 0.1 718.0 0.0 4457 1 1191.8039215686276 51
530 0.1 822.0 0.0 4457 1 1182.6923076923078 52
540 0.1 481.0 0.0 4457 1 1175.8867924528304 53
550 0.1 1159.0 0.0 4457 1 1163.0185185185187 54
560 0.1 466.0 0.0 4457 1 1162.9454545454546 55
570 0.1 846.0 0.0 4457 1 1150.5 56
580 0.1 1079.0 0.0 4457 1 1145.157894736842 57
590 0.1 800.0 0.0 4457 1 1144.0172413793102 58
600 0.1 302.0 0.0 4457 1 1138.1864406779662 59
610 0.1 447.0 0.0 4457 1 1124.25 60
620 0.1 780.0 0.0 4457 1 1113.1475409836066 61
630 0.1 1639.0 0.0 4457 1 1107.774193548387 62
640 0.1 107.0 0.0 4457 1 1116.2063492063492 63
650 0.1 1337.0 0.0 4457 1 1100.4375 64
660 0.1 602.0 0.0 4457 1 1104.076923076923 65
670 0.1 737.0 0.0 4457 1 1096.469696969697 66
680 0.1 550.0 0.0 4457 1 1091.1044776119404 67
690 0.1 63.0 0.0 4457 1 1083.1470588235297 68
700 0.1 419.0 0.0 4457 1 1068.3623188405802 69
710 0.1 798.0 0.0 4457 1 1059.0857142857146 70
720 0.1 617.0 0.0 4457 1 1055.4084507042257 71
730 0.1 358.0 0.0 4457 1 1049.3194444444448 72
740 0.1 1042.0 0.0 4457 1 1039.8493150684935 73
750 0.1 875.0 0.0 4457 1 1039.8783783783788 74
760 0.1 13.0 0.0 4457 1 1037.6800000000003 75
770 0.1 1167.0 0.0 4457 1 1024.197368421053 76
780 0.1 625.0 0.0 4457 1 1026.0519480519483 77
790 0.1 177.0 0.0 4457 1 1020.9102564102566 78
800 0.1 1305.0 0.0 4457 1 1010.227848101266 79
810 0.1 702.0 0.0 4457 1 1013.9125000000001 80
820 0.1 940.0 0.0 4457 1 1010.0617283950619 81
840 0.1 18.0 0.0 4457 1 1009.2073170731709 82
850 0.1 1.2e3 0.0 4457 1 997.265060240964 83
860 0.1 1108.0 0.0 4457 1 999.6785714285716 84
870 0.1 398.0 0.0 4457 1 1000.9529411764707 85
880 0.1 950.0 0.0 4457 1 993.9418604651164 86
890 0.1 40.0 0.0 4457 1 993.4367816091956 87
900 0.1 534.0 0.0 4457 1 982.6022727272729 88
910 0.1 546.0 0.0 4457 1 977.5617977528092 89
920 0.1 499.0 0.0 4457 1 972.7666666666669 90
930 0.1 397.0 0.0 4457 1 967.5604395604397 91
940 0.1 676.0 0.0 4457 1 961.3586956521741 92
950 0.1 670.0 0.0 4457 1 958.2903225806454 93
959 0.1 987.0 0.0 4457 1 955.2234042553193 94
