0 1945.0390625 1945.0390625
10 6258.1828125 8203.221875
20 577.5046875 8780.7265625
30 3251.33984375 12032.06640625
40 276.71640625 12308.7828125
50 3380.40078125 15689.18359375
60 11461.90078125 27151.084375
70 6607.79296875 33758.87734375
80 4819.7359375 38578.61328125
90 9762.1390625 48340.75234375
100 2833.92578125 51174.678125
110 2110.415625 53285.09375
120 873.28046875 54158.37421875
130 1953.0390625 56111.41328125
140 4795.2296875 60906.64296875
150 31.696875 60938.33984375
160 3900.8828125 64839.22265625
170 2012.68828125 66851.9109375
180 2.2640625 66854.175
190 6757.821875 73611.996875
200 0 73611.996875
210 2620.4734375 76232.4703125
220 3634.80078125 79867.27109375
230 0 79867.27109375
240 4189.7140625 84056.98515625
250 1555.8984375 85612.88359375
260 2122.29609375 87735.1796875
270 2903.81171875 90638.99140625
280 594.17109375 91233.1625
290 4777.2171875 96010.3796875
300 985.43125 96995.8109375
310 2341.55390625 99337.36484375
320 1992 101329.36484375
330 611.29296875 101940.6578125
340 2359.7578125 104300.415625
350 403.059375 104703.475
360 1873.628125 106577.103125
370 487.534375 107064.6375
380 160.95 107225.5875
390 5002.71875 112228.30625
400 820.2875 113048.59375
410 976.803125 114025.396875
420 509.4375 114534.834375
430 3202.7828125 117737.6171875
440 1850.08984375 119587.70703125
450 2721.92109375 122309.628125
460 3099.52109375 125409.14921875
470 1030.3953125 126439.54453125
480 581.2359375 127020.78046875
490 3989.2578125 131010.03828125
500 1399.84296875 132409.88125
510 1406.8921875 133816.7734375
520 944.7953125 134761.56875
530 2531.75390625 137293.32265625
540 2329.07890625 139622.4015625
550 1761.3 141383.7015625
560 1186.98515625 142570.68671875
570 2749.13671875 145319.8234375
580 2272.37578125 147592.19921875
590 2284.01484375 149876.2140625
600 1556.6421875 151432.85625
610 639.52734375 152072.38359375
620 3215.12109375 155287.5046875
630 4049.0703125 159336.575
640 2617.7171875 161954.2921875
650 1500.95078125 163455.24296875
660 1408.81796875 164864.0609375
670 2286.4359375 167150.496875
680 1419.4203125 168569.9171875
690 537.13125 169107.0484375
700 669.0796875 169776.128125
710 2011.909375 171788.0375
720 1655.49140625 173443.52890625
730 998.88203125 174442.4109375
740 3641.62265625 178084.03359375
750 2548.18203125 180632.215625
760 20.2796875 180652.4953125
770 3104.15234375 183756.64765625
780 1761.69140625 185518.3390625
790 459.14140625 185977.48046875
800 3523.70625 189501.18671875
810 1755.62265625 191256.809375
820 2343.4296875 193600.2390625
830 26.6453125 193626.884375
840 3194.82265625 196821.70703125
850 2983.07734375 199804.784375
860 360.290625 200165.075
870 3710.55234375 203875.62734375
880 388.10703125 204263.734375
890 1235.790625 205499.525
900 1499.41875 206998.94375
910 842.32734375 207841.27109375
920 1289.56484375 209130.8359375
930 1691.12109375 210821.95703125
940 2113.9421875 212935.89921875
950 376.06953125 213311.96875
959 2015.95390625 215327.92265625
