0 1 11.244677734375 31.019463659658893 104.302978515625 0.81103515625 0 0
10 1.1 0.90576171875 0.01539723239066297 104.302978515625 0.81103515625 11.244677734375 10
20 0.8 0.94635009765625 0.08290225778796428 104.302978515625 0.80908203125 5.829055059523809 21
30 0.9 0.9319390190972222 0.05408665760780278 104.302978515625 0.80908203125 4.482101966594827 29
40 1.3 0.9251051682692307 0.060000557793426536 104.302978515625 0.80908203125 3.6412739000822367 38
50 2.1 0.8763834635416666 0.08290028450640767 104.302978515625 0.658935546875 2.948917164522059 51
60 3.1 0.9174883442540323 0.18325965328682264 104.302978515625 0.658935546875 2.3444281684027777 72
70 3.4 0.8551815257352942 0.09282921160270315 104.302978515625 0.658935546875 1.9149608426881068 103
80 3.4 0.8709285960477942 0.09238987519516206 104.302978515625 0.658935546875 1.6519499173129562 137
90 7.9 0.8489109473892406 0.13311145243912864 104.302978515625 0.635009765625 1.4966591282894737 171
100 9.3 0.8062258484543009 0.11303612442210813 104.302978515625 0.591064453125 1.291970703125 250
110 6.6 0.8350460168087122 0.11100714246129341 104.302978515625 0.591064453125 1.1602672877186588 343
120 12.5 0.8054453125 0.14194181515489135 104.302978515625 0.591064453125 1.1077865936353912 409
130 14.7 0.8625587930484693 0.4626033337861848 104.302978515625 0.588134765625 1.0370138218340357 534
140 14 0.8381556919642859 0.2083604398466844 104.302978515625 0.574951171875 0.9993561283957415 681
150 26.1 0.7867239882662833 0.17758868102339115 104.302978515625 0.574951171875 0.97186762522838 821
160 29.6 0.7882030590160471 0.13379866014055142 104.302978515625 0.574951171875 0.9272072839648798 1082
170 29.6 0.7974408123944254 0.27231027096968546 104.302978515625 0.574951171875 0.8973486115520682 1378
180 52.7 0.8557541212049335 0.5385486274757507 104.302978515625 0.56201171875 0.8796827163605138 1674
190 60.1 0.8599530567543675 0.5527323791997346 104.302978515625 0.56201171875 0.8739533344218537 2201
200 60 0.8594132486979162 0.5711564759096562 104.302978515625 0.56201171875 0.8709504197615543 2802
210 100.8 0.9214700365823413 0.8045659087503843 104.302978515625 0.56201171875 0.868915645323523 3402
220 125.2 0.9800028938074076 0.929984919195142 104.302978515625 0.56201171875 0.8809280776112528 4410
230 127.3 0.9042564086434604 0.6385652192669626 104.302978515625 0.56201171875 0.9028358257351641 5662
240 210 1.1801542736235087 2.1566284709509174 104.302978515625 0.56201171875 0.9030965902690157 6935
250 229.8 1.1209819850141436 1.1909345429381595 104.302978515625 0.561767578125 0.9674929527531813 9035
260 235.3 1.161504366931844 1.378446653626026 104.302978515625 0.561767578125 0.9986160266202677 11333
270 337 2.1837158203125053 2.899218422252946 104.302978515625 0.561767578125 1.0266210145461145 13686
280 372 2.3740296722740237 3.0715535320235214 104.302978515625 0.55712890625 1.255244929616045 17056
290 367.2 123.55644694808278 326.30246236533395 1014.59814453125 0.553955078125 1.4555664180010894 20776
300 115 60.36522142493205 234.21506758870197 1014.59814453125 0.547119140625 19.79467118348129 24448
310 0 0 0 1014.59814453125 0.547119140625 21.617318764451223 25598
313 0 0 0 1014.59814453125 0.547119140625 21.617318764451223 25598
