0 0.1 0.0 0 0.0 0.0 0 0
10 0.1 0.0 0.0 0.0 0.0 0.0 1
20 0.1 0.0 0.0 0.0 0.0 0.0 2
30 0.1 0.0 0.0 0.0 0.0 0.0 3
40 0.1 0.0 0.0 0.0 0.0 0.0 4
50 0.1 0.0 0.0 0.0 0.0 0.0 5
60 0.1 0.0 0.0 0.0 0.0 0.0 6
70 0.1 0.0 0.0 0.0 0.0 0.0 7
80 0.1 0.0 0.0 0.0 0.0 0.0 8
90 0.1 0.0 0.0 0.0 0.0 0.0 9
100 0.1 0.0 0.0 0.0 0.0 0.0 10
110 0.1 0.0 0.0 0.0 0.0 0.0 11
120 0.1 0.0 0.0 0.0 0.0 0.0 12
130 0.1 0.078125 0.0 0.078125 0.0 0.0 13
140 0.1 0.05859375 0.0 0.078125 0.0 0.005580357142857143 14
150 0.1 0.05078125 0.0 0.078125 0.0 0.009114583333333334 15
160 0.1 0.05078125 0.0 0.078125 0.0 0.01171875 16
170 0.1 0.0390625 0.0 0.078125 0.0 0.01401654411764706 17
180 0.1 0.109375 0.0 0.109375 0.0 0.015407986111111112 18
190 0.1 0.1015625 0.0 0.109375 0.0 0.02035361842105263 19
200 0.1 0.078125 0.0 0.109375 0.0 0.0244140625 20
210 0.1 0.0703125 0.0 0.109375 0.0 0.026971726190476192 21
220 0.1 0.140625 0.0 0.140625 0.0 0.028941761363636364 22
230 0.1 0.12109375 0.0 0.140625 0.0 0.03379755434782609 23
240 0.1 0.171875 0.0 0.171875 0.0 0.037434895833333336 24
250 0.1 0.1484375 0.0 0.171875 0.0 0.0428125 25
260 0.1 0.12109375 0.0 0.171875 0.0 0.046875 26
270 0.1 0.3203125 0.0 0.3203125 0.0 0.049623842592592594 27
280 0.1 0.4296875 0.0 0.4296875 0.0 0.059291294642857144 28
290 0.1 0.51953125 0.0 0.51953125 0.0 0.07206357758620689 29
300 0.1 0.44140625 0.0 0.51953125 0.0 0.08697916666666666 30
310 0.1 0.37109375 0.0 0.51953125 0.0 0.09841229838709678 31
