10 0.1 228 0 228 228 0 0
20 0.1 251.0 0.0 251 228 228.0 1
30 0.1 206.0 0.0 251 206 239.5 2
40 0.1 250.0 0.0 251 206 228.33333333333334 3
50 0.1 279.0 0.0 279 206 233.75 4
60 0.1 501.0 0.0 501 206 242.8 5
70 0.1 694.0 0.0 694 206 285.8333333333333 6
80 0.1 822.0 0.0 822 206 344.14285714285717 7
90 0.1 894.0 0.0 894 206 403.875 8
100 0.1 2171.0 0.0 2171 206 458.3333333333333 9
110 0.1 1935.0 0.0 2171 206 629.6 10
120 0.1 1384.0 0.0 2171 206 748.2727272727273 11
130 0.1 3372.0 0.0 3372 206 801.25 12
140 0.1 3239.0 0.0 3372 206 999.0 13
150 0.1 3334.0 0.0 3372 206 1159.0 14
160 0.1 6685.0 0.0 6685 206 1304.0 15
170 0.1 6988.0 0.0 6988 206 1640.3125 16
180 0.1 7001.0 0.0 7001 206 1954.8823529411766 17
190 0.1 14118.0 0.0 14118 206 2235.222222222222 18
200 0.1 14224.0 0.0 14224 206 2860.6315789473683 19
210 0.1 14356.0 0.0 14356 206 3428.8 20
220 0.1 28191.0 0.0 28191 206 3949.1428571428573 21
230 0.1 28332.0 0.0 28332 206 5051.045454545455 22
240 0.1 31183.0 0.0 31183 206 6063.260869565217 23
250 0.1 50769.0 0.0 50769 206 7109.916666666667 24
260 0.1 50409.0 0.0 50769 206 8856.28 25
270 0.1 49226.0 0.0 50769 206 10454.461538461539 26
280 0.1 53187.0 0.0 53187 206 11890.444444444445 27
290 0.1 54425.0 0.0 54425 206 13365.32142857143 28
300 0.1 47064.0 0.0 54425 206 14781.172413793103 29
310 0.1 562.0 0.0 54425 206 15857.266666666666 30
