10 0.1 180 0 180 180 0 0
20 0.1 214.0 0.0 214 180 180.0 1
30 0.1 168.0 0.0 214 168 197.0 2
40 0.1 219.0 0.0 219 168 187.33333333333334 3
50 0.1 232.0 0.0 232 168 195.25 4
60 0.1 438.0 0.0 438 168 202.6 5
70 0.1 613.0 0.0 613 168 241.83333333333334 6
80 0.1 671.0 0.0 671 168 294.85714285714283 7
90 0.1 778.0 0.0 778 168 341.875 8
100 0.1 1836.0 0.0 1836 168 390.3333333333333 9
110 0.1 1697.0 0.0 1836 168 534.9 10
120 0.1 1227.0 0.0 1836 168 640.5454545454545 11
130 0.1 2870.0 0.0 2870 168 689.4166666666666 12
140 0.1 2892.0 0.0 2892 168 857.1538461538462 13
150 0.1 2883.0 0.0 2892 168 1002.5 14
160 0.1 5640.0 0.0 5640 168 1127.8666666666666 15
170 0.1 5802.0 0.0 5802 168 1409.875 16
180 0.1 5919.0 0.0 5919 168 1668.235294117647 17
190 0.1 12074.0 0.0 12074 168 1904.388888888889 18
200 0.1 12212.0 0.0 12212 168 2439.6315789473683 19
210 0.1 12548.0 0.0 12548 168 2928.25 20
220 0.1 23866.0 0.0 23866 168 3386.3333333333335 21
230 0.1 23835.0 0.0 23866 168 4317.227272727273 22
240 0.1 24538.0 0.0 24538 168 5165.826086956522 23
250 0.1 39726.0 0.0 39726 168 5973.0 24
260 0.1 41160.0 0.0 41160 168 7323.12 25
270 0.1 40885.0 0.0 41160 168 8624.538461538461 26
280 0.1 43834.0 0.0 43834 168 9819.37037037037 27
290 0.1 45134.0 0.0 45134 168 11034.17857142857 28
300 0.1 39642.0 0.0 45134 168 12210.034482758621 29
310 0.1 837.0 0.0 45134 168 13124.433333333332 30
