0 1.09375 1.09375
10 1.203125 2.296875
20 0.875 3.171875
30 0.984375 4.15625
40 1.421875 5.578125
50 2.296875 7.875
60 3.390625 11.265625
70 3.71875 14.984375
80 3.71875 18.703125
90 8.640625 27.34375
100 10.171875 37.515625
110 7.21875 44.734375
120 13.671875 58.40625
130 16.078125 74.484375
140 15.3125 89.796875
150 28.546875 118.34375
160 32.375 150.71875
170 32.375 183.09375
180 57.640625 240.734375
190 65.734375 306.46875
200 65.625 372.09375
210 110.25 482.34375
220 136.9375 619.28125
230 139.234375 758.515625
240 229.6875 988.203125
250 251.34375 1239.546875
260 257.359375 1496.90625
270 368.59375 1865.5
280 406.875 2272.375
290 401.625 2674
300 125.78125 2799.78125
310 0 2799.78125
313 0 2799.78125
