0 0.1 0.0 0 0.0 0.0 0 0
10 0.1 0.0 0.0 0.0 0.0 0.0 1
20 0.1 0.0 0.0 0.0 0.0 0.0 2
30 0.1 0.0 0.0 0.0 0.0 0.0 3
40 0.1 0.0 0.0 0.0 0.0 0.0 4
50 0.1 0.0 0.0 0.0 0.0 0.0 5
60 0.1 0.0 0.0 0.0 0.0 0.0 6
70 0.1 0.0 0.0 0.0 0.0 0.0 7
80 0.1 0.0 0.0 0.0 0.0 0.0 8
90 0.1 0.0 0.0 0.0 0.0 0.0 9
100 0.1 0.0 0.0 0.0 0.0 0.0 10
110 0.1 0.0 0.0 0.0 0.0 0.0 11
120 0.1 0.0 0.0 0.0 0.0 0.0 12
130 0.1 0.0 0.0 0.0 0.0 0.0 13
140 0.1 0.0 0.0 0.0 0.0 0.0 14
150 0.1 0.0 0.0 0.0 0.0 0.0 15
160 0.1 0.0 0.0 0.0 0.0 0.0 16
170 0.1 0.0 0.0 0.0 0.0 0.0 17
180 0.1 0.0 0.0 0.0 0.0 0.0 18
190 0.1 0.0 0.0 0.0 0.0 0.0 19
200 0.1 0.0 0.0 0.0 0.0 0.0 20
210 0.1 0.0 0.0 0.0 0.0 0.0 21
220 0.1 0.0 0.0 0.0 0.0 0.0 22
230 0.1 0.0 0.0 0.0 0.0 0.0 23
240 0.1 0.0 0.0 0.0 0.0 0.0 24
250 0.1 0.0 0.0 0.0 0.0 0.0 25
260 0.1 0.0703125 0.0 0.0703125 0.0 0.0 26
270 0.1 0.05859375 0.0 0.0703125 0.0 0.0026041666666666665 27
280 0.1 0.05078125 0.0 0.0703125 0.0 0.004603794642857143 28
290 0.1 0.0390625 0.0 0.0703125 0.0 0.006196120689655173 29
300 0.1 0.0390625 0.0 0.0703125 0.0 0.007291666666666667 30
310 0.1 0.03125 0.0 0.0703125 0.0 0.008316532258064516 31
320 0.1 0.03125 0.0 0.0703125 0.0 0.009033203125 32
330 0.1 0.01953125 0.0 0.0703125 0.0 0.009706439393939394 33
340 0.1 0.08984375 0.0 0.08984375 0.0 0.009995404411764705 34
350 0.1 0.078125 0.0 0.08984375 0.0 0.012276785714285714 35
360 0.1 0.0703125 0.0 0.08984375 0.0 0.014105902777777778 36
370 0.1 0.05859375 0.0 0.08984375 0.0 0.015625 37
380 0.1 0.05078125 0.0 0.08984375 0.0 0.01675575657894737 38
390 0.1 0.0390625 0.0 0.08984375 0.0 0.017628205128205128 39
400 0.1 0.03125 0.0 0.08984375 0.0 0.0181640625 40
410 0.1 0.03125 0.0 0.08984375 0.0 0.018483231707317072 41
420 0.1 0.01953125 0.0 0.08984375 0.0 0.01878720238095238 42
430 0.1 0.01953125 0.0 0.08984375 0.0 0.018804505813953487 43
440 0.1 0.01953125 0.0 0.08984375 0.0 0.018821022727272728 44
450 0.1 0.01171875 0.0 0.08984375 0.0 0.018836805555555555 45
460 0.1 0.01171875 0.0 0.08984375 0.0 0.018682065217391304 46
470 0.1 0.01171875 0.0 0.08984375 0.0 0.018533909574468085 47
480 0.1 0.01171875 0.0 0.08984375 0.0 0.018391927083333332 48
486 0.1 0.01171875 0.0 0.08984375 0.0 0.018255739795918366 49
