10 0.1 2720 0 2720 2720 0 0
20 0.1 3457.0 0.0 3457 2720 2720.0 1
30 0.1 4668.0 0.0 4668 2720 3088.5 2
40 0.1 6508.0 0.0 6508 2720 3615.0 3
50 0.1 5817.0 0.0 6508 2720 4338.25 4
60 0.1 6733.0 0.0 6733 2720 4634.0 5
70 0.1 7324.0 0.0 7324 2720 4983.833333333333 6
80 0.1 8405.0 0.0 8405 2720 5318.142857142857 7
90 0.1 5843.0 0.0 8405 2720 5704.0 8
100 0.1 6197.0 0.0 8405 2720 5719.444444444444 9
110 0.1 3552.0 0.0 8405 2720 5767.2 10
120 0.1 5937.0 0.0 8405 2720 5565.818181818182 11
130 0.1 4509.0 0.0 8405 2720 5596.75 12
140 0.1 5833.0 0.0 8405 2720 5513.076923076923 13
150 0.1 4115.0 0.0 8405 2720 5535.928571428572 14
160 0.1 4083.0 0.0 8405 2720 5441.2 15
170 0.1 3653.0 0.0 8405 2720 5356.3125 16
180 0.1 3322.0 0.0 8405 2720 5256.117647058823 17
190 0.1 2020.0 0.0 8405 2020 5148.666666666667 18
200 0.1 3866.0 0.0 8405 2020 4984.0 19
210 0.1 5725.0 0.0 8405 2020 4928.1 20
220 0.1 4671.0 0.0 8405 2020 4966.047619047619 21
230 0.1 2809.0 0.0 8405 2020 4952.636363636364 22
240 0.1 3132.0 0.0 8405 2020 4859.434782608696 23
250 0.1 4033.0 0.0 8405 2020 4787.458333333333 24
260 0.1 4397.0 0.0 8405 2020 4757.28 25
270 0.1 3879.0 0.0 8405 2020 4743.423076923077 26
280 0.1 1222.0 0.0 8405 1222 4711.407407407408 27
290 0.1 2932.0 0.0 8405 1222 4586.785714285715 28
300 0.1 3106.0 0.0 8405 1222 4529.724137931034 29
310 0.1 2.7e3 0.0 8405 1222 4482.266666666666 30
320 0.1 4177.0 0.0 8405 1222 4424.774193548387 31
330 0.1 3440.0 0.0 8405 1222 4417.03125 32
340 0.1 1767.0 0.0 8405 1222 4387.424242424242 33
350 0.1 4012.0 0.0 8405 1222 4310.35294117647 34
360 0.1 2464.0 0.0 8405 1222 4301.828571428571 35
370 0.1 6015.0 0.0 8405 1222 4250.777777777777 36
380 0.1 3566.0 0.0 8405 1222 4298.459459459459 37
390 0.1 4509.0 0.0 8405 1222 4279.184210526316 38
400 0.1 2173.0 0.0 8405 1222 4285.076923076923 39
410 0.1 4297.0 0.0 8405 1222 4232.275 40
420 0.1 2731.0 0.0 8405 1222 4233.8536585365855 41
430 0.1 4406.0 0.0 8405 1222 4198.071428571428 42
440 0.1 3501.0 0.0 8405 1222 4202.906976744186 43
450 0.1 3916.0 0.0 8405 1222 4186.954545454545 44
460 0.1 3646.0 0.0 8405 1222 4180.9333333333325 45
470 0.1 2626.0 0.0 8405 1222 4169.304347826086 46
480 0.1 3738.0 0.0 8405 1222 4136.468085106382 47
486 0.1 2373.0 0.0 8405 1222 4128.166666666666 48
