0 2.1 69.67639741443453 70.05878010726184 274.97998046875 6.65087890625 0 0
10 2.3 655.2809209408969 1550.9804887479108 6565.755859375 6.65087890625 69.67639741443453 21
20 3.6 5277.451354980469 3505.05139547292 12911.818115234375 6.65087890625 375.78785289417624 44
30 4 7868.002062988281 3869.733418193407 19144.248046875 6.65087890625 2581.536428833008 80
40 2 7795.010437011719 4513.86201538499 19985.677978515625 6.65087890625 4343.691640218099 120
50 5.3 13450.139275316922 2705.1396410425114 20772.967041015625 6.65087890625 4836.7371826171875 140
60 6.4 12604.576499938965 3615.198975062394 25264.80810546875 0.950927734375 7202.075581130586 193
70 24.2 2070.7075820796736 5385.108742195198 25772.1728515625 0.64404296875 8547.445459744345 257
80 39.3 1678.4150415473912 5771.576059909373 26022.137939453125 0.64404296875 5406.422280596349 499
90 65.6 1315.4577815358232 6144.468602099091 34451.343017578125 0.636962890625 3763.9258176521334 892
100 82.2 742.8147685475587 4839.9765831483655 39402.3310546875 0.636962890625 2726.332127928426 1548
110 97.9 654.6119041871489 5079.59860139184 44070.31201171875 0.62890625 2038.3780058140494 2370
120 84.6 1188.0082947210224 7130.971058434131 52500.846923828125 0.62890625 1633.8671030094104 3349
130 46.9 2576.1684804562574 10870.608447628181 55085.94091796875 0.62890625 1543.9513576430277 4195
140 16.8 5824.755507696243 15985.312343617152 61267.16796875 0.62890625 1647.748491133466 4664
150 6.9 13748.191639775812 23184.438497136423 61267.16796875 0.62890625 1792.9755562788603 4832
160 4.8 29272.998224894207 25174.914153811176 64670.97314453125 0.62890625 1961.2901675339695 4901
170 3.5 29029.186097935268 24115.95075332218 64670.97314453125 0.62890625 2226.184486942596 4949
180 2.3 25829.540166440216 25035.86804659002 64670.97314453125 0.62890625 2414.4078128624883 4984
190 1.1 55667.843705610794 2350.0557237277076 64670.97314453125 0.62890625 2521.96683905228 5007
200 1.7 56709.45816578584 4459.1463188225725 65736.89697265625 0.62890625 2638.468362673672 5018
210 2 58654.63934326172 4517.555740991528 69237.71313476563 0.62890625 2821.031784054587 5035
220 1.2 62286.76873779297 3532.0590714207174 69237.71313476563 0.62890625 3041.9362650010053 5055
230 1.9 65576.85413240132 3275.21735544556 71922.97192382813 0.62890625 3182.243742734083 5067
240 1.6 67964.88763427736 5385.585208867286 79298.88793945313 0.62890625 3415.33410793339 5086
250 3.5 55517.458168247766 8499.103390759974 79298.88793945313 0.62890625 3617.7631272241592 5102
260 3.1 41593.222175844254 11499.353365166304 79298.88793945313 0.62890625 3971.372106479722 5137
270 1.1 41356.49309747869 9061.183767484774 79298.88793945313 0.62890625 4197.044968737907 5168
280 1.8 38554.482259114586 3768.187422799851 79298.88793945313 0.62890625 4275.970230258693 5179
290 1.1 43020.224609375 4755.016752121104 79298.88793945313 0.62890625 4394.695113175646 5197
300 1 48408.2927734375 932.7513457188043 79298.88793945313 0.62890625 4476.277452741351 5208
310 1.3 52764.68413837139 3042.36964349174 79298.88793945313 0.62890625 4560.470659565222 5218
320 0.8 58399.1725769043 2234.978509347325 79298.88793945313 0.62890625 4680.267022636238 5231
330 2.6 57374.447716346156 6346.167007475714 79298.88793945313 0.62890625 4762.296273339453 5239
340 2.4 47898.13243611654 9963.976784770344 79298.88793945313 0.62890625 5022.109366885165 5265
350 1.6 42302.649337768555 10575.988002948261 79298.88793945313 0.62890625 5216.668745531706 5289
360 2.5 32075.75447265625 6126.032122847222 79298.88793945313 0.62890625 5328.520901889065 5305
370 2.6 25885.397564227766 7248.375937505891 79298.88793945313 0.62890625 5453.976969294164 5330
380 1.6 24449.960174560547 6781.149312275707 79298.88793945313 0.62890625 5553.158622667627 5356
390 2.2 24189.794999556107 4184.493296907033 79298.88793945313 0.62890625 5609.440980230972 5372
400 2 21301.78466796875 6218.735037365391 79298.88793945313 0.62890625 5685.2229209846155 5394
410 1.1 24287.596590909092 6026.000202491415 79298.88793945313 0.62890625 5742.912473060655 5414
420 1.5 22860.85672200521 2593.3672784536457 79298.88793945313 0.62890625 5780.514597539242 5425
430 0.8 29265.093200683594 3712.909215963048 79298.88793945313 0.62890625 5827.611129132439 5440
440 3.6 18300.625006781684 9962.5505456553 79298.88793945313 0.62890625 5862.027402365259 5448
450 1.3 15377.454552283654 9394.459722364905 79298.88793945313 0.62890625 5943.68121596099 5484
460 2.4 10822.006846110025 6568.287584756413 79298.88793945313 0.62890625 5965.991394853512 5497
470 0.7 17126.333949497766 9361.856125692362 79298.88793945313 0.62890625 5987.100681365042 5521
480 1.7 8953.590863396139 7422.430362941593 79298.88793945313 0.62890625 6001.206078050449 5528
486 0.6 4593.0578206380205 7143.316516515392 79298.88793945313 0.62890625 6010.257573334647 5545
