10 0.1 1190 0 1190 1190 0 0
20 0.1 1574.0 0.0 1574 1190 1190.0 1
30 0.1 1979.0 0.0 1979 1190 1382.0 2
40 0.1 2632.0 0.0 2632 1190 1581.0 3
50 0.1 2388.0 0.0 2632 1190 1843.75 4
60 0.1 2806.0 0.0 2806 1190 1952.6 5
70 0.1 3142.0 0.0 3142 1190 2094.8333333333335 6
80 0.1 3697.0 0.0 3697 1190 2244.4285714285716 7
90 0.1 2938.0 0.0 3697 1190 2426.0 8
100 0.1 3770.0 0.0 3770 1190 2482.8888888888887 9
110 0.1 2893.0 0.0 3770 1190 2611.6 10
120 0.1 3942.0 0.0 3942 1190 2637.181818181818 11
130 0.1 3029.0 0.0 3942 1190 2745.9166666666665 12
140 0.1 3269.0 0.0 3942 1190 2767.6923076923076 13
150 0.1 1923.0 0.0 3942 1190 2803.5 14
160 0.1 1780.0 0.0 3942 1190 2744.8 15
170 0.1 1687.0 0.0 3942 1190 2684.5 16
180 0.1 1412.0 0.0 3942 1190 2625.823529411765 17
190 0.1 802.0 0.0 3942 802 2558.3888888888887 18
200 0.1 1718.0 0.0 3942 802 2465.9473684210525 19
210 0.1 2361.0 0.0 3942 802 2428.55 20
220 0.1 1994.0 0.0 3942 802 2425.3333333333335 21
230 0.1 1193.0 0.0 3942 802 2405.7272727272725 22
240 0.1 1411.0 0.0 3942 802 2352.9999999999995 23
250 0.1 1540.0 0.0 3942 802 2313.7499999999995 24
260 0.1 1586.0 0.0 3942 802 2282.7999999999993 25
270 0.1 1751.0 0.0 3942 802 2255.9999999999995 26
280 0.1 525.0 0.0 3942 525 2237.2962962962956 27
290 0.1 976.0 0.0 3942 525 2176.1428571428564 28
300 0.1 1357.0 0.0 3942 525 2134.7586206896544 29
310 0.1 1148.0 0.0 3942 525 2108.8333333333326 30
320 0.1 1689.0 0.0 3942 525 2077.8387096774186 31
330 0.1 1515.0 0.0 3942 525 2065.687499999999 32
340 0.1 729.0 0.0 3942 525 2048.999999999999 33
350 0.1 1190.0 0.0 3942 525 2010.1764705882345 34
360 0.1 925.0 0.0 3942 525 1986.7428571428563 35
370 0.1 2615.0 0.0 3942 525 1957.249999999999 36
380 0.1 1547.0 0.0 3942 525 1975.0270270270262 37
390 0.1 1998.0 0.0 3942 525 1963.763157894736 38
400 0.1 890.0 0.0 3942 525 1964.641025641025 39
410 0.1 1778.0 0.0 3942 525 1937.7749999999992 40
420 0.1 1214.0 0.0 3942 525 1933.878048780487 41
430 0.1 1570.0 0.0 3942 525 1916.7380952380945 42
440 0.1 1522.0 0.0 3942 525 1908.6744186046506 43
450 0.1 1651.0 0.0 3942 525 1899.886363636363 44
460 0.1 1353.0 0.0 3942 525 1894.355555555555 45
470 0.1 1208.0 0.0 3942 525 1882.5869565217386 46
480 0.1 1644.0 0.0 3942 525 1868.2340425531909 47
486 0.1 1039.0 0.0 3942 525 1863.5624999999993 48
