80 0.2 52289.189453125 8464.95751953125 60754.14697265625 43824.23193359375 0 0
90 2.4 49326.38108317057 25121.14512262834 89932.84106445313 15239.143798828125 52289.189453125 2
100 3.1 34250.39494865172 23234.16097863174 99903.14306640625 12674.10791015625 49554.289419320914 26
110 5.4 45282.32505063658 28618.95898376115 117073.02392578125 12674.10791015625 41231.118742290295 57
120 7.3 39892.659908764974 28747.056670682814 125322.01293945313 8555.072021484375 43201.97586526957 111
130 7.1 38455.625811509686 28401.05657338074 125322.01293945313 8555.072021484375 41889.04073035199 184
140 4.5 51822.70740559896 30019.44153658202 125322.01293945313 8555.072021484375 40933.070301968444 255
150 0.9 67703.72675238716 24327.805296362552 125322.01293945313 8555.072021484375 42566.51586751302 300
160 0.4 72420.9077758789 12100.731059510712 125322.01293945313 8555.072021484375 43298.66764085887 309
170 0.1 82566.07788085938 0.0 125322.01293945313 8555.072021484375 43670.83684386232 313
180 0.5 79779.384375 17242.607831747722 125322.01293945313 8555.072021484375 43794.70703824766 314
190 0.2 78681.20739746094 147.9893798828125 125322.01293945313 8555.072021484375 44358.73019399613 319
200 0.4 116334.36224365234 33569.49761837798 170555.11596679688 8555.072021484375 44572.577403986565 321
210 0.3 156752.51098632813 16302.821830920979 170555.11596679688 8555.072021484375 45455.79937124399 325
220 0.1 138574.15795898438 0.0 170555.11596679688 8555.072021484375 46473.75709943074 328
230 0 0 0 170555.11596679688 8555.072021484375 46753.69752757528 329
240 0.2 145967.67358398438 8282.452392578125 170555.11596679688 8555.072021484375 46753.69752757528 329
250 0.8 160770.51858520508 23914.938341939418 204569.044921875 8555.072021484375 47353.17774543878 331
260 0.7 176480.17546735491 33547.766065537195 251545.05517578125 8555.072021484375 50029.69316348636 339
270 0.2 175957.623046875 171.402099609375 251545.05517578125 8555.072021484375 52587.939915298724 346
280 0.2 198816.99243164063 21270.883544921875 251545.05517578125 8555.072021484375 53296.96108272158 348
290 0.1 251950.16796875 0.0 251950.16796875 8555.072021484375 54128.50411900112 350
300 0.2 216851.1875 13545.989501953125 251950.16796875 8555.072021484375 54692.098602903534 351
310 0.1 195987.13598632813 0.0 251950.16796875 8555.072021484375 55610.84698192391 353
320 0.1 248171.548828125 0.0 251950.16796875 8555.072021484375 56007.39017120189 354
330 0.4 241652.6300048828 20726.541820880193 276654.14404296875 8555.072021484375 56548.69766037632 355
340 0.7 270226.60599190847 21068.421279017908 299063.2858886719 8555.072021484375 58611.13701797528 359
350 0.2 310848.2043457031 21850.967529296875 332699.171875 8555.072021484375 62658.42740818712 366
360 0.4 284580.4264526367 29920.708345350544 332699.171875 8555.072021484375 64007.28489154318 368
370 0.7 282691.02413504466 21821.390015699842 332699.171875 8555.072021484375 66379.03910187753 372
380 0.2 335280.95446777344 34873.20153808594 370154.1560058594 8555.072021484375 70374.24726871702 379
390 0.4 326126.91522216797 29483.535191797873 370154.1560058594 8555.072021484375 71764.83365821338 381
400 0.1 371295.1379394531 0.0 371295.1379394531 8555.072021484375 74407.55658355316 385
410 0.2 320288.62756347656 632.4715576171875 371295.1379394531 8555.072021484375 75176.695395356 386
420 0.4 343957.01177978516 25445.069835147897 373248.4541015625 8555.072021484375 76440.15896323291 388
430 0.1 329607.2487792969 0.0 373248.4541015625 8555.072021484375 79169.92276748345 392
440 0.8 357425.8020629883 25557.303741610973 408030.18017578125 8555.072021484375 79807.16787183922 393
450 0.3 345345.16357421875 7976.618651371306 408030.18017578125 8555.072021484375 85345.69423974244 401
460 0.5 383343.1576171875 20675.965614355966 410695.1520996094 8555.072021484375 87276.3833684638 404
470 0.4 389009.265625 30879.445424565336 428203.033203125 8555.072021484375 90895.78158666336 409
480 1 386016.8509033203 13612.484909473602 428203.033203125 8555.072021484375 93783.07925289423 413
486 0.4 386407.63525390625 7055.711821126795 428203.033203125 8555.072021484375 100691.67905550476 423
