0 2502.3875 2502.3875
10 2456.40390625 4958.79140625
20 7026.1125 11984.90390625
30 6252.11875 18237.02265625
40 3146.7671875 21383.78984375
50 10602.121875 31985.91171875
60 9092.8984375 41078.81015625
70 7989.61796875 49068.428125
80 5686.53125 54754.959375
90 6192.30390625 60947.26328125
100 3536.30078125 64483.5640625
110 4451.30234375 68934.86640625
120 6532.90078125 75467.7671875
130 4693.528125 80161.2953125
140 4907.75234375 85069.04765625
150 3495.5640625 88564.61171875
160 5177.8640625 93742.47578125
170 3386.81484375 97129.290625
180 1965.26484375 99094.55546875
190 4067.20078125 103161.75625
200 5200.28046875 108362.03671875
210 5593.059375 113955.09609375
220 4193.10390625 118148.2
230 4322.9421875 122471.1421875
240 2944.96640625 125416.10859375
250 3065.7859375 128481.89453125
260 5888.140625 134370.03515625
270 2381.14453125 136751.1796875
280 2682.67421875 139433.85390625
290 4762.365625 144196.21953125
300 1887.45 146083.66953125
310 4020.05078125 150103.7203125
320 1844.940625 151948.6609375
330 5520.20234375 157468.86328125
340 3119.35 160588.21328125
350 3427.1625 164015.37578125
360 4094.9640625 168110.33984375
370 4866.28203125 172976.621875
380 5474.1 178450.721875
390 3988.09375 182438.815625
400 3564.075 186002.890625
410 3304.3640625 189307.2546875
420 2655.0671875 191962.321875
430 4093.92265625 196056.24453125
440 5608.153125 201664.39765625
450 3397.84921875 205062.246875
460 4211.690625 209273.9375
470 3223.70078125 212497.63828125
480 4333.0328125 216830.67109375
486 995.16875 217825.83984375
