0 1 17.754052734375 48.59788382560405 163.5439453125 1.162109375 0 0
10 1.1 1.7884854403409092 0.7413952209716983 163.5439453125 1.097900390625 17.754052734375 10
20 0.9 1.6260308159722223 0.3193584340168486 163.5439453125 1.097900390625 9.391136532738095 21
30 1.6 1.58978271484375 0.36226999882798594 163.5439453125 1.097900390625 7.061604817708333 30
40 1.7 1.5387896369485294 0.3495111481767362 163.5439453125 1.0849609375 5.158362347146739 46
50 2.2 1.5730091441761365 0.35951626287281774 163.5439453125 1.0849609375 4.1816522507440474 63
60 4.4 1.7239157936789773 1.741825807960396 163.5439453125 0.920166015625 3.5064740349264705 85
70 4.4 1.6203113902698865 0.4793500389870743 163.5439453125 0.920166015625 2.8984696735707365 129
80 3.7 1.7219106313344594 0.8868808227078689 163.5439453125 0.920166015625 2.573388954118497 173
90 5.5 1.559823330965909 0.4672430077123271 163.5439453125 0.920166015625 2.4233665829613096 210
100 9.5 1.6031095805921052 0.942361730824772 163.5439453125 0.885986328125 2.244140625 265
110 8.3 1.5593879423945782 0.6198450026209439 163.5439453125 0.885986328125 2.0749796549479167 360
120 0.7 1.4715750558035714 0.3597681692382934 163.5439453125 0.885986328125 1.9783789503386005 443
130 0 0 0 163.5439453125 0.885986328125 1.970495334201389 450
140 0 0 0 163.5439453125 0.885986328125 1.970495334201389 450
150 0 0 0 163.5439453125 0.885986328125 1.970495334201389 450
160 0 0 0 163.5439453125 0.885986328125 1.970495334201389 450
167 0 0 0 163.5439453125 0.885986328125 1.970495334201389 450
