0 0.1 3.012378569889958 0 3.012378569889958 3.012378569889958 0 0
10 0.1 2.7613412228796843 0.0 3.012378569889958 2.7613412228796843 3.012378569889958 1
20 0.1 2.564102564102564 0.0 3.012378569889958 2.564102564102564 2.886859896384821 2
30 0.1 2.7613412228796843 0.0 3.012378569889958 2.564102564102564 2.7792741189574017 3
40 0.1 3.43811394891945 0.0 3.43811394891945 2.564102564102564 2.7747908949379725 4
50 0.1 3.2448377581120944 0.0 3.43811394891945 2.564102564102564 2.907455505734268 5
60 0.1 4.129793510324483 0.0 4.129793510324483 2.564102564102564 2.9636858811305724 6
70 0.1 4.747774480712167 0.0 4.747774480712167 2.564102564102564 3.1302726853011307 7
80 0.1 7.003891050583658 0.0 7.003891050583658 2.564102564102564 3.3324604097275103 8
90 0.1 5.691854759568204 0.0 7.003891050583658 2.564102564102564 3.7403971476004156 9
100 0.1 8.759842519685039 0.0 8.759842519685039 2.564102564102564 3.9355429087971943 10
110 0.1 9.393346379647749 0.0 9.393346379647749 2.564102564102564 4.374115600696089 11
120 0.1 9.14396887159533 0.0 9.393346379647749 2.564102564102564 4.792384832275395 12
130 0.1 7.12890625 0.0 9.393346379647749 2.564102564102564 5.127122066069235 13
140 0.1 3.346456692913386 0.0 9.393346379647749 2.564102564102564 5.270106650635719 14
150 0.1 2.8543307086614176 0.0 9.393346379647749 2.564102564102564 5.141863320120897 15
160 0.1 1.87192118226601 0.0 9.393346379647749 1.87192118226601 4.99889253190468 16
167 0.1 0.9861932938856016 0.0 9.393346379647749 0.9861932938856016 4.814953040749464 17
