0 0.1 3155.76171875 0 3155.76171875 3155.76171875 0 0
10 0.1 3154.58203125 0.0 3155.76171875 3154.58203125 3155.76171875 1
20 0.1 3153.75390625 0.0 3155.76171875 3153.75390625 3155.171875 2
30 0.1 3153.65625 0.0 3155.76171875 3153.65625 3154.69921875 3
40 0.1 3152.6171875 0.0 3155.76171875 3152.6171875 3154.4384765625 4
50 0.1 3152.53125 0.0 3155.76171875 3152.53125 3154.07421875 5
60 0.1 3152.6328125 0.0 3155.76171875 3152.53125 3153.8170572916665 6
70 0.1 3150.453125 0.0 3155.76171875 3150.453125 3153.647879464286 7
80 0.1 3149.4140625 0.0 3155.76171875 3149.4140625 3153.24853515625 8
90 0.1 3149.09765625 0.0 3155.76171875 3149.09765625 3152.8224826388887 9
100 0.1 3147.29296875 0.0 3155.76171875 3147.29296875 3152.45 10
110 0.1 3144.625 0.0 3155.76171875 3144.625 3151.9811789772725 11
120 0.1 3142.625 0.0 3155.76171875 3142.625 3151.3681640625 12
130 0.1 3141.05859375 0.0 3155.76171875 3141.05859375 3150.695612980769 13
140 0.1 3141.09765625 0.0 3155.76171875 3141.05859375 3150.007254464286 14
150 0.1 3141.765625 0.0 3155.76171875 3141.05859375 3149.41328125 15
160 0.1 3141.9375 0.0 3155.76171875 3141.05859375 3148.935302734375 16
167 0.1 3141.9375 0.0 3155.76171875 3141.05859375 3148.5236672794117 17
