0 2 54.47017822265625 58.853923612112276 189.287841796875 10.751953125 0 0
10 3.8 500.55479672080594 1376.2894830238533 4776.512939453125 10.751953125 54.47017822265625 20
20 3.5 562.8645159040178 1462.2515225580494 4795.890869140625 10.443115234375 346.73251448006465 58
30 5 385.86826171875 1221.041129693151 4868.275146484375 10.153076171875 428.072515015961 93
40 5.1 437.24100030637254 1225.7644097081916 4868.275146484375 10.00390625 413.31578309385924 143
50 6.7 301.95398860191244 1105.167774208777 5027.656005859375 10.00390625 419.605402051788 194
60 12.1 292.87507263688036 1065.7966444822634 5317.0 9.68310546875 389.40369821599614 261
70 14.4 778.893544514974 1885.062528204 10129.8779296875 9.114013671875 358.8278770247056 382
80 13.4 746.0623797516324 2111.3576847503996 13188.19287109375 8.278076171875 473.82684302964594 526
90 17.3 1118.6033886154269 2683.865466935018 13188.19287109375 8.22802734375 529.098906545928 660
100 19.7 373.71195495915305 1644.8967883067219 13188.19287109375 8.22509765625 651.5290090645634 833
110 24.2 2128.5823571071164 3114.487057343055 13188.19287109375 8.22509765625 598.3931259007131 1030
120 14.8 3485.0061332084047 4196.713111029087 16341.64892578125 8.22509765625 889.514033095642 1272
130 7.6 3855.6573807565787 5376.110850615957 18324.739013671875 8.22509765625 1160.0301111355636 1420
140 5.8 6049.134386786099 7478.635434883536 21210.5380859375 8.22509765625 1296.9737424799468 1496
150 2.7 2251.2685456452546 5684.226313866665 21210.5380859375 8.22509765625 1474.3388115724545 1554
160 0.6 15.647989908854166 3.6559054693733715 21210.5380859375 8.22509765625 1487.6070613004529 1581
167 0.3 16.690999348958332 4.113916565191458 21210.5380859375 8.22509765625 1482.0419986486888 1587
