10 0.1 2079 0 2079 2079 0 0
20 0.1 4024.0 0.0 4024 2079 2079.0 1
30 0.1 4041.0 0.0 4041 2079 3051.5 2
40 0.1 4585.0 0.0 4585 2079 3381.3333333333335 3
50 0.1 4486.0 0.0 4585 2079 3682.25 4
60 0.1 6457.0 0.0 6457 2079 3843.0 5
70 0.1 7847.0 0.0 7847 2079 4278.666666666667 6
80 0.1 12655.0 0.0 12655 2079 4788.428571428572 7
90 0.1 8986.0 0.0 12655 2079 5771.75 8
100 0.1 18107.0 0.0 18107 2079 6128.888888888889 9
110 0.1 17876.0 0.0 18107 2079 7326.7 10
120 0.1 18198.0 0.0 18198 2079 8285.727272727272 11
130 0.1 19302.0 0.0 19302 2079 9111.75 12
140 0.1 5357.0 0.0 19302 2079 9895.615384615385 13
150 0.1 3734.0 0.0 19302 2079 9571.42857142857 14
160 0.1 1569.0 0.0 19302 1569 9182.266666666666 15
167 0.1 71.0 0.0 19302 71 8706.4375 16
