0 2.1 51.8694545200893 58.382550343109926 189.287841796875 10.751953125 0 0
10 4 475.52020874023435 1345.8663419681998 4776.512939453125 10.751953125 51.8694545200893 21
20 3.7 532.4322938661318 1427.8634188181795 4795.890869140625 10.443115234375 329.67322777920083 61
30 5.5 350.777685546875 1169.478750284079 4868.275146484375 10.153076171875 406.2251200773278 98
40 5.4 412.9424596715856 1195.4252250333047 4868.275146484375 10.00390625 386.2930357689951 153
50 7.4 273.37851694467906 1055.292568739905 5027.656005859375 10.00390625 393.24505939575783 207
60 13 272.5901104266827 1030.9159917818313 5317.0 9.68310546875 361.6787813125556 281
70 15.9 705.4003814121463 1808.0160402185484 10129.8779296875 9.114013671875 333.49988297882453 411
80 14.2 704.0233309033887 2058.2094169931893 13188.19287109375 8.278076171875 437.2405483312774 570
90 18.8 1029.342070883893 2591.8726551501495 13188.19287109375 8.22802734375 490.4472268779625 712
100 20.7 355.65194156665166 1606.6437595233801 13188.19287109375 8.22509765625 603.0163720703125 900
110 26.3 1988.0769841299316 3010.6397018621196 13188.19287109375 8.22509765625 556.7612346590588 1107
120 16.3 3121.816383783071 4023.3251743469655 16341.64892578125 8.22509765625 831.5320683166059 1370
130 9.2 3826.023490574049 5036.914791680478 18324.739013671875 8.22509765625 1075.0521879650298 1533
140 6.2 4694.442307995212 5940.060848701694 21210.5380859375 8.22509765625 1230.799486328125 1625
150 3.1 1960.764924080141 5358.258333158897 21210.5380859375 8.22509765625 1358.0940061522858 1687
160 0.7 13.39501953125 2.27367144857088 21210.5380859375 8.22509765625 1368.9687433209492 1718
167 0.4 12.48529052734375 1.5126419439684489 21210.5380859375 8.22509765625 1363.4678644418025 1725
