0 1598.57109375 1598.57109375
10 4887.459375 6486.03046875
20 4578.8640625 11064.89453125
30 4433.29296875 15498.1875
40 3634.04765625 19132.23515625
50 6547.15703125 25679.3921875
60 9831.446875 35510.8390625
70 10915.63203125 46426.47109375
80 12112.46796875 58538.9390625
90 18792.93203125 77331.87109375
100 15578.86953125 92910.740625
110 23373.90234375 116284.64296875
120 20565.22109375 136849.8640625
130 8489.69375 145339.5578125
140 3939.540625 149279.0984375
150 2444.86328125 151723.96171875
160 64.58046875 151788.5421875
167 21.29140625 151809.83359375
