0 1.3 13.828463040865385 42.94801884611226 162.60107421875 1.176025390625 0 0
10 1.5 1.4092447916666666 0.26377837817377187 162.60107421875 1.044189453125 13.828463040865385 13
20 0.2 1.7030029296875 0.2689208984375 162.60107421875 1.044189453125 7.175310407366071 28
30 1.6 2.0017852783203125 1.7788947008257068 162.60107421875 1.044189453125 6.810489908854167 30
40 2 1.375341796875 0.24944273590426944 162.60107421875 1.010009765625 5.137896993885869 46
50 1.8 1.4292534722222223 0.31583481200688546 162.60107421875 1.010009765625 3.9977287523674243 66
60 3.6 3.2718912760416665 9.505321631779692 162.60107421875 0.998046875 3.4473411923363093 84
70 3.3 1.4390536221590908 0.31289112478328557 162.60107421875 0.987060546875 3.394706217447917 120
80 4.2 1.240059988839286 0.1620286337600516 162.60107421875 0.921142578125 2.9728987949346406 153
90 6.9 1.357322803442029 0.598756444834135 162.60107421875 0.921142578125 2.5996719751602564 195
100 7.7 1.29904690036526 0.3567522836514402 162.60107421875 0.8740234375 2.274967078006629 264
110 7.6 1.654515316611842 2.6986694856729603 162.60107421875 0.8740234375 2.054598005635997 341
120 12.1 1.6993741122159092 2.210592350291442 162.60107421875 0.8740234375 1.9816812565572541 417
130 16.4 1.342539717511433 0.6272298892265655 162.60107421875 0.8740234375 1.9181883858039033 538
140 17.8 6.851893049947331 74.46484041565147 997.525146484375 0.84912109375 1.783706360732728 702
150 26.9 1.2802679919842008 0.6007935052556702 997.525146484375 0.843017578125 2.8088623046875 880
160 33.8 1.2296626525517753 0.595798548837385 997.525146484375 0.80810546875 2.4509929660302436 1149
170 34.7 1.1024271940291783 0.22709118638338124 997.525146484375 0.80810546875 2.1733805612180563 1487
180 53.2 1.6847502055921058 2.117517509338689 997.525146484375 0.80810546875 1.9707519797488413 1834
190 58.8 1.4556386519451536 1.0604318073503207 997.525146484375 0.80810546875 1.9064438885183326 2366
200 62.8 1.3260785728503184 0.7025988464392086 997.525146484375 0.80810546875 1.8167101447454723 2954
210 112 1.461512102399554 1.2588853764753956 997.525146484375 0.7578125 1.730692102548332 3582
220 121.5 1.5369289319701642 1.655769400867484 997.525146484375 0.7578125 1.666574365379759 4702
230 118.9 1.384973627063184 1.1828018430054947 997.525146484375 0.7578125 1.6399529015310756 5917
240 192.5 2.409655793425322 3.4163334763063746 997.525146484375 0.614990234375 1.5972889052825077 7106
250 222.9 2.307784767202222 3.234554765816869 997.525146484375 0.614990234375 1.7704487170060066 9031
260 217.8 2.090787917348202 2.7454858864234497 997.525146484375 0.614990234375 1.8768183489675843 11260
270 305.1 3.690434408672363 4.55289462144925 997.525146484375 0.614990234375 1.9114980423693542 13438
280 334.9 3.2275729607952 3.8962800539067746 997.525146484375 0.614990234375 2.240658989278838 16489
290 331.9 3.313074197565156 4.037366926827116 997.525146484375 0.614990234375 2.4072672608086445 19838
300 86.5 4.490356021947251 5.496714440280798 997.525146484375 0.614990234375 2.537092938707114 23157
308 0 0 0 997.525146484375 0.614990234375 2.607427322480435 24022
