0 1.3 24.254300631009617 43.61186628325732 175.321044921875 11.033203125 0 0
10 1.4 11.996372767857142 1.9498028274233201 175.321044921875 11.033203125 24.254300631009617 13
20 0.3 13.355387369791666 3.646818698149538 175.321044921875 10.468994140625 17.898338035300927 27
30 1.6 12.93817138671875 5.669815586459145 175.321044921875 10.468994140625 17.44404296875 30
40 2 11.5492431640625 1.523948967197168 175.321044921875 9.808837890625 15.876783288043478 46
50 1.8 11.323079427083334 1.085839158079383 175.321044921875 9.808837890625 14.565407492897727 66
60 3.6 14.97989230685764 10.026342868351712 175.321044921875 9.3798828125 13.870622907366071 84
70 3.3 12.290682705965908 2.918593954671761 175.321044921875 9.3798828125 14.203403727213542 120
80 4.2 11.242902483258929 2.151672591212409 175.321044921875 9.06494140625 13.790856055964053 153
90 6.9 11.892167685688406 3.5409246318168406 175.321044921875 9.06494140625 13.242066055689103 195
100 7.7 11.345113382711038 2.0296777470434457 175.321044921875 9.06494140625 12.889251708984375 264
110 7.6 12.515123869243423 4.613466500909285 175.321044921875 9.06494140625 12.540575312729105 341
120 12.1 12.877873192148762 3.5186484297541405 175.321044921875 9.06494140625 12.535936680343225 417
130 16.4 11.54623785251525 2.407193688581574 175.321044921875 8.77294921875 12.612840617013244 538
140 17.8 17.532854744557586 74.52397769283971 1006.889892578125 8.5029296875 12.363662763198896 702
150 26.9 11.085054418854552 3.1578250748415653 1006.889892578125 8.18310546875 13.40924932306463 880
160 33.8 10.626620862610938 1.9629536639107317 1006.889892578125 7.947998046875 12.865116660547216 1149
170 34.6 10.292754244942191 1.9123818824941028 1006.889892578125 7.89501953125 12.356299189328343 1487
180 52.9 12.543548872430293 5.534768961003572 1006.889892578125 7.89501953125 11.966781158364016 1833
190 59.2 11.618482022672088 4.2653642125535285 1006.889892578125 7.89501953125 12.095955637932628 2362
200 62.7 11.14361854565391 2.8923795561823487 1006.889892578125 7.89501953125 12.000266951326589 2954
210 111.8 12.181140114881488 5.492023884615986 1006.889892578125 7.79296875 11.850275733689958 3581
220 121.7 12.247537529850558 4.539482499574543 1006.889892578125 7.781982421875 11.928995967393329 4699
230 118.9 10.85263269422834 3.5411322580138176 1006.889892578125 7.781982421875 11.994524209704087 5916
240 192.4 15.766592426260374 9.558120094885584 1006.889892578125 7.781982421875 11.803432160175493 7105
250 222.8 15.162580233287992 7.135173281476095 1006.889892578125 7.781982421875 12.647946541828755 9029
260 218.1 13.90141151564649 6.514414877926324 1006.889892578125 7.60791015625 13.145646094513411 11257
270 305 23.37685042584522 24.964390667410775 1006.889892578125 7.60791015625 13.268307530998845 13438
280 334.7 19.588091364468216 8.452711894989395 1006.889892578125 7.60791015625 15.138216302789326 16488
290 331.1 19.94572542283297 8.274686836102594 1006.889892578125 7.60791015625 15.889097665604513 19835
300 87.6 23.79791176155823 12.971365259232392 1006.889892578125 7.60791015625 16.469392079506846 23146
308 0 0 0 1006.889892578125 7.60791015625 16.736638072408226 24022
