10 0.1 319 0 319 319 0 0
20 0.1 336.0 0.0 336 319 319.0 1
30 0.1 70.0 0.0 336 70 327.5 2
40 0.1 409.0 0.0 409 70 241.66666666666666 3
50 0.1 401.0 0.0 409 70 283.5 4
60 0.1 436.0 0.0 436 70 307.0 5
70 0.1 858.0 0.0 858 70 328.5 6
80 0.1 977.0 0.0 977 70 404.14285714285717 7
90 0.1 746.0 0.0 977 70 475.75 8
100 0.1 2080.0 0.0 2080 70 505.77777777777777 9
110 0.1 1561.0 0.0 2080 70 663.2 10
120 0.1 1737.0 0.0 2080 70 744.8181818181819 11
130 0.1 3383.0 0.0 3383 70 827.5 12
140 0.1 3953.0 0.0 3953 70 1024.076923076923 13
150 0.1 3718.0 0.0 3953 70 1233.2857142857142 14
160 0.1 7223.0 0.0 7223 70 1398.9333333333334 15
170 0.1 7851.0 0.0 7851 70 1762.9375 16
180 0.1 7332.0 0.0 7851 70 2121.0588235294117 17
190 0.1 14311.0 0.0 14311 70 2410.5555555555557 18
200 0.1 14007.0 0.0 14311 70 3036.8947368421054 19
210 0.1 15167.0 0.0 15167 70 3585.4 20
220 0.1 29139.0 0.0 29139 70 4136.9047619047615 21
230 0.1 2.75e4 0.0 29139 70 5273.363636363636 22
240 0.1 30361.0 0.0 30361 70 6239.739130434783 23
250 0.1 50056.0 0.0 50056 70 7244.791666666667 24
260 0.1 50182.0 0.0 50182 70 8957.24 25
270 0.1 55053.0 0.0 55053 70 10542.807692307691 26
280 0.1 75498.0 0.0 75498 70 12191.333333333334 27
290 0.1 75009.0 0.0 75498 70 14452.285714285714 28
300 0.1 56891.0 0.0 75498 70 16540.44827586207 29
308 0.1 387.0 0.0 75498 70 17885.466666666667 30
