10 0.1 281 0 281 281 0 0
20 0.1 318.0 0.0 318 281 281.0 1
30 0.1 66.0 0.0 318 66 299.5 2
40 0.1 370.0 0.0 370 66 221.66666666666666 3
50 0.1 352.0 0.0 370 66 258.75 4
60 0.1 397.0 0.0 397 66 277.4 5
70 0.1 773.0 0.0 773 66 297.3333333333333 6
80 0.1 879.0 0.0 879 66 365.2857142857143 7
90 0.1 680.0 0.0 879 66 429.5 8
100 0.1 1865.0 0.0 1865 66 457.3333333333333 9
110 0.1 1385.0 0.0 1865 66 598.1 10
120 0.1 1589.0 0.0 1865 66 669.6363636363636 11
130 0.1 3017.0 0.0 3017 66 746.25 12
140 0.1 3577.0 0.0 3577 66 920.9230769230769 13
150 0.1 3373.0 0.0 3577 66 1110.642857142857 14
160 0.1 6532.0 0.0 6532 66 1261.4666666666667 15
170 0.1 7032.0 0.0 7032 66 1590.875 16
180 0.1 6607.0 0.0 7032 66 1910.9411764705883 17
190 0.1 12838.0 0.0 12838 66 2171.8333333333335 18
200 0.1 12588.0 0.0 12838 66 2733.2105263157896 19
210 0.1 13323.0 0.0 13323 66 3225.95 20
220 0.1 25613.0 0.0 25613 66 3706.7619047619046 21
230 0.1 24106.0 0.0 25613 66 4702.5 22
240 0.1 26223.0 0.0 26223 66 5546.130434782609 23
250 0.1 39363.0 0.0 39363 66 6407.666666666667 24
260 0.1 39676.0 0.0 39676 66 7725.88 25
270 0.1 41148.0 0.0 41148 66 8954.73076923077 26
280 0.1 47837.0 0.0 47837 66 10147.074074074075 27
290 0.1 47914.0 0.0 47914 66 11493.142857142857 28
300 0.1 37511.0 0.0 47914 66 12749.034482758621 29
308 0.1 579.0 0.0 47914 66 13574.433333333332 30
