0 0.1 2.125679799289278 0 2.125679799289278 2.125679799289278 0 0
10 0.1 2.6548672566371683 0.0 2.6548672566371683 2.125679799289278 2.125679799289278 1
20 0.1 1.4792899408284024 0.0 2.6548672566371683 1.4792899408284024 2.390273527963223 2
30 0.1 1.7716535433070866 0.0 2.6548672566371683 1.4792899408284024 2.086612332251616 3
40 0.1 2.2615535889872174 0.0 2.6548672566371683 1.4792899408284024 2.0078726350154836 4
50 0.1 2.3622047244094486 0.0 2.6548672566371683 1.4792899408284024 2.0586088258098303 5
60 0.1 2.355250245338567 0.0 2.6548672566371683 1.4792899408284024 2.1092081422431 6
70 0.1 3.232125367286973 0.0 3.232125367286973 1.4792899408284024 2.1443570141138815 7
80 0.1 3.536345776031434 0.0 3.536345776031434 1.4792899408284024 2.280328058260518 8
90 0.1 4.027504911591356 0.0 4.027504911591356 1.4792899408284024 2.4198855824572867 9
100 0.1 5.474095796676441 0.0 5.474095796676441 1.4792899408284024 2.5806475153706936 10
110 0.1 7.274490785645005 0.0 7.274490785645005 1.4792899408284024 2.8436882682166704 11
120 0.1 7.497565725413827 0.0 7.497565725413827 1.4792899408284024 3.2129218113356983 12
130 0.1 3.0392156862745097 0.0 7.497565725413827 1.4792899408284024 3.5425098047263237 13
140 0.1 1.678183613030602 0.0 7.497565725413827 1.4792899408284024 3.506560224836908 14
150 0.1 1.5732546705998034 0.0 7.497565725413827 1.4792899408284024 3.384668450716488 15
160 0.1 1.083743842364532 0.0 7.497565725413827 1.083743842364532 3.271455089459195 16
167 0.1 1.0869565217391304 0.0 7.497565725413827 1.083743842364532 3.142766192571274 17
