0 0.1 3150.171875 0 3150.171875 3150.171875 0 0
10 0.1 3149.25 0.0 3150.171875 3149.25 3150.171875 1
20 0.1 3148.953125 0.0 3150.171875 3148.953125 3149.7109375 2
30 0.1 3150.29296875 0.0 3150.29296875 3148.953125 3149.4583333333335 3
40 0.1 3150.29296875 0.0 3150.29296875 3148.953125 3149.6669921875 4
50 0.1 3150.37109375 0.0 3150.37109375 3148.953125 3149.7921875 5
60 0.1 3151.0703125 0.0 3151.0703125 3148.953125 3149.888671875 6
70 0.1 3150.09375 0.0 3151.0703125 3148.953125 3150.0574776785716 7
80 0.1 3152.30078125 0.0 3152.30078125 3148.953125 3150.06201171875 8
90 0.1 3152.69921875 0.0 3152.69921875 3148.953125 3150.3107638888887 9
100 0.1 3148.3828125 0.0 3152.69921875 3148.3828125 3150.549609375 10
110 0.1 3145.75 0.0 3152.69921875 3145.75 3150.352627840909 11
120 0.1 3145.7578125 0.0 3152.69921875 3145.75 3149.9690755208335 12
130 0.1 3145.6015625 0.0 3152.69921875 3145.6015625 3149.6451322115386 13
140 0.1 3145.65625 0.0 3152.69921875 3145.6015625 3149.3563058035716 14
150 0.1 3145.671875 0.0 3152.69921875 3145.6015625 3149.1096354166666 15
160 0.1 3145.80859375 0.0 3152.69921875 3145.6015625 3148.894775390625 16
167 0.1 3145.81640625 0.0 3152.69921875 3145.6015625 3148.7132352941176 17
