0 0.1 0.30859375 0 0.30859375 0.30859375 0 0
10 0.1 0.26171875 0.0 0.30859375 0.26171875 0.30859375 1
20 0.1 0.21875 0.0 0.30859375 0.21875 0.28515625 2
30 0.1 0.19140625 0.0 0.30859375 0.19140625 0.2630208333333333 3
40 0.1 0.16015625 0.0 0.30859375 0.16015625 0.2451171875 4
50 0.1 0.12890625 0.0 0.30859375 0.12890625 0.228125 5
60 0.1 0.109375 0.0 0.30859375 0.109375 0.21158854166666666 6
70 0.1 0.1015625 0.0 0.30859375 0.1015625 0.19698660714285715 7
80 0.1 0.078125 0.0 0.30859375 0.078125 0.18505859375 8
90 0.1 0.0703125 0.0 0.30859375 0.0703125 0.17317708333333334 9
100 0.1 0.140625 0.0 0.30859375 0.0703125 0.162890625 10
110 0.1 0.12109375 0.0 0.30859375 0.0703125 0.16086647727272727 11
120 0.1 0.1015625 0.0 0.30859375 0.0703125 0.15755208333333334 12
130 0.1 0.078125 0.0 0.30859375 0.0703125 0.15324519230769232 13
140 0.1 0.0703125 0.0 0.30859375 0.0703125 0.14787946428571427 14
150 0.1 0.05859375 0.0 0.30859375 0.05859375 0.14270833333333333 15
160 0.1 0.05078125 0.0 0.30859375 0.05078125 0.137451171875 16
167 0.1 0.0390625 0.0 0.30859375 0.0390625 0.1323529411764706 17
