0 3 13.796402994791666 20.775518822812742 124.510009765625 6.14208984375 0 0
10 4.5 10.402376302083331 4.532770385453035 124.510009765625 5.20703125 13.796402994791666 30
20 3.9 11.186830178285257 3.67223195661613 124.510009765625 5.20703125 11.759986979166666 75
30 8.1 9.662552445023149 3.5630501445890803 124.510009765625 5.20703125 11.563907020970396 114
40 9.2 9.930273968240485 3.344192970021812 124.510009765625 5.18603515625 10.77411358173077 195
50 8.8 11.133514404296873 4.712241849391313 124.510009765625 5.18603515625 10.503614472179876 287
60 13.1 10.57698816197519 4.105177235255844 124.510009765625 5.18603515625 10.651430989583332 375
70 18.1 10.925311852555248 4.71087817208631 124.510009765625 5.18603515625 10.632158241724309 506
80 17.4 10.70389530576509 4.20692877637332 124.510009765625 5.18603515625 10.709393763646288 687
90 25.9 11.623196752835424 5.098549329022078 124.510009765625 5.18603515625 10.70828257703615 861
100 36.7 13.049717541936309 6.370518652869053 124.510009765625 5.18603515625 10.919856480189733 1120
110 39.1 12.946606257992327 7.839699741705664 124.510009765625 5.18603515625 11.445518221723688 1487
120 19 10.285671515213819 4.611433595149358 124.510009765625 5.18603515625 11.758045070595381 1878
130 7.3 10.643454355736305 5.315985493253198 124.510009765625 5.18603515625 11.62276897024601 2068
140 3.2 10.239082336425783 4.143401886967623 124.510009765625 5.18603515625 11.58937804691149 2141
150 1.1 11.174294211647727 4.137747892020167 124.510009765625 5.18603515625 11.569493342477278 2173
160 0.5 10.68740234375 3.251861884776012 124.510009765625 5.18603515625 11.567502870664491 2184
167 0.1 8.06298828125 0.0 124.510009765625 5.18603515625 11.565492590794882 2189
