0 3.3 12.530517578125 19.83029399992382 124.510009765625 6.14208984375 0 0
10 5.4 8.64755588107639 2.331128582827376 124.510009765625 5.20703125 12.530517578125 33
20 4.9 8.877979512117347 1.8007655101748996 124.510009765625 5.20703125 10.120403421336206 87
30 9.1 8.587013328468402 2.3499484808143065 124.510009765625 5.20703125 9.672765395220589 136
40 11 8.28566006747159 1.679405236196827 124.510009765625 5.18603515625 9.237507958769271 227
50 10.8 9.049485948350688 2.642335220750824 124.510009765625 5.18603515625 8.926815768731451 337
60 15.1 9.160466680463573 3.068315535915727 124.510009765625 5.18603515625 8.956587407830051 445
70 21.9 9.008190416309926 3.134603125276824 124.510009765625 5.18603515625 9.00824138462143 596
80 20.6 9.022255906780936 2.603113559259508 124.510009765625 5.18603515625 9.00822768884202 815
90 29.9 10.052017467077759 4.209202113060954 124.510009765625 5.18603515625 9.011058063862016 1021
100 44.8 10.669453212193078 5.042424017799754 124.510009765625 5.18603515625 9.246851140802553 1320
110 46.4 10.89262811068831 6.615880418529528 124.510009765625 5.18603515625 9.607329493734088 1768
120 24.1 8.086241409491702 2.3446550361728327 124.510009765625 5.18603515625 9.874524188298048 2232
130 9.4 8.240379820478724 2.643463102073458 124.510009765625 5.18603515625 9.700251584297915 2473
140 4 8.167077636718753 0.8259491524215367 124.510009765625 5.18603515625 9.646793093530869 2567
150 1.4 8.753452845982144 0.8325107702535907 124.510009765625 5.18603515625 9.624089365770038 2607
160 0.6 8.885660807291666 0.62876746289722 124.510009765625 5.18603515625 9.619438884550263 2621
167 0.1 8.06298828125 0.0 124.510009765625 5.18603515625 9.61776295441568 2627
