10 0.1 385 0 385 385 0 0
20 0.1 449.0 0.0 449 385 385.0 1
30 0.1 363.0 0.0 449 363 417.0 2
40 0.1 940.0 0.0 940 363 399.0 3
50 0.1 905.0 0.0 940 363 534.25 4
60 0.1 782.0 0.0 940 363 608.4 5
70 0.1 1598.0 0.0 1598 363 637.3333333333334 6
80 0.1 1795.0 0.0 1795 363 774.5714285714286 7
90 0.1 2117.0 0.0 2117 363 902.125 8
100 0.1 3532.0 0.0 3532 363 1037.111111111111 9
110 0.1 4603.0 0.0 4603 363 1286.6 10
120 0.1 4760.0 0.0 4760 363 1588.090909090909 11
130 0.1 987.0 0.0 4760 363 1852.4166666666667 12
140 0.1 404.0 0.0 4760 363 1785.8461538461538 13
150 0.1 150.0 0.0 4760 150 1687.142857142857 14
160 0.1 71.0 0.0 4760 71 1584.6666666666667 15
167 0.1 12.0 0.0 4760 12 1490.0625 16
