0 0.2 6332.884521484375 1240.771484375 7573.656005859375 5092.113037109375 0 0
10 0.8 9385.1943359375 3410.9465452207414 14047.554931640625 3348.27392578125 6332.884521484375 2
20 0.6 10298.487019856771 4670.37054050399 18565.816162109375 3348.27392578125 8774.732373046874 10
30 1.1 15139.498690518465 7857.5286750652795 26959.0380859375 3348.27392578125 9346.140365600586 16
40 1.7 10430.374526079962 3837.8072809828736 26959.0380859375 3348.27392578125 11706.3974609375 27
50 1.8 15807.268025716146 9404.078935474512 42303.802001953125 3348.27392578125 11213.388599742542 44
60 1.8 13583.413235134549 6716.611875042908 42303.802001953125 3348.27392578125 12547.095529863911 62
70 3.5 15649.477985491072 10932.92499974507 44184.4990234375 2047.531982421875 12780.267013549805 80
80 3.1 11712.036101310483 5759.163625057165 44184.4990234375 2047.531982421875 13653.505135444973 115
90 4.1 15490.79755978468 9506.715897367403 44184.4990234375 2047.531982421875 13241.275409019157 146
100 6 13193.250240071615 7916.262635148642 44184.4990234375 2047.531982421875 13734.486147957052 187
110 8.5 14807.743267463235 9600.63902551822 50704.929931640625 2047.531982421875 13603.011838349254 247
120 6 15907.295149739582 8885.538029553085 50704.929931640625 2047.531982421875 13911.452113875424 332
130 2.5 23009.60422851562 8809.459005731114 50704.929931640625 2047.531982421875 14216.938292834224 392
140 1.4 32204.61106654576 13203.073966084366 76812.1708984375 2047.531982421875 14744.076538378673 417
150 0.4 38162.81652832031 3638.3714136703356 76812.1708984375 2047.531982421875 15311.240072936303 431
160 0.2 42214.79650878906 2499.5474853515625 76812.1708984375 2047.531982421875 15521.369511606501 435
167 0.1 60565.3359375 0.0 76812.1708984375 2047.531982421875 15643.536225552418 437
