0 0.1 2.6166913835672347 0 2.6166913835672347 2.6166913835672347 0 0
10 0.1 2.55653883972468 0.0 2.6166913835672347 2.55653883972468 2.6166913835672347 1
20 0.1 1.0880316518298714 0.0 2.6166913835672347 1.0880316518298714 2.5866151116459575 2
30 0.1 1.5810276679841897 0.0 2.6166913835672347 1.0880316518298714 2.087087291707262 3
40 0.1 1.7786561264822136 0.0 2.6166913835672347 1.0880316518298714 1.9605723857764938 4
50 0.1 1.2896825396825395 0.0 2.6166913835672347 1.0880316518298714 1.9241891339176376 5
60 0.1 1.9762845849802373 0.0 2.6166913835672347 1.0880316518298714 1.8184380348784546 6
70 0.1 2.6785714285714284 0.0 2.6785714285714284 1.0880316518298714 1.8409875420358521 7
80 0.1 3.0602171767028628 0.0 3.0602171767028628 1.0880316518298714 1.9456855278527991 8
90 0.1 2.284011916583913 0.0 3.0602171767028628 1.0880316518298714 2.0695223777250282 9
100 0.1 4.079601990049751 0.0 4.079601990049751 1.0880316518298714 2.090971331610917 10
110 0.1 4.369414101290963 0.0 4.369414101290963 1.0880316518298714 2.2717559369235385 11
120 0.1 5.928853754940711 0.0 5.928853754940711 1.0880316518298714 2.446560783954157 12
130 0.1 7.897334649555774 0.0 7.897334649555774 1.0880316518298714 2.714429474030046 13
140 0.1 8.358208955223882 0.0 8.358208955223882 1.0880316518298714 3.084636986567598 14
150 0.1 8.341608738828203 0.0 8.358208955223882 1.0880316518298714 3.4362084511446835 15
160 0.1 14.271457085828343 0.0 14.271457085828343 1.0880316518298714 3.742795969124903 16
170 0.1 15.992102665350444 0.0 15.992102665350444 1.0880316518298714 4.362128975989812 17
180 0.1 15.553339980059821 0.0 15.992102665350444 1.0880316518298714 5.008238625398736 18
190 0.1 6.416584402764067 0.0 15.992102665350444 1.0880316518298714 5.5632439598545815 19
200 0.1 2.6600985221674875 0.0 15.992102665350444 1.0880316518298714 5.605910982000056 20
210 0.1 1.4822134387351777 0.0 15.992102665350444 1.0880316518298714 5.465634198198505 21
220 0.1 1.0869565217391304 0.0 15.992102665350444 1.0869565217391304 5.2845696182229 22
230 0.1 0.8884501480750246 0.0 15.992102665350444 0.8884501480750246 5.102064700984474 23
