0 0.1 3155.30078125 0 3155.30078125 3155.30078125 0 0
10 0.1 3155.17578125 0.0 3155.30078125 3155.17578125 3155.30078125 1
20 0.1 3154.9453125 0.0 3155.30078125 3154.9453125 3155.23828125 2
30 0.1 3153.984375 0.0 3155.30078125 3153.984375 3155.140625 3
40 0.1 3152.17578125 0.0 3155.30078125 3152.17578125 3154.8515625 4
50 0.1 3152.06640625 0.0 3155.30078125 3152.06640625 3154.31640625 5
60 0.1 3151.83203125 0.0 3155.30078125 3151.83203125 3153.94140625 6
70 0.1 3150.38671875 0.0 3155.30078125 3150.38671875 3153.640066964286 7
80 0.1 3149.06640625 0.0 3155.30078125 3149.06640625 3153.2333984375 8
90 0.1 3148.69921875 0.0 3155.30078125 3148.69921875 3152.7703993055557 9
100 0.1 3146.26171875 0.0 3155.30078125 3146.26171875 3152.36328125 10
110 0.1 3144.203125 0.0 3155.30078125 3144.203125 3151.80859375 11
120 0.1 3141.99609375 0.0 3155.30078125 3141.99609375 3151.1748046875 12
130 0.1 3138.40625 0.0 3155.30078125 3138.40625 3150.46875 13
140 0.1 3134.8984375 0.0 3155.30078125 3134.8984375 3149.6071428571427 14
150 0.1 3134.5625 0.0 3155.30078125 3134.5625 3148.6265625 15
160 0.1 3121.78515625 0.0 3155.30078125 3121.78515625 3147.74755859375 16
170 0.1 3113.88671875 0.0 3155.30078125 3113.88671875 3146.2203584558824 17
180 0.1 3112.296875 0.0 3155.30078125 3112.296875 3144.4240451388887 18
190 0.1 3111.90234375 0.0 3155.30078125 3111.90234375 3142.7331414473683 19
200 0.1 3119.07421875 0.0 3155.30078125 3111.90234375 3141.1916015625 20
210 0.1 3119.36328125 0.0 3155.30078125 3111.90234375 3140.1383928571427 21
220 0.1 3119.65234375 0.0 3155.30078125 3111.90234375 3139.1940696022725 22
230 0.1 3119.80078125 0.0 3155.30078125 3111.90234375 3138.344429347826 23
