10 0.1 219 0 219 219 0 0
20 0.1 304.0 0.0 304 219 219.0 1
30 0.1 529.0 0.0 529 219 261.5 2
40 0.1 931.0 0.0 931 219 350.6666666666667 3
50 0.1 575.0 0.0 931 219 495.75 4
60 0.1 849.0 0.0 931 219 511.6 5
70 0.1 1885.0 0.0 1885 219 567.8333333333334 6
80 0.1 1677.0 0.0 1885 219 756.0 7
90 0.1 1714.0 0.0 1885 219 871.125 8
100 0.1 3117.0 0.0 3117 219 964.7777777777778 9
110 0.1 3271.0 0.0 3271 219 1180.0 10
120 0.1 3874.0 0.0 3874 219 1370.090909090909 11
130 0.1 6319.0 0.0 6319 219 1578.75 12
140 0.1 7159.0 0.0 7159 219 1943.3846153846155 13
150 0.1 6754.0 0.0 7159 219 2315.9285714285716 14
160 0.1 12888.0 0.0 12888 219 2611.8 15
170 0.1 14025.0 0.0 14025 219 3254.0625 16
180 0.1 12965.0 0.0 14025 219 3887.6470588235293 17
190 0.1 2056.0 0.0 14025 219 4391.944444444444 18
200 0.1 371.0 0.0 14025 219 4269.0 19
210 0.1 104.0 0.0 14025 104 4074.1 20
220 0.1 31.0 0.0 14025 31 3885.0476190476193 21
230 0.1 5.0 0.0 14025 5 3709.8636363636365 22
