0 0.1 3384.925048828125 0 3384.925048828125 3384.925048828125 0 0
10 0.6 7357.71630859375 5282.541146052331 18460.5400390625 3121.932861328125 3384.925048828125 1
20 0.4 7483.118225097656 6971.12482185548 19548.968017578125 3088.634033203125 6790.174700055803 7
30 1.1 9763.757612748579 6259.233735656347 20687.930908203125 2614.966064453125 7042.154163707386 11
40 1.2 11152.873026529947 6166.485071072149 22699.975830078125 2276.930908203125 8402.955888227983 22
50 1.9 17514.990337171053 10481.563833161206 39528.987060546875 2276.930908203125 9373.514878216913 34
60 2.6 15370.783024714545 9402.47445925273 39528.987060546875 2276.930908203125 12292.157023879718 53
70 3.1 9794.963347404233 6694.234242056254 39528.987060546875 1141.9560546875 13305.375707698773 79
80 2.7 12437.490035445602 5626.439795842916 39528.987060546875 1141.9560546875 12316.077678888494 110
90 4.1 12672.220578077362 7493.272206173409 39528.987060546875 654.943115234375 12340.005661567633 137
100 5.5 15039.878875177557 10166.609894059431 44538.944091796875 654.943115234375 12416.527074920998 178
110 8 14027.22745361328 8052.782229369367 44538.944091796875 654.943115234375 13035.77320802877 233
120 8.6 13112.998875817588 8522.993268636972 44538.944091796875 654.943115234375 13289.180043960912 313
130 11.5 12879.229899796195 8429.824675414206 44538.944091796875 654.943115234375 13251.206158095434 399
140 13.4 13062.354355541625 7956.886106004091 44538.944091796875 654.943115234375 13167.981897970118 514
150 17.2 14268.658433071403 8836.785302227288 44538.944091796875 654.943115234375 13146.139165430894 648
160 24.9 12501.459011828565 8204.90601668626 47246.947021484375 654.943115234375 13381.594426448171 820
170 27.4 12973.034696481527 8945.788296632545 65605.03295898438 654.943115234375 13176.586270938085 1069
180 26.5 15998.078189489976 8667.817534115135 65605.03295898438 654.943115234375 13135.057505933544 1343
190 15 21038.894482421863 7101.44354756761 65605.03295898438 654.943115234375 13606.886163360445 1608
200 5.2 32969.692420372594 8996.325269619843 73877.98291015625 654.943115234375 14241.016566010736 1758
210 2.1 37090.58964611235 3738.2136161384406 73877.98291015625 654.943115234375 14779.077971771409 1810
220 0.5 47072.210205078125 2883.3543341846735 73877.98291015625 654.943115234375 15034.971879560137 1831
230 0.2 70678.52954101563 13040.485595703125 83719.01513671875 654.943115234375 15122.219260620916 1836
232 0 0 0 83719.01513671875 654.943115234375 15182.672264190442 1838
