0 4.17734375 4.17734375
10 5.91328125 10.090625
20 10.5453125 20.6359375
30 24.834375 45.4703125
40 17.43828125 62.90859375
50 21.146875 84.05546875
60 40.1640625 124.21953125
70 46.89609375 171.115625
80 51.5625 222.678125
90 68.11875 290.796875
100 97.21953125 388.01640625
110 115.70546875 503.721875
120 149.3296875 653.0515625
130 180.73125 833.7828125
140 185.7984375 1019.58125
150 284.3375 1303.91875
160 370.8890625 1674.8078125
170 387.3015625 2062.109375
180 229.63984375 2291.74921875
190 49.60234375 2341.3515625
200 11.940625 2353.2921875
210 1.80859375 2355.10078125
220 0.36171875 2355.4625
230 0 2355.4625
232 0 2355.4625
