0 0.1 3157.34765625 0 3157.34765625 3157.34765625 0 0
10 0.1 3156.859375 0.0 3157.34765625 3156.859375 3157.34765625 1
20 0.1 3155.66015625 0.0 3157.34765625 3155.66015625 3157.103515625 2
30 0.1 3155.0625 0.0 3157.34765625 3155.0625 3156.6223958333335 3
40 0.1 3154.23046875 0.0 3157.34765625 3154.23046875 3156.232421875 4
50 0.1 3153.39453125 0.0 3157.34765625 3153.39453125 3155.83203125 5
60 0.1 3153.28125 0.0 3157.34765625 3153.28125 3155.42578125 6
70 0.1 3150.74609375 0.0 3157.34765625 3150.74609375 3155.1194196428573 7
80 0.1 3148.82421875 0.0 3157.34765625 3148.82421875 3154.57275390625 8
90 0.1 3147.13671875 0.0 3157.34765625 3147.13671875 3153.934027777778 9
100 0.1 3145.55078125 0.0 3157.34765625 3145.55078125 3153.254296875 10
110 0.1 3141.54296875 0.0 3157.34765625 3141.54296875 3152.5539772727275 11
120 0.1 3139.56640625 0.0 3157.34765625 3139.56640625 3151.6363932291665 12
130 0.1 3135.796875 0.0 3157.34765625 3135.796875 3150.7079326923076 13
140 0.1 3135.578125 0.0 3157.34765625 3135.578125 3149.6428571428573 14
150 0.1 3135.63671875 0.0 3157.34765625 3135.578125 3148.7052083333333 15
160 0.1 3136.19921875 0.0 3157.34765625 3135.578125 3147.888427734375 16
170 0.1 3136.2578125 0.0 3157.34765625 3135.578125 3147.2008272058824 17
180 0.1 3136.30078125 0.0 3157.34765625 3135.578125 3146.5928819444443 18
