0 0.5 24.412353515625 43.36812915855143 110.947998046875 0.8349609375 0 0
10 0.7 1.0247628348214286 0.4319463801143644 110.947998046875 0.794921875 24.412353515625 5
20 1.3 1.3027907151442308 1.5631230393110362 110.947998046875 0.673095703125 10.76959228515625 12
30 2.1 1.0492582775297619 0.922955948103576 110.947998046875 0.60400390625 5.84685546875 25
40 1.3 0.9336688701923077 0.34548539335054745 110.947998046875 0.60400390625 3.6566480553668477 46
50 2 0.8131591796875 0.09560545316390162 110.947998046875 0.60400390625 3.0566695908368646 59
60 3.8 0.8084010074013158 0.17302768304806404 110.947998046875 0.56005859375 2.4886922715585444 79
70 4.3 0.8409622547238372 0.18956682196261754 110.947998046875 0.547119140625 1.9429566473023505 117
80 4.2 1.669340587797619 4.969773018699077 110.947998046875 0.547119140625 1.646795654296875 160
90 7.1 0.9843990702024648 0.923829764472059 110.947998046875 0.547119140625 1.6514832147277227 202
100 7 0.9168178013392859 0.6826941103435629 110.947998046875 0.547119140625 1.4779924665178572 273
110 9.1 0.7170651614010988 0.11968405680746291 110.947998046875 0.5458984375 1.3634670246446794 343
120 13.7 0.752616046989051 0.7145688088327117 110.947998046875 0.52587890625 1.227931150093606 434
130 15.7 0.7339520302547765 0.6636156446767714 110.947998046875 0.51708984375 1.1138888223785026 571
140 15.1 0.7340484012831124 0.35723809597070366 110.947998046875 0.51708984375 1.0319519042968748 728
150 28.4 0.6641622194102114 0.22545385910229987 110.947998046875 0.489013671875 0.9807762172034982 879
160 33.4 0.66658723568488 0.249605227300364 110.947998046875 0.489013671875 0.9034603312419389 1163
170 29.8 0.6651807951447146 0.4780238935754778 110.947998046875 0.489013671875 0.8506108897482465 1497
180 4.3 0.6233648255813954 0.06482898322518503 110.947998046875 0.489013671875 0.819826394933844 1795
190 0 0 0 110.947998046875 0.489013671875 0.8152301775877312 1838
200 0 0 0 110.947998046875 0.489013671875 0.8152301775877312 1838
210 0 0 0 110.947998046875 0.489013671875 0.8152301775877312 1838
220 0 0 0 110.947998046875 0.489013671875 0.8152301775877312 1838
230 0 0 0 110.947998046875 0.489013671875 0.8152301775877312 1838
232 0 0 0 110.947998046875 0.489013671875 0.8152301775877312 1838
