0 0.1 0.0 0 0.0 0.0 0 0
10 0.1 0.0 0.0 0.0 0.0 0.0 1
20 0.1 0.0 0.0 0.0 0.0 0.0 2
30 0.1 0.0 0.0 0.0 0.0 0.0 3
40 0.1 0.078125 0.0 0.078125 0.0 0.0 4
50 0.1 0.0703125 0.0 0.078125 0.0 0.015625 5
60 0.1 0.05859375 0.0 0.078125 0.0 0.024739583333333332 6
70 0.1 0.05078125 0.0 0.078125 0.0 0.029575892857142856 7
80 0.1 0.0390625 0.0 0.078125 0.0 0.0322265625 8
90 0.1 0.0390625 0.0 0.078125 0.0 0.03298611111111111 9
100 0.1 0.03125 0.0 0.078125 0.0 0.03359375 10
110 0.1 0.03125 0.0 0.078125 0.0 0.033380681818181816 11
120 0.1 0.01953125 0.0 0.078125 0.0 0.033203125 12
130 0.1 0.01953125 0.0 0.078125 0.0 0.032151442307692304 13
140 0.1 0.08984375 0.0 0.08984375 0.0 0.031249999999999997 14
150 0.1 0.1484375 0.0 0.1484375 0.0 0.03515625 15
160 0.1 0.12890625 0.0 0.1484375 0.0 0.042236328125 16
170 0.1 0.109375 0.0 0.1484375 0.0 0.04733455882352941 17
180 0.1 0.171875 0.0 0.171875 0.0 0.05078125 18
190 0.1 0.140625 0.0 0.171875 0.0 0.057154605263157895 19
200 0.1 0.12109375 0.0 0.171875 0.0 0.061328125 20
210 0.1 0.1015625 0.0 0.171875 0.0 0.06417410714285714 21
220 0.1 0.08984375 0.0 0.171875 0.0 0.06587357954545453 22
230 0.1 0.0703125 0.0 0.171875 0.0 0.0669157608695652 23
