0 1.5 19.2048828125 27.746056053081944 121.385009765625 5.135009765625 0 0
10 2.1 7.071754092261905 1.7591695722616572 121.385009765625 4.9931640625 19.2048828125 15
20 3.8 7.199167351973684 2.6569295817875553 121.385009765625 3.618896484375 12.12722439236111 36
30 8.3 9.357189500188255 5.987496288969154 121.385009765625 3.576171875 9.596600506756756 74
40 5.7 7.207746539199562 3.109020891268743 121.385009765625 3.576171875 9.470032904558122 157
50 7.2 6.742689344618055 2.152574882893037 121.385009765625 3.339111328125 8.867461302570094 214
60 13.7 7.029879604812956 2.5044343386849626 121.385009765625 3.339111328125 8.332553676791958 286
70 15.9 9.47327044025157 11.52466643117519 121.385009765625 3.260009765625 7.91064741707299 423
80 17.1 8.137476870888165 7.247424863943696 121.385009765625 3.180908203125 8.337549583199097 582
90 23.7 7.937353721650844 4.94975411385893 121.385009765625 3.035888671875 8.292114744148407 753
100 31.6 7.661862143987341 4.194750949149025 121.385009765625 3.035888671875 8.207187105429293 990
110 38.2 8.047070568144635 6.755796876181288 121.385009765625 3.035888671875 8.075240177545941 1306
120 50.5 8.729053701268567 6.536833641967708 121.385009765625 2.94287109375 8.068865301484745 1688
130 60.7 9.321723045587932 6.240291405284049 121.385009765625 2.94287109375 8.220892269971214 2193
140 61.6 9.47972483449168 7.321965359154054 121.385009765625 2.94287109375 8.45953665597098 2800
150 97.5 12.762095602964743 11.102721980483725 121.385009765625 2.94287109375 8.64350501603209 3416
160 124.6 16.854667161479206 13.631469485943564 121.385009765625 2.94287109375 9.55801784278211 4391
170 127.3 18.8245670291634 15.243914710252254 121.385009765625 2.94287109375 11.170865998023652 5637
180 66.9 10.330030683622944 9.380287155129155 121.385009765625 2.94287109375 12.580874885525953 6910
190 13.7 4.729410213275548 1.5076380460358936 121.385009765625 2.94287109375 12.382192371860151 7579
200 3.3 5.1780007102272725 0.8784230010000406 121.385009765625 2.94287109375 12.246314824461745 7716
210 0.5 4.594970703125 0.6855156089847576 121.385009765625 2.94287109375 12.216213602914483 7749
220 0.1 5.2470703125 0.0 121.385009765625 2.94287109375 12.21129920847304 7754
230 0 0 0 121.385009765625 2.94287109375 12.210401177667627 7755
232 0 0 0 121.385009765625 2.94287109375 12.210401177667627 7755
