10 0.1 176 0 176 176 0 0
20 0.1 251.0 0.0 251 176 176.0 1
30 0.1 440.0 0.0 440 176 213.5 2
40 0.1 666.0 0.0 666 176 289.0 3
50 0.1 473.0 0.0 666 176 383.25 4
60 0.1 698.0 0.0 698 176 401.2 5
70 0.1 1475.0 0.0 1475 176 450.6666666666667 6
80 0.1 1367.0 0.0 1475 176 597.0 7
90 0.1 1355.0 0.0 1475 176 693.25 8
100 0.1 2475.0 0.0 2475 176 766.7777777777778 9
110 0.1 2628.0 0.0 2628 176 937.6 10
120 0.1 3267.0 0.0 3267 176 1091.2727272727273 11
130 0.1 5220.0 0.0 5220 176 1272.5833333333333 12
140 0.1 5933.0 0.0 5933 176 1576.2307692307693 13
150 0.1 5557.0 0.0 5933 176 1887.4285714285713 14
160 0.1 10503.0 0.0 10503 176 2132.0666666666666 15
170 0.1 11281.0 0.0 11281 176 2655.25 16
180 0.1 10737.0 0.0 11281 176 3162.6470588235293 17
190 0.1 2252.0 0.0 11281 176 3583.4444444444443 18
200 0.1 515.0 0.0 11281 176 3513.3684210526317 19
210 0.1 163.0 0.0 11281 163 3363.45 20
220 0.1 47.0 0.0 11281 47 3211.0476190476193 21
230 0.1 9.0 0.0 11281 9 3067.2272727272725 22
