0 205.53359375 205.53359375
10 219.39921875 424.9328125
20 380.97890625 805.91171875
30 878.9421875 1684.85390625
40 488.75390625 2173.6078125
50 696.41796875 2870.02578125
60 1485.40234375 4355.428125
70 1518.0328125 5873.4609375
80 1634.6078125 7508.06875
90 2410.00703125 9918.07578125
100 2726.2828125 12644.35859375
110 3184.096875 15828.45546875
120 4901.84296875 20730.2984375
130 6005.83203125 26736.13046875
140 6027.03671875 32763.1671875
150 10002.64765625 42765.81484375
160 12037.90234375 54803.7171875
170 11365.1390625 66168.85625
180 3719.05 69887.90625
190 218.79453125 70106.70078125
200 48.9328125 70155.63359375
210 7.4140625 70163.04765625
220 1.4828125 70164.53046875
230 0 70164.53046875
232 0 70164.53046875
