0 10 10
10 23 23
20 30 30
30 42 42
40 60 60
50 79 79
60 109 109
70 150 150
80 193 193
90 256 256
100 297 297
110 309 311
120 244 311
130 181 311
140 133 311
150 119 311
160 108 311
170 108 311
180 107 311
190 106 311
200 106 311
210 105 311
220 104 311
230 104 311
240 103 311
250 102 311
260 102 311
270 100 311
280 100 311
290 98 311
300 98 311
310 98 311
320 98 311
330 98 311
340 96 311
350 95 311
360 95 311
370 93 311
380 93 311
390 93 311
400 93 311
410 92 311
420 92 311
430 92 311
440 90 311
450 84 311
460 83 311
470 82 311
480 82 311
490 81 311
500 79 311
510 79 311
520 79 311
530 79 311
540 78 311
550 78 311
560 77 311
570 75 311
580 75 311
590 75 311
600 75 311
610 71 311
620 68 311
630 63 311
640 63 311
650 60 311
660 60 311
670 60 311
680 60 311
690 60 311
700 60 311
710 60 311
720 59 311
730 57 311
740 55 311
750 52 311
760 52 311
770 50 311
780 49 311
790 49 311
800 48 311
810 47 311
820 46 311
830 46 311
840 42 311
850 34 311
860 31 311
870 31 311
880 31 311
890 29 311
900 29 311
910 28 311
920 24 311
930 19 311
940 12 311
950 4 311
959 0 311
