0 1 10
10 1.3 23
20 0.7 30
30 1.2 42
40 1.8 60
50 1.9 79
60 3 109
70 4.1 150
80 4.3 193
90 7.2 265
100 7.7 342
110 7 412
120 2.8 440
130 0 440
140 0 440
150 0 440
160 0 440
170 0 440
180 0 440
190 0 440
200 0 440
210 0 440
220 0 440
230 0 440
240 0 440
250 0 440
260 0 440
270 0 440
280 0 440
290 0 440
300 0 440
310 0 440
320 0 440
330 0 440
340 0 440
350 0 440
360 0 440
370 0 440
380 0 440
390 0 440
400 0 440
410 0 440
420 0 440
430 0 440
440 0 440
450 0 440
460 0 440
470 0 440
480 0 440
490 0 440
500 0 440
510 0 440
520 0 440
530 0 440
540 0 440
550 0 440
560 0 440
570 0 440
580 0 440
590 0 440
600 0 440
610 0 440
620 0 440
630 0 440
640 0 440
650 0 440
660 0 440
670 0 440
680 0 440
690 0 440
700 0 440
710 0 440
720 0 440
730 0 440
740 0 440
750 0 440
760 0 440
770 0 440
780 0 440
790 0 440
800 0 440
810 0 440
820 0 440
830 0 440
840 0 440
850 0 440
860 0 440
870 0 440
880 0 440
890 0 440
900 0 440
910 0 440
920 0 440
930 0 440
940 0 440
950 0 440
959 0 440
