70 9.7 97
80 36.5 462
90 53.8 1000
100 96.8 1968
110 100.5 2973
120 84.2 3815
130 47.9 4294
140 20 4494
150 8.4 4578
160 1.7 4595
170 0.4 4599
180 0.6 4605
190 0.2 4607
200 0 4607
210 0 4607
220 0 4607
230 0 4607
240 0 4607
250 0 4607
260 0 4607
270 0 4607
280 0 4607
290 0 4607
300 0 4607
310 0 4607
320 0 4607
330 0 4607
340 0 4607
350 0 4607
360 0 4607
370 0 4607
380 0 4607
390 0 4607
400 0 4607
410 0 4607
420 0 4607
430 0 4607
440 0 4607
450 0 4607
460 0 4607
470 0 4607
480 0 4607
490 0 4607
500 0 4607
510 0 4607
520 0 4607
530 0 4607
540 0 4607
550 0 4607
560 0 4607
570 0 4607
580 0 4607
590 0 4607
600 0 4607
610 0 4607
620 0 4607
630 0 4607
640 0 4607
650 0 4607
660 0 4607
670 0 4607
680 0 4607
690 0 4607
700 0 4607
710 0 4607
720 0 4607
730 0 4607
740 0 4607
750 0 4607
760 0 4607
770 0 4607
780 0 4607
790 0 4607
800 0 4607
810 0 4607
820 0 4607
830 0 4607
840 0 4607
850 0 4607
860 0 4607
870 0 4607
880 0 4607
890 0 4607
900 0 4607
910 0 4607
920 0 4607
930 0 4607
940 0 4607
950 0 4607
959 0 4607
