0 0.1 2.144151927556652 0 2.144151927556652 2.144151927556652 0 0
10 0.1 2.9469548133595285 0.0 2.9469548133595285 2.144151927556652 2.144151927556652 1
20 0.1 2.4703557312252964 0.0 2.9469548133595285 2.144151927556652 2.54555337045809 2
30 0.1 1.3820335636722607 0.0 2.9469548133595285 1.3820335636722607 2.5204874907138257 3
40 0.1 1.5794669299111548 0.0 2.9469548133595285 1.3820335636722607 2.2358740089534344 4
50 0.1 1.383399209486166 0.0 2.9469548133595285 1.3820335636722607 2.1045925931449783 5
60 0.1 2.6392961876832843 0.0 2.9469548133595285 1.3820335636722607 1.9843936958685096 6
70 0.1 4.051383399209486 0.0 4.051383399209486 1.3820335636722607 2.0779511946991915 7
80 0.1 3.8272816486751715 0.0 4.051383399209486 1.3820335636722607 2.3246302202629785 8
90 0.1 5.56640625 0.0 5.56640625 1.3820335636722607 2.4915914900865554 9
100 0.1 8.995215311004785 0.0 8.995215311004785 1.3820335636722607 2.7990729660779 10
110 0.1 9.582542694497153 0.0 9.582542694497153 1.3820335636722607 3.362358633798526 11
120 0.1 9.665071770334928 0.0 9.665071770334928 1.3820335636722607 3.880707305523412 12
130 0.1 6.956521739130435 0.0 9.665071770334928 1.3820335636722607 4.325658418201221 13
140 0.1 5.442176870748299 0.0 9.665071770334928 1.3820335636722607 4.513577226839022 14
150 0.1 2.9585798816568047 0.0 9.665071770334928 1.3820335636722607 4.575483869766307 15
160 0.1 1.8737672583826428 0.0 9.665071770334928 1.3820335636722607 4.4744273705094635 16
170 0.1 1.9762845849802373 0.0 9.665071770334928 1.3820335636722607 4.3214473639137685 17
180 0.1 1.3793103448275863 0.0 9.665071770334928 1.3793103448275863 4.191160542861905 18
190 0.1 1.083743842364532 0.0 9.665071770334928 1.083743842364532 4.043168427175888 19
200 0.1 2.753195673549656 0.0 9.665071770334928 1.083743842364532 3.89519719793532 20
210 0.1 0.9861932938856016 0.0 9.665071770334928 0.9861932938856016 3.8408161729645744 21
220 0.1 2.1653543307086616 0.0 9.665071770334928 0.9861932938856016 3.711060587551894 22
230 0.1 1.282051282051282 0.0 9.665071770334928 0.9861932938856016 3.643855967689145 23
240 0.1 1.2833168805528135 0.0 9.665071770334928 0.9861932938856016 3.5454474391209008 24
250 0.1 2.2660098522167487 0.0 9.665071770334928 0.9861932938856016 3.4549622167781773 25
260 0.1 0.9852216748768473 0.0 9.665071770334928 0.9852216748768473 3.409233279679661 26
270 0.1 2.2615535889872174 0.0 9.665071770334928 0.9852216748768473 3.319455072094372 27
280 0.1 1.185770750988142 0.0 9.665071770334928 0.9852216748768473 3.2816728762691163 28
290 0.1 1.5732546705998034 0.0 9.665071770334928 0.9852216748768473 3.209400389190462 29
300 0.1 2.4630541871921183 0.0 9.665071770334928 0.9852216748768473 3.1548621985707737 30
310 0.1 1.1822660098522169 0.0 9.665071770334928 0.9852216748768473 3.132545811106946 31
320 0.1 1.9704433497536946 0.0 9.665071770334928 0.9852216748768473 3.0715995673177354 32
330 0.1 1.083743842364532 0.0 9.665071770334928 0.9852216748768473 3.038231197088522 33
340 0.1 1.1869436201780417 0.0 9.665071770334928 0.9852216748768473 2.9807462748907576 34
350 0.1 1.27826941986234 0.0 9.665071770334928 0.9852216748768473 2.929494770470394 35
360 0.1 1.0869565217391304 0.0 9.665071770334928 0.9852216748768473 2.8836273996201705 36
370 0.1 1.671583087512291 0.0 9.665071770334928 0.9852216748768473 2.835068727245007 37
380 0.1 1.085883514313919 0.0 9.665071770334928 0.9852216748768473 2.804450684094146 38
390 0.1 1.5686274509803921 0.0 9.665071770334928 0.9852216748768473 2.7603848592279863 39
400 0.1 1.3779527559055118 0.0 9.665071770334928 0.9852216748768473 2.7305909240217963 40
410 0.1 1.477832512315271 0.0 9.665071770334928 0.9852216748768473 2.697599749189692 41
420 0.1 1.279527559055118 0.0 9.665071770334928 0.9852216748768473 2.6685576721212536 42
430 0.1 1.0848126232741617 0.0 9.665071770334928 0.9852216748768473 2.6362546462359946 43
440 0.1 1.5779092702169626 0.0 9.665071770334928 0.9852216748768473 2.600994600259589 44
450 0.1 1.4749262536873156 0.0 9.665071770334928 0.9852216748768473 2.5782593707030865 45
460 0.1 1.8682399213372665 0.0 9.665071770334928 0.9852216748768473 2.554273868159265 46
470 0.1 1.7716535433070866 0.0 9.665071770334928 0.9852216748768473 2.5396774012056054 47
480 0.1 1.0869565217391304 0.0 9.665071770334928 0.9852216748768473 2.5236769041660527 48
490 0.1 1.7699115044247788 0.0 9.665071770334928 0.9852216748768473 2.494356080034891 49
500 0.1 1.3820335636722607 0.0 9.665071770334928 0.9852216748768473 2.479867188522689 50
510 0.1 1.279527559055118 0.0 9.665071770334928 0.9852216748768473 2.458341039015818 51
520 0.1 1.574803149606299 0.0 9.665071770334928 0.9852216748768473 2.4356715490165737 52
530 0.1 1.477832512315271 0.0 9.665071770334928 0.9852216748768473 2.419428749027701 53
540 0.1 1.3779527559055118 0.0 9.665071770334928 0.9852216748768473 2.4019917816811747 54
550 0.1 1.5779092702169626 0.0 9.665071770334928 0.9852216748768473 2.383372890303435 55
560 0.1 1.3806706114398422 0.0 9.665071770334928 0.9852216748768473 2.3689896113733195 56
570 0.1 1.7699115044247788 0.0 9.665071770334928 0.9852216748768473 2.3516506815499256 57
580 0.1 1.5794669299111548 0.0 9.665071770334928 0.9852216748768473 2.341620695737423 58
590 0.1 1.3806706114398422 0.0 9.665071770334928 0.9852216748768473 2.3287028352996897 59
600 0.1 1.1822660098522169 0.0 9.665071770334928 0.9852216748768473 2.312902298235359 60
610 0.1 1.3779527559055118 0.0 9.665071770334928 0.9852216748768473 2.2943672771143238 61
620 0.1 1.5779092702169626 0.0 9.665071770334928 0.9852216748768473 2.279586397739988 62
630 0.1 2.2549019607843137 0.0 9.665071770334928 0.9852216748768473 2.268448665557083 63
640 0.1 1.0848126232741617 0.0 9.665071770334928 0.9852216748768473 2.2682369982950084 64
650 0.1 1.966568338249754 0.0 9.665071770334928 0.9852216748768473 2.2500304694485336 65
660 0.1 1.3806706114398422 0.0 9.665071770334928 0.9852216748768473 2.2457355886727943 66
670 0.1 1.4792899408284024 0.0 9.665071770334928 0.9852216748768473 2.2328241711021537 67
680 0.1 1.5717092337917484 0.0 9.665071770334928 0.9852216748768473 2.2217427853628338 68
690 0.1 1.085883514313919 0.0 9.665071770334928 0.9852216748768473 2.212322009253108 69
700 0.1 1.2807881773399015 0.0 9.665071770334928 0.9852216748768473 2.1962300307539766 70
710 0.1 1.574803149606299 0.0 9.665071770334928 0.9852216748768473 2.183336483522792 71
720 0.1 1.185770750988142 0.0 9.665071770334928 0.9852216748768473 2.174884631662841 72
730 0.1 1.0880316518298714 0.0 9.665071770334928 0.9852216748768473 2.1613351264481193 73
740 0.1 1.9588638589618024 0.0 9.665071770334928 0.9852216748768473 2.146831025439765 74
750 0.1 1.7751479289940828 0.0 9.665071770334928 0.9852216748768473 2.1443247965533923 75
760 0.1 1.0826771653543308 0.0 9.665071770334928 0.9852216748768473 2.1394672061907696 76
770 0.1 1.7699115044247788 0.0 9.665071770334928 0.9852216748768473 2.125742660205881 77
780 0.1 1.574803149606299 0.0 9.665071770334928 0.9852216748768473 2.1211807223112515 78
790 0.1 1.279527559055118 0.0 9.665071770334928 0.9852216748768473 2.11426455050486 79
800 0.1 1.87192118226601 0.0 9.665071770334928 0.9852216748768473 2.103830338111738 80
810 0.1 1.2845849802371543 0.0 9.665071770334928 0.9852216748768473 2.1009672621136426 81
820 0.1 1.5779092702169626 0.0 9.665071770334928 0.9852216748768473 2.0910113806273443 82
840 0.1 1.083743842364532 0.0 9.665071770334928 0.9852216748768473 2.0848294274898698 83
850 0.1 1.5810276679841897 0.0 9.665071770334928 0.9852216748768473 2.0729117419526633 84
860 0.1 1.966568338249754 0.0 9.665071770334928 0.9852216748768473 2.0671248704942107 85
870 0.1 1.376597836774828 0.0 9.665071770334928 0.9852216748768473 2.0659556084913677 86
880 0.1 1.7699115044247788 0.0 9.665071770334928 0.9852216748768473 2.058031955942902 87
890 0.1 0.8902077151335311 0.0 9.665071770334928 0.8902077151335311 2.0547578599029235 88
900 0.1 1.5732546705998034 0.0 9.665071770334928 0.8902077151335311 2.041673026815627 89
910 0.1 1.2833168805528135 0.0 9.665071770334928 0.8902077151335311 2.0364683784132285 90
920 0.1 1.3793103448275863 0.0 9.665071770334928 0.8902077151335311 2.02819198832685 91
930 0.1 1.2807881773399015 0.0 9.665071770334928 0.8902077151335311 2.0211389269844666 92
940 0.1 1.574803149606299 0.0 9.665071770334928 0.8902077151335311 2.0131781662356003 93
950 0.1 1.2845849802371543 0.0 9.665071770334928 0.8902077151335311 2.0085146022289058 94
959 0.1 1.8664047151277015 0.0 9.665071770334928 0.8902077151335311 2.0008942904184663 95
