0 0.1 3161.671875 0 3161.671875 3161.671875 0 0
10 0.1 3160.56640625 0.0 3161.671875 3160.56640625 3161.671875 1
20 0.1 3158.87890625 0.0 3161.671875 3158.87890625 3161.119140625 2
30 0.1 3158.64453125 0.0 3161.671875 3158.64453125 3160.3723958333335 3
40 0.1 3158.2734375 0.0 3161.671875 3158.2734375 3159.9404296875 4
50 0.1 3157.94921875 0.0 3161.671875 3157.94921875 3159.60703125 5
60 0.1 3154.453125 0.0 3161.671875 3154.453125 3159.3307291666665 6
70 0.1 3151.796875 0.0 3161.671875 3151.796875 3158.6339285714284 7
80 0.1 3150.9609375 0.0 3161.671875 3150.9609375 3157.779296875 8
90 0.1 3145.66796875 0.0 3161.671875 3145.66796875 3157.0217013888887 9
100 0.1 3141.3046875 0.0 3161.671875 3141.3046875 3155.886328125 10
110 0.1 3137.71484375 0.0 3161.671875 3137.71484375 3154.560724431818 11
120 0.1 3137.1875 0.0 3161.671875 3137.1875 3153.1569010416665 12
130 0.1 3137.078125 0.0 3161.671875 3137.078125 3151.928485576923 13
140 0.1 3136.84375 0.0 3161.671875 3136.84375 3150.867745535714 14
150 0.1 3136.87109375 0.0 3161.671875 3136.84375 3149.9328125 15
160 0.1 3136.89453125 0.0 3161.671875 3136.84375 3149.116455078125 16
170 0.1 3136.75 0.0 3161.671875 3136.75 3148.397518382353 17
180 0.1 3136.7890625 0.0 3161.671875 3136.75 3147.750434027778 18
190 0.1 3136.64453125 0.0 3161.671875 3136.64453125 3147.173519736842 19
200 0.1 3136.51953125 0.0 3161.671875 3136.51953125 3146.6470703125 20
210 0.1 3136.51953125 0.0 3161.671875 3136.51953125 3146.1648065476193 21
220 0.1 3136.3125 0.0 3161.671875 3136.3125 3145.726384943182 22
230 0.1 3136.35546875 0.0 3161.671875 3136.3125 3145.317085597826 23
240 0.1 3136.34765625 0.0 3161.671875 3136.3125 3144.9436848958335 24
250 0.1 3135.9765625 0.0 3161.671875 3135.9765625 3144.59984375 25
260 0.1 3135.86328125 0.0 3161.671875 3135.86328125 3144.2681790865386 26
270 0.1 3135.640625 0.0 3161.671875 3135.640625 3143.956886574074 27
280 0.1 3135.79296875 0.0 3161.671875 3135.640625 3143.6598772321427 28
290 0.1 3134.375 0.0 3161.671875 3134.375 3143.388604525862 29
300 0.1 3135.5859375 0.0 3161.671875 3134.375 3143.0881510416666 30
310 0.1 3135.64453125 0.0 3161.671875 3134.375 3142.846144153226 31
320 0.1 3135.65234375 0.0 3161.671875 3134.375 3142.62109375 32
330 0.1 3135.6484375 0.0 3161.671875 3134.375 3142.409919507576 33
340 0.1 3135.6640625 0.0 3161.671875 3134.375 3142.211052389706 34
350 0.1 3135.6796875 0.0 3161.671875 3134.375 3142.023995535714 35
360 0.1 3135.69140625 0.0 3161.671875 3134.375 3141.8477647569443 36
370 0.1 3135.55078125 0.0 3161.671875 3134.375 3141.681376689189 37
380 0.1 3135.58203125 0.0 3161.671875 3134.375 3141.5200452302633 38
390 0.1 3135.4453125 0.0 3161.671875 3134.375 3141.3677884615386 39
400 0.1 3135.4765625 0.0 3161.671875 3134.375 3141.2197265625 40
410 0.1 3135.34375 0.0 3161.671875 3134.375 3141.079649390244 41
420 0.1 3135.3828125 0.0 3161.671875 3134.375 3140.9430803571427 42
430 0.1 3135.390625 0.0 3161.671875 3134.375 3140.8137718023254 43
440 0.1 3135.25 0.0 3161.671875 3134.375 3140.690518465909 44
450 0.1 3135.2890625 0.0 3161.671875 3134.375 3140.5696180555556 45
460 0.1 3135.296875 0.0 3161.671875 3134.375 3140.454823369565 46
470 0.1 3135.3046875 0.0 3161.671875 3134.375 3140.345079787234 47
480 0.1 3135.1640625 0.0 3161.671875 3134.375 3140.2400716145835 48
490 0.1 3135.203125 0.0 3161.671875 3134.375 3140.1364795918366 49
500 0.1 3135.05078125 0.0 3161.671875 3134.375 3140.0378125 50
510 0.1 3135.1015625 0.0 3161.671875 3134.375 3139.9400275735293 51
520 0.1 3135.109375 0.0 3161.671875 3134.375 3139.846980168269 52
530 0.1 3135.1171875 0.0 3161.671875 3134.375 3139.7575913915093 53
540 0.1 3135.1328125 0.0 3161.671875 3134.375 3139.6716579861113 54
550 0.1 3134.98828125 0.0 3161.671875 3134.375 3139.5891335227275 55
560 0.1 3135.1484375 0.0 3161.671875 3134.375 3139.5069754464284 56
570 0.1 3135.15625 0.0 3161.671875 3134.375 3139.4305098684213 57
580 0.1 3135.01953125 0.0 3161.671875 3134.375 3139.3568157327586 58
590 0.1 3135.046875 0.0 3161.671875 3134.375 3139.283302436441 59
600 0.1 3135.06640625 0.0 3161.671875 3134.375 3139.2126953125 60
610 0.1 3135.07421875 0.0 3161.671875 3134.375 3139.144723360656 61
620 0.1 3134.9375 0.0 3161.671875 3134.375 3139.079070060484 62
630 0.1 3134.84765625 0.0 3161.671875 3134.375 3139.0133308531745 63
640 0.1 3134.890625 0.0 3161.671875 3134.375 3138.9482421875 64
650 0.1 3134.8984375 0.0 3161.671875 3134.375 3138.8858173076924 65
660 0.1 3134.90625 0.0 3161.671875 3134.375 3138.825402462121 66
670 0.1 3134.91015625 0.0 3161.671875 3134.375 3138.766907649254 67
680 0.1 3134.92578125 0.0 3161.671875 3134.375 3138.7101907169117 68
690 0.1 3134.78125 0.0 3161.671875 3134.375 3138.6553442028985 69
700 0.1 3134.55078125 0.0 3161.671875 3134.375 3138.6 70
710 0.1 3134.54296875 0.0 3161.671875 3134.375 3138.54296875 71
720 0.1 3134.6015625 0.0 3161.671875 3134.375 3138.4874131944443 72
730 0.1 3134.45703125 0.0 3161.671875 3134.375 3138.434182363014 73
740 0.1 3134.34375 0.0 3161.671875 3134.34375 3138.3804370777025 74
750 0.1 3134.38671875 0.0 3161.671875 3134.34375 3138.326614583333 75
760 0.1 3134.38671875 0.0 3161.671875 3134.34375 3138.274773848684 76
770 0.1 3134.44140625 0.0 3161.671875 3134.34375 3138.2242796266232 77
780 0.1 3134.5234375 0.0 3161.671875 3134.34375 3138.17578125 78
790 0.1 3134.6953125 0.0 3161.671875 3134.34375 3138.1295490506327 79
800 0.1 3133.1953125 0.0 3161.671875 3133.1953125 3138.0866210937497 80
810 0.1 3134.75 0.0 3161.671875 3133.1953125 3138.0262345679007 81
820 0.1 3134.61328125 0.0 3161.671875 3133.1953125 3137.9862804878044 82
840 0.1 3134.64453125 0.0 3161.671875 3133.1953125 3137.9456419427706 83
850 0.1 3134.66015625 0.0 3161.671875 3133.1953125 3137.9063430059523 84
860 0.1 3134.6875 0.0 3161.671875 3133.1953125 3137.868152573529 85
870 0.1 3134.7421875 0.0 3161.671875 3133.1953125 3137.831168241279 86
880 0.1 3134.74609375 0.0 3161.671875 3133.1953125 3137.795662715517 87
890 0.1 3134.7578125 0.0 3161.671875 3133.1953125 3137.7610085227275 88
900 0.1 3134.7734375 0.0 3161.671875 3133.1953125 3137.727264747191 89
910 0.1 3134.78125 0.0 3161.671875 3133.1953125 3137.6944444444443 90
920 0.1 3134.62890625 0.0 3161.671875 3133.1953125 3137.6624313186812 91
930 0.1 3134.6796875 0.0 3161.671875 3133.1953125 3137.6294582201085 92
940 0.1 3134.7421875 0.0 3161.671875 3133.1953125 3137.5977402553763 93
950 0.1 3134.98046875 0.0 3161.671875 3133.1953125 3137.5673620345747 94
959 0.1 3134.90234375 0.0 3161.671875 3133.1953125 3137.5401315789472 95
