90 0.9 32441.624837239582 14468.59606300651 54245.885009765625 17475.1240234375 0 0
100 3.6 47909.829610188805 33750.078805370795 106147.787109375 9522.183837890625 32441.624837239582 9
110 5.8 40301.594452956626 23768.045407952213 106147.787109375 7387.10693359375 44816.188655598955 45
120 9.3 33876.77287571403 22157.650630180033 111120.0888671875 7387.10693359375 42273.98997838289 103
130 6.3 34268.170669797866 23154.400085183213 125215.19091796875 7387.10693359375 38289.596149055316 196
140 4.8 36236.63214111329 23063.03019326661 125883.15502929688 7387.10693359375 37311.41157301972 259
150 1.4 82638.25247628348 35895.62403637105 147083.15185546875 7387.10693359375 37143.367883340536 307
160 1.1 83134.35109641335 32767.07048142186 148853.3779296875 7387.10693359375 39127.568457487585 321
170 0 0 0 148853.3779296875 7387.10693359375 40585.6245087773 332
180 0.1 169697.19506835938 0.0 169697.19506835938 7387.10693359375 40585.6245087773 332
190 0.1 127868.16381835938 0.0 169697.19506835938 7387.10693359375 40973.34694289016 333
200 0 0 0 169697.19506835938 7387.10693359375 41233.51106527181 334
210 0.1 164108.78002929688 0.0 169697.19506835938 7387.10693359375 41233.51106527181 334
220 0.1 105739.23291015625 0.0 169697.19506835938 7387.10693359375 41600.30291292561 335
230 0 0 0 169697.19506835938 7387.10693359375 41791.19258553642 336
240 0.1 123238.25 0.0 169697.19506835938 7387.10693359375 41791.19258553642 336
250 0.1 168848.21704101563 0.0 169697.19506835938 7387.10693359375 42032.87524848735 337
260 0 0 0 169697.19506835938 7387.10693359375 42408.06856740015 338
270 0.2 227316.06298828125 15275.01904296875 242591.08203125 7387.10693359375 42408.06856740015 338
280 0 0 0 242591.08203125 7387.10693359375 43495.76265222886 340
290 0.2 245947.17309570313 6987.0 252934.17309570313 7387.10693359375 43495.76265222886 340
300 0 0 0 252934.17309570313 7387.10693359375 44679.689029091285 342
310 0 0 0 252934.17309570313 7387.10693359375 44679.689029091285 342
320 0 0 0 252934.17309570313 7387.10693359375 44679.689029091285 342
330 0 0 0 252934.17309570313 7387.10693359375 44679.689029091285 342
340 0.2 230856.19799804688 5023.955078125 252934.17309570313 7387.10693359375 44679.689029091285 342
350 0.1 230248.1689453125 0.0 252934.17309570313 7387.10693359375 45762.11059286428 344
360 0 0 0 252934.17309570313 7387.10693359375 46296.852790987316 345
370 0.2 257266.74047851563 3806.510498046875 261073.2509765625 7387.10693359375 46296.852790987316 345
380 0 0 0 261073.2509765625 7387.10693359375 47512.81756152062 347
390 0 0 0 261073.2509765625 7387.10693359375 47512.81756152062 347
400 0 0 0 261073.2509765625 7387.10693359375 47512.81756152062 347
410 0.1 337986.087890625 0.0 337986.087890625 7387.10693359375 47512.81756152062 347
420 0 0 0 337986.087890625 7387.10693359375 48347.510867064026 348
430 0 0 0 337986.087890625 7387.10693359375 48347.510867064026 348
440 0.2 344905.7139892578 18808.496948242188 363714.2109375 7387.10693359375 48347.510867064026 348
450 0.6 363387.1498616536 30211.680888123716 406326.1052246094 7387.10693359375 50042.12917061942 350
460 0.1 348717.22509765625 0.0 406326.1052246094 7387.10693359375 55323.225024962696 356
470 0.1 422559.16796875 0.0 422559.16796875 7387.10693359375 56145.05695793943 357
480 0 0 0 422559.16796875 7387.10693359375 57168.56006132158 358
490 0.1 473694.1579589844 0.0 473694.1579589844 7387.10693359375 57168.56006132158 358
500 0.2 450309.1729736328 45404.03210449219 495713.205078125 7387.10693359375 58328.798495576906 359
510 0 0 0 495713.205078125 7387.10693359375 60500.43491927805 361
520 0 0 0 495713.205078125 7387.10693359375 60500.43491927805 361
530 0 0 0 495713.205078125 7387.10693359375 60500.43491927805 361
540 0.1 428766.22705078125 0.0 495713.205078125 7387.10693359375 60500.43491927805 361
550 0 0 0 495713.205078125 7387.10693359375 61517.743737320874 362
560 0.1 492655.208984375 0.0 495713.205078125 7387.10693359375 61517.743737320874 362
570 0.2 455387.2136230469 7560.008544921875 495713.205078125 7387.10693359375 62705.45025315298 363
580 0 0 0 495713.205078125 7387.10693359375 64857.13114833048 365
590 0 0 0 495713.205078125 7387.10693359375 64857.13114833048 365
600 0 0 0 495713.205078125 7387.10693359375 64857.13114833048 365
610 0.4 532438.4426879883 40298.175148325645 591970.1518554688 7387.10693359375 64857.13114833048 365
620 0.3 507808.8760579427 8070.88383663806 591970.1518554688 7387.10693359375 69925.7632517414 369
630 0.5 547441.6024902344 41392.23189594464 622508.1889648438 7387.10693359375 73457.07867759786 372
640 0 0 0 622508.1889648438 7387.10693359375 79743.34557166466 377
650 0.3 572993.1960449219 6812.274010088912 622508.1889648438 7387.10693359375 79743.34557166466 377
660 0 0 0 622508.1889648438 7387.10693359375 83637.42333855879 380
670 0 0 0 622508.1889648438 7387.10693359375 83637.42333855879 380
680 0 0 0 622508.1889648438 7387.10693359375 83637.42333855879 380
690 0 0 0 622508.1889648438 7387.10693359375 83637.42333855879 380
700 0 0 0 622508.1889648438 7387.10693359375 83637.42333855879 380
710 0 0 0 622508.1889648438 7387.10693359375 83637.42333855879 380
720 0.1 615073.2199707031 0.0 622508.1889648438 7387.10693359375 83637.42333855879 380
730 0.2 627698.7265625 3141.507568359375 630840.2341308594 7387.10693359375 85032.26794914184 381
740 0.2 665686.1788330078 4554.0260009765625 670240.2048339844 7387.10693359375 87866.03535704449 383
750 0.3 671225.189453125 2011.3187386423301 672748.2141113281 7387.10693359375 90867.6984400365 385
760 0 0 0 672748.2141113281 7387.10693359375 95354.99862828203 388
770 0.2 711364.0765380859 12964.859497070313 724328.9360351563 7387.10693359375 95354.99862828203 388
780 0.1 693363.1220703125 0.0 724328.9360351563 7387.10693359375 98514.01954064 390
790 0 0 0 724328.9360351563 7387.10693359375 100035.3727440407 391
800 0.1 698124.2099609375 0.0 724328.9360351563 7387.10693359375 100035.3727440407 391
810 0.1 732263.1169433594 0.0 732263.1169433594 7387.10693359375 101561.10957367564 392
820 0.1 771717.1879882813 0.0 771717.1879882813 7387.10693359375 103165.94928708451 393
830 0 0 0 771717.1879882813 7387.10693359375 104862.77984216368 394
840 0.4 769697.172668457 17099.851123746852 797722.162109375 7387.10693359375 104862.77984216368 394
850 0.8 791101.8807678223 24362.799248454663 817669.0119628906 7387.10693359375 111544.53253388523 398
860 0.3 823188.4270019531 8187.6825724028195 831570.17578125 7387.10693359375 124934.82510992339 406
870 0 0 0 831570.17578125 7387.10693359375 130056.48967147863 409
880 0 0 0 831570.17578125 7387.10693359375 130056.48967147863 409
890 0.2 808059.1678466797 23389.920043945313 831570.17578125 7387.10693359375 130056.48967147863 409
900 0 0 0 831570.17578125 7387.10693359375 133355.77277695405 411
910 0.1 871327.1640625 0.0 871327.1640625 7387.10693359375 133355.77277695405 411
920 0.4 820441.1798095703 12407.277474782424 871327.1640625 7387.10693359375 135146.96547424907 412
930 0.5 858658.5225585938 18246.001303737063 888682.7958984375 7387.10693359375 141736.332919781 416
940 0.7 858534.5208914621 11623.769007430095 888682.7958984375 7387.10693359375 150250.84823615645 421
950 0.8 876569.1508483887 11621.019212560703 889917.248046875 7387.10693359375 161834.92699453764 428
959 0.4 864680.6812133789 21080.10434327061 897610.2028808594 7387.10693359375 174949.31642304867 436
