0 4.8234375 4.8234375
10 15.60078125 20.42421875
20 2.76796875 23.1921875
30 2.51953125 25.71171875
40 4.32421875 30.0359375
50 8.33046875 38.36640625
60 34.1171875 72.48359375
70 29.1375 101.62109375
80 70.4 172.02109375
90 136.98359375 309.0046875
100 185.46640625 494.47109375
110 163.29140625 657.7625
120 128.0671875 785.8296875
130 69.10703125 854.93671875
140 50.525 905.46171875
150 28.88828125 934.35
160 8.0890625 942.4390625
170 8.76875 951.2078125
180 2.2109375 953.41875
190 9.5171875 962.9359375
200 2.1828125 965.11875
210 1.09765625 966.21640625
220 5.121875 971.33828125
230 0 971.33828125
240 6.19140625 977.5296875
250 3.68046875 981.21015625
260 3.33984375 984.55
270 10.60859375 995.15859375
280 1.45703125 996.615625
290 7.31484375 1003.93046875
300 3.63515625 1007.565625
310 1.81796875 1009.38359375
320 3.0296875 1012.41328125
330 0.39453125 1012.8078125
340 4.4578125 1017.265625
350 0 1017.265625
360 3.67265625 1020.93828125
370 1.82109375 1022.759375
380 0.7609375 1023.5203125
390 2.91640625 1026.43671875
400 2.18828125 1028.625
410 3.6734375 1032.2984375
420 1.4875 1033.7859375
430 2.18203125 1035.96796875
440 6.2203125 1042.18828125
450 3.6671875 1045.85546875
460 4.4625 1050.31796875
470 1.4609375 1051.77890625
480 2.55390625 1054.3328125
490 4.36640625 1058.69921875
500 4.37421875 1063.0734375
510 2.61015625 1065.68359375
520 1.15078125 1066.834375
530 2.2453125 1069.0796875
540 1.8203125 1070.9
550 2.93828125 1073.83828125
560 1.54609375 1075.384375
570 4.41875 1079.803125
580 6.18359375 1085.98671875
590 3.275 1089.26171875
600 0.7890625 1090.05078125
610 1.4875 1091.53828125
620 4.7453125 1096.28359375
630 7.64296875 1103.9265625
640 0.3640625 1104.290625
650 7.7296875 1112.0203125
660 2.5765625 1114.596875
670 1.8765625 1116.4734375
680 2.58671875 1119.06015625
690 1.4859375 1120.54609375
700 1.45859375 1122.0046875
710 1.85546875 1123.86015625
720 2.94140625 1126.8015625
730 1.85390625 1128.65546875
740 1.45390625 1130.109375
750 6.584375 1136.69375
760 1.09921875 1137.79296875
770 4.790625 1142.58359375
780 4.0109375 1146.59453125
790 1.153125 1147.74765625
800 5.57109375 1153.31875
810 0.72578125 1154.04453125
820 5.5984375 1159.64296875
830 0.75859375 1160.4015625
840 2.99921875 1163.40078125
850 7.7296875 1171.13046875
860 1.12109375 1172.2515625
870 2.27734375 1174.52890625
880 1.18359375 1175.7125
890 1.9125 1177.625
900 0.39453125 1178.01953125
910 1.9109375 1179.93046875
920 1.15390625 1181.084375
930 1.578125 1182.6625
940 0.39453125 1183.05703125
950 1.97265625 1185.0296875
959 0.7890625 1185.81875
