0 0.7 17.153843470982142 39.844275011600764 114.751953125 0.8427734375 0 0
10 1.4 0.8227190290178571 0.06208725316066112 114.751953125 0.6669921875 17.153843470982142 7
20 0.2 0.7664794921875 0.1004638671875 114.751953125 0.666015625 6.266427176339286 21
30 2.3 0.8190281080163043 0.1456905755309607 114.751953125 0.619873046875 5.788170855978261 23
40 1.5 1.0070475260416667 0.9556815411501505 114.751953125 0.593017578125 3.3035994819972827 46
50 2.4 0.8103129069010416 0.0768499427875842 114.751953125 0.593017578125 2.7388735911885247 61
60 3 0.7662109375 0.08767818292127168 114.751953125 0.5439453125 2.1943388097426473 85
70 3.8 0.870836759868421 0.5810701713469397 114.751953125 0.5439453125 1.8217837126358698 115
80 2.9 0.8288910964439655 0.16212771651200206 114.751953125 0.5439453125 1.5856008093341505 153
90 5.9 0.7664939751059322 0.17306068594547752 114.751953125 0.5439453125 1.4650261847527473 182
100 7.7 0.73486328125 0.08842255770059615 114.751953125 0.529052734375 1.2940162247147302 241
110 7.5 0.7426497395833334 0.11574887743909738 114.751953125 0.529052734375 1.158623845322327 318
120 2.5 0.680859375 0.050983904898063516 114.751953125 0.529052734375 1.0792394739980915 393
130 0 0 0 114.751953125 0.529052734375 1.0554129130532295 418
140 0 0 0 114.751953125 0.529052734375 1.0554129130532295 418
150 0 0 0 114.751953125 0.529052734375 1.0554129130532295 418
160 0 0 0 114.751953125 0.529052734375 1.0554129130532295 418
170 0 0 0 114.751953125 0.529052734375 1.0554129130532295 418
180 0.1 0.820068359375 0.0 114.751953125 0.529052734375 1.0554129130532295 418
190 0 0 0 114.751953125 0.529052734375 1.054851231540871 419
200 0 0 0 114.751953125 0.529052734375 1.054851231540871 419
210 0 0 0 114.751953125 0.529052734375 1.054851231540871 419
214 0 0 0 114.751953125 0.529052734375 1.054851231540871 419
