0 0.1 2.597924372533169 0 2.597924372533169 2.597924372533169 0 0
10 0.1 3.1341821743388834 0.0 3.1341821743388834 2.597924372533169 2.597924372533169 1
20 0.1 2.65748031496063 0.0 3.1341821743388834 2.597924372533169 2.8660532734360262 2
30 0.1 2.3645320197044337 0.0 3.1341821743388834 2.3645320197044337 2.7965289539442275 3
40 0.1 2.277227722772277 0.0 3.1341821743388834 2.277227722772277 2.6885297203842793 4
50 0.1 2.559055118110236 0.0 3.1341821743388834 2.277227722772277 2.606269320861879 5
60 0.1 4.4422507403751235 0.0 4.4422507403751235 2.277227722772277 2.5984002870699388 6
70 0.1 3.152709359605911 0.0 4.4422507403751235 2.277227722772277 2.8618074946849648 7
80 0.1 3.0602171767028628 0.0 4.4422507403751235 2.277227722772277 2.898170227800083 8
90 0.1 5.392156862745098 0.0 5.392156862745098 2.277227722772277 2.9161754443448364 9
100 0.1 8.47953216374269 0.0 8.47953216374269 2.277227722772277 3.1637735861848624 10
110 0.1 9.583736689254598 0.0 9.583736689254598 2.277227722772277 3.6470243659628467 11
120 0.1 11.207729468599034 0.0 11.207729468599034 2.277227722772277 4.141750392903826 12
130 0.1 8.737864077669903 0.0 11.207729468599034 2.277227722772277 4.68528724488038 13
140 0.1 6.731707317073171 0.0 11.207729468599034 2.277227722772277 4.97475701865106 14
150 0.1 5.185909980430528 0.0 11.207729468599034 2.277227722772277 5.091887038545867 15
160 0.1 4.322200392927308 0.0 11.207729468599034 2.277227722772277 5.097763472413658 16
170 0.1 4.313725490196078 0.0 11.207729468599034 2.277227722772277 5.052142114796815 17
180 0.1 3.6168132942326494 0.0 11.207729468599034 2.277227722772277 5.011118968985662 18
190 0.1 2.0710059171597637 0.0 11.207729468599034 2.0710059171597637 4.937734459788135 19
200 0.1 1.3793103448275863 0.0 11.207729468599034 1.3793103448275863 4.7943980326567175 20
210 0.1 1.0848126232741617 0.0 11.207729468599034 1.0848126232741617 4.631774809426759 21
214 0.1 1.0848126232741617 0.0 11.207729468599034 1.0848126232741617 4.470549255510732 22
