0 0.1 3156.21875 0 3156.21875 3156.21875 0 0
10 0.1 3155.48828125 0.0 3156.21875 3155.48828125 3156.21875 1
20 0.1 3154.16015625 0.0 3156.21875 3154.16015625 3155.853515625 2
30 0.1 3152.59375 0.0 3156.21875 3152.59375 3155.2890625 3
40 0.1 3151.75390625 0.0 3156.21875 3151.75390625 3154.615234375 4
50 0.1 3149.82421875 0.0 3156.21875 3149.82421875 3154.04296875 5
60 0.1 3147.3828125 0.0 3156.21875 3147.3828125 3153.33984375 6
70 0.1 3146.33984375 0.0 3156.21875 3146.33984375 3152.488839285714 7
80 0.1 3144.86328125 0.0 3156.21875 3144.86328125 3151.72021484375 8
90 0.1 3140.9765625 0.0 3156.21875 3140.9765625 3150.9583333333335 9
100 0.1 3136.37109375 0.0 3156.21875 3136.37109375 3149.96015625 10
110 0.1 3130.828125 0.0 3156.21875 3130.828125 3148.724786931818 11
120 0.1 3130.94921875 0.0 3156.21875 3130.828125 3147.2333984375 12
130 0.1 3130.53515625 0.0 3156.21875 3130.53515625 3145.980769230769 13
140 0.1 3131.73828125 0.0 3156.21875 3130.53515625 3144.877511160714 14
150 0.1 3130.27734375 0.0 3156.21875 3130.27734375 3144.0015625 15
160 0.1 3130.125 0.0 3156.21875 3130.125 3143.143798828125 16
170 0.1 3131.2890625 0.0 3156.21875 3130.125 3142.377987132353 17
180 0.1 3131.25390625 0.0 3156.21875 3130.125 3141.7619357638887 18
190 0.1 3136.484375 0.0 3156.21875 3130.125 3141.2088815789475 19
200 0.1 3137.58984375 0.0 3156.21875 3130.125 3140.97265625 20
210 0.1 3137.70703125 0.0 3156.21875 3130.125 3140.811569940476 21
214 0.1 3137.70703125 0.0 3156.21875 3130.125 3140.6704545454545 22
