0 2.3 197.23427946671197 783.318783554874 3868.663818359375 7.27783203125 0 0
10 1.7 43.77956973805147 41.78767356305587 3868.663818359375 7.27783203125 197.23427946671197 23
20 4.4 3443.2052889737215 3856.7585260842525 13382.544921875 7.27783203125 132.01602783203126 40
30 8.5 2463.744152113971 3289.967729699702 16739.95703125 7.27783203125 1866.448497953869 84
40 2.3 5591.080959154211 4896.8725388608045 16739.95703125 7.27783203125 2166.863471939719 169
50 6.5 8198.12098482572 1896.859705282293 16739.95703125 7.27783203125 2577.0561917622886 192
60 5.7 10310.97836571409 4354.009119729674 20650.586181640625 1.63818359375 3998.7262756110167 257
70 20 4752.623677978514 6685.03517303677 22887.869140625 0.697998046875 5144.580954387689 314
80 32.8 2851.9592568002095 6257.999909395455 27134.60595703125 0.676025390625 4992.068395473613 514
90 47.4 2789.179092600377 6292.59885474069 30425.007080078125 0.656982421875 4158.391676370435 842
100 63.3 1005.1052334802032 4391.434446447508 32795.430908203125 0.654052734375 3665.2254417906415 1316
110 79.9 741.8082286085152 3758.0541366114207 32795.430908203125 0.654052734375 2801.2664413491293 1949
120 72.6 1146.4725691529998 5271.3315816222 32795.430908203125 0.64599609375 2202.464726654897 2748
130 42.6 1689.8358480963911 7090.659183043258 43404.742919921875 0.64599609375 1981.7824277641723 3474
140 20.4 6094.1257767022835 13148.431352431176 49209.573974609375 0.64599609375 1949.8928782927685 3900
150 12.9 6377.613498894742 14518.723570819418 55910.404052734375 0.64599609375 2155.892759207861 4104
160 9.2 8691.354922087297 16077.89781668244 55910.404052734375 0.64599609375 2284.549025548425 4233
170 20.1 14663.27932238223 14267.727111943315 61212.22802734375 0.64599609375 2420.8325267002347 4325
180 11.7 4106.600110176282 5454.21419102232 61212.22802734375 0.64599609375 2964.5205085676853 4526
190 7.9 729.8054539161391 2931.065318385365 61212.22802734375 0.64599609375 2993.300029004516 4643
200 3.1 9.84660093245968 3.726410809043523 61212.22802734375 0.64599609375 2955.431314173516 4722
210 1.4 10.335239955357142 3.8430257139848334 61212.22802734375 0.64599609375 2936.2196318443616 4753
219 0.7 10.095842633928571 3.804606699751973 61212.22802734375 0.64599609375 2927.62672614131 4767
