10 0.1 2269 0 2269 2269 0 0
20 0.1 5123.0 0.0 5123 2269 2269.0 1
30 0.1 5332.0 0.0 5332 2269 3696.0 2
40 0.1 3803.0 0.0 5332 2269 4241.333333333333 3
50 0.1 5098.0 0.0 5332 2269 4131.75 4
60 0.1 11395.0 0.0 11395 2269 4325.0 5
70 0.1 5462.0 0.0 11395 2269 5503.333333333333 6
80 0.1 3023.0 0.0 11395 2269 5497.428571428572 7
90 0.1 5311.0 0.0 11395 2269 5188.125 8
100 0.1 8307.0 0.0 11395 2269 5201.777777777777 9
110 0.1 7545.0 0.0 11395 2269 5512.3 10
120 0.1 7720.0 0.0 11395 2269 5697.090909090909 11
130 0.1 4039.0 0.0 11395 2269 5865.666666666667 12
140 0.1 4229.0 0.0 11395 2269 5725.153846153846 13
150 0.1 4261.0 0.0 11395 2269 5618.285714285715 14
160 0.1 5209.0 0.0 11395 2269 5527.8 15
170 0.1 6255.0 0.0 11395 2269 5507.875 16
180 0.1 3834.0 0.0 11395 2269 5551.823529411765 17
190 0.1 2313.0 0.0 11395 2269 5456.388888888889 18
200 0.1 267.0 0.0 11395 267 5290.9473684210525 19
210 0.1 48.0 0.0 11395 48 5039.75 20
214 0.1 26.0 0.0 11395 26 4802.047619047619 21
