0 2 47.8054931640625 32.935942877159114 121.89697265625 7.110107421875 0 0
10 3.5 850.22890625 2113.3590817209315 9791.057861328125 7.110107421875 47.8054931640625 20
20 5.1 2386.945858226103 3174.0119487846846 12571.16015625 7.110107421875 558.43857421875 55
30 5.3 4601.408507149175 3113.7457353512727 14378.9580078125 7.110107421875 1438.1920787883255 106
40 4.9 5266.359379982465 3415.000864732972 17790.550048828125 7.110107421875 2492.597554908609 159
50 10.6 3868.1779186320764 3118.4194825328805 17790.550048828125 7.110107421875 3146.0318310077387 208
60 5.2 11015.694551908051 1991.8245924551004 18537.56298828125 7.110107421875 3389.8136312885663 314
70 14.3 1465.147327769886 5126.507116242437 22845.961181640625 0.658935546875 4473.272122742701 366
80 27.4 3847.1203283602304 8712.514736968758 30878.683837890625 0.658935546875 3628.160441640319 509
90 46 3832.777020529042 8201.646273983592 35249.3740234375 0.658935546875 3704.7824198794706 783
100 64.8 1078.3634360984515 4014.7242581101864 35249.3740234375 0.650146484375 3752.1496896291105 1243
110 83.7 1471.3747561510604 4686.942494538404 35249.3740234375 0.650146484375 2835.9077582235755 1891
120 79.9 926.4618828956117 4049.898786336727 35249.3740234375 0.64794921875 2417.244223496781 2728
130 45.3 1070.4263487556898 5019.167360661242 35249.3740234375 0.64794921875 2079.5251732726997 3527
140 27.2 5510.37686067469 10292.718342700851 35562.07177734375 0.64794921875 1964.6704578188792 3980
150 17.1 7038.6159482364765 10052.151533370936 35562.07177734375 0.64794921875 2191.488929497332 4252
160 27.3 7251.5995217347645 8495.513462587698 36474.839111328125 0.64794921875 2378.886334020143 4423
170 15.8 1112.297307654272 4236.054747125154 36474.839111328125 0.64794921875 2662.159481432002 4696
180 8.3 606.4373146884415 2375.590707346202 36474.839111328125 0.64794921875 2611.7107332950263 4854
190 6 8.137666829427083 0.6714210382617863 36474.839111328125 0.64794921875 2577.998419390966 4937
200 1.3 8.247596153846153 0.7384389808729213 36474.839111328125 0.64794921875 2547.1415762543456 4997
210 0.6 8.3223876953125 0.6618988355031585 36474.839111328125 0.64794921875 2540.553627802987 5010
214 0 0 0 36474.839111328125 0.64794921875 2537.5246430660163 5016
