10 0.1 892 0 892 892 0 0
20 0.1 1209.0 0.0 1209 892 892.0 1
30 0.1 1802.0 0.0 1802 892 1050.5 2
40 0.1 3622.0 0.0 3622 892 1301.0 3
50 0.1 1261.0 0.0 3622 892 1881.25 4
60 0.1 1777.0 0.0 3622 892 1757.2 5
70 0.1 2451.0 0.0 3622 892 1760.5 6
80 0.1 2843.0 0.0 3622 892 1859.142857142857 7
90 0.1 3362.0 0.0 3622 892 1982.125 8
100 0.1 4102.0 0.0 4102 892 2135.4444444444443 9
110 0.1 3057.0 0.0 4102 892 2332.1 10
120 0.1 3186.0 0.0 4102 892 2398.0 11
130 0.1 3301.0 0.0 4102 892 2463.6666666666665 12
140 0.1 2367.0 0.0 4102 892 2528.076923076923 13
150 0.1 1586.0 0.0 4102 892 2516.5714285714284 14
160 0.1 2019.0 0.0 4102 892 2454.5333333333333 15
170 0.1 1909.0 0.0 4102 892 2427.3125 16
180 0.1 2126.0 0.0 4102 892 2396.823529411765 17
190 0.1 2707.0 0.0 4102 892 2381.777777777778 18
200 0.1 577.0 0.0 4102 577 2398.8947368421054 19
210 0.1 104.0 0.0 4102 104 2307.8 20
219 0.1 112.0 0.0 4102 104 2202.8571428571427 21
