50 0.2 47125.2529296875 3523.93603515625 50649.18896484375 43601.31689453125 0 0
60 0.3 57525.900065104164 2012.7565253703262 60197.546142578125 43601.31689453125 47125.2529296875 2
70 0.1 28894.376953125 0.0 60197.546142578125 28894.376953125 53365.6412109375 5
80 0.8 53880.7038269043 20406.647372798536 82074.671875 15056.294921875 49287.09716796875 6
90 0.4 43498.31945800781 26762.233925216377 87595.26879882813 15056.294921875 51912.01525878906 14
100 2.2 59967.95765269886 25866.36592575055 95400.26098632813 14796.35107421875 50042.30508083767 18
110 4.3 53159.54732353743 26159.70067239759 111852.9599609375 14796.35107421875 55501.41399536133 40
120 6.5 43050.725240384614 23224.69415004817 116213.39599609375 13673.214111328125 54288.15776778991 83
130 6.6 40652.18801047585 20026.608504042262 116213.39599609375 12756.2880859375 49352.79888751056 148
140 3.3 50885.04965672349 21251.795728558147 116213.39599609375 12756.2880859375 46669.43291608864 214
150 2.5 70727.3309863281 21674.742630681365 116213.39599609375 12756.2880859375 47232.65296645686 247
160 5.3 69576.34880785672 26982.243612024446 137529.3330078125 12756.2880859375 49392.09028445973 272
170 5.4 76722.4103958695 23532.097344143516 146502.97998046875 12756.2880859375 52683.67705904447 325
180 1.6 76459.04241943358 12779.125276128736 146502.97998046875 12756.2880859375 56108.72085901426 379
190 1.6 87167.0274810791 12519.793547947946 146502.97998046875 12756.2880859375 56933.03768171479 395
200 0.5 89171.02905273438 4541.713446996858 146502.97998046875 12756.2880859375 58110.02998533968 411
210 0.2 99395.43347167969 4732.6195068359375 146502.97998046875 12756.2880859375 58483.35930105356 416
214 0 0 0 146502.97998046875 12756.2880859375 58679.11085210919 418
