0 1973.55625 1973.55625
10 4447.96484375 6421.52109375
20 7590.371875 14011.89296875
30 4104.0390625 18115.93203125
40 4531.5328125 22647.46484375
50 12764.76328125 35412.228125
60 6732.60390625 42144.83203125
70 3146.5359375 45291.36796875
80 4176.39609375 49467.7640625
90 9043.42421875 58511.18828125
100 5453.68125 63964.86953125
110 8866.59140625 72831.4609375
120 4734.34140625 77565.80234375
130 2176.484375 79742.28671875
140 6271.96171875 86014.2484375
150 2992.35234375 89006.60078125
160 8061.34296875 97067.94375
170 4012.55625 101080.5
180 3062.0125 104142.5125
190 305.50703125 104448.01953125
200 38.7125 104486.73203125
210 19.31875 104506.05078125
214 0 104506.05078125
