0 6.13203125 6.13203125
10 9.98515625 16.1171875
20 13.93515625 30.05234375
30 26.5609375 56.61328125
40 21.0390625 77.65234375
50 26.07109375 103.7234375
60 23.7171875 127.440625
70 47.59609375 175.03671875
80 90.41953125 265.45625
90 127.88125 393.3375
100 160.3546875 553.6921875
110 187.70078125 741.39296875
120 170.29453125 911.6875
130 138.9859375 1050.6734375
140 76.8609375 1127.534375
150 51.353125 1178.8875
160 38.06015625 1216.94765625
170 62.56953125 1279.5171875
180 44.725 1324.2421875
190 35.925 1360.1671875
200 16.88125 1377.0484375
210 8.140625 1385.1890625
219 4.021875 1389.2109375
