0 0.1 2.6148813811163576 0 2.6148813811163576 2.6148813811163576 0 0
10 0.1 2.546523016650343 0.0 2.6148813811163576 2.546523016650343 2.6148813811163576 1
20 0.1 1.4822134387351777 0.0 2.6148813811163576 1.4822134387351777 2.5807021988833503 2
30 0.1 1.0848126232741617 0.0 2.6148813811163576 1.0848126232741617 2.2145392788339593 3
40 0.1 1.5779092702169626 0.0 2.6148813811163576 1.0848126232741617 1.93210761494401 4
50 0.1 1.3806706114398422 0.0 2.6148813811163576 1.0848126232741617 1.8612679459986006 5
60 0.1 1.4822134387351777 0.0 2.6148813811163576 1.0848126232741617 1.7811683902388076 6
70 0.1 2.2660098522167487 0.0 2.6148813811163576 1.0848126232741617 1.7384605400240034 7
80 0.1 2.3692003948667324 0.0 2.6148813811163576 1.0848126232741617 1.8044042040480965 8
90 0.1 2.0710059171597637 0.0 2.6148813811163576 1.0848126232741617 1.8671593363612782 9
100 0.1 3.9408866995073892 0.0 3.9408866995073892 1.0848126232741617 1.8875439944411265 10
110 0.1 3.2448377581120944 0.0 3.9408866995073892 1.0848126232741617 2.074211513083514 11
120 0.1 3.5538005923000986 0.0 3.9408866995073892 1.0848126232741617 2.171763700169229 12
130 0.1 6.164383561643835 0.0 6.164383561643835 1.0848126232741617 2.278074230333142 13
140 0.1 6.324110671936759 0.0 6.324110671936759 1.0848126232741617 2.555667753998192 14
150 0.1 5.649157581764123 0.0 6.324110671936759 1.0848126232741617 2.806897281860763 15
160 0.1 11.143695014662756 0.0 11.143695014662756 1.0848126232741617 2.984538550604723 16
170 0.1 12.53616200578592 0.0 12.53616200578592 1.0848126232741617 3.4644889308434306 17
180 0.1 11.394891944990176 0.0 12.53616200578592 1.0848126232741617 3.9684707683402354 18
190 0.1 21.28475551294343 0.0 21.28475551294343 1.0848126232741617 4.359335040795496 19
200 0.1 21.20921305182342 0.0 21.28475551294343 1.0848126232741617 5.205606064402892 20
210 0.1 21.805955811719503 0.0 21.805955811719503 1.0848126232741617 5.967682587613394 21
220 0.1 34.84119345524543 0.0 34.84119345524543 1.0848126232741617 6.687604097800036 22
230 0.1 33.964049195837276 0.0 34.84119345524543 1.0848126232741617 7.911673200297662 23
240 0.1 36.312323612417686 0.0 36.312323612417686 1.0848126232741617 8.99718886677848 24
250 0.1 47.17314487632509 0.0 47.17314487632509 1.0848126232741617 10.089794256604048 25
260 0.1 47.51958224543081 0.0 47.51958224543081 1.0848126232741617 11.516076972747165 26
270 0.1 47.50211685012701 0.0 47.51958224543081 1.0848126232741617 12.849540130994706 27
280 0.1 50.964630225080384 0.0 50.964630225080384 1.0848126232741617 14.087132156678004 28
290 0.1 50.11727912431587 0.0 50.964630225080384 1.0848126232741617 15.358770021105672 29
300 0.1 43.75 0.0 50.964630225080384 1.0848126232741617 16.51738699121268 30
308 0.1 3.2416502946954813 0.0 50.964630225080384 1.0848126232741617 17.395858378592916 31
