0 0.1 3156.89453125 0 3156.89453125 3156.89453125 0 0
10 0.1 3156.19140625 0.0 3156.89453125 3156.19140625 3156.89453125 1
20 0.1 3155.828125 0.0 3156.89453125 3155.828125 3156.54296875 2
30 0.1 3155.8671875 0.0 3156.89453125 3155.828125 3156.3046875 3
40 0.1 3155.8671875 0.0 3156.89453125 3155.828125 3156.1953125 4
50 0.1 3155.49609375 0.0 3156.89453125 3155.49609375 3156.1296875 5
60 0.1 3155.53515625 0.0 3156.89453125 3155.49609375 3156.0240885416665 6
70 0.1 3155.390625 0.0 3156.89453125 3155.390625 3155.9542410714284 7
80 0.1 3155.28125 0.0 3156.89453125 3155.28125 3155.8837890625 8
90 0.1 3155.3203125 0.0 3156.89453125 3155.28125 3155.816840277778 9
100 0.1 3154.44140625 0.0 3156.89453125 3154.44140625 3155.7671875 10
110 0.1 3154.30859375 0.0 3156.89453125 3154.30859375 3155.646661931818 11
120 0.1 3154.30859375 0.0 3156.89453125 3154.30859375 3155.53515625 12
130 0.1 3152.98828125 0.0 3156.89453125 3152.98828125 3155.4408052884614 13
140 0.1 3152.7578125 0.0 3156.89453125 3152.7578125 3155.265625 14
150 0.1 3152.42578125 0.0 3156.89453125 3152.42578125 3155.0984375 15
160 0.1 3150.53515625 0.0 3156.89453125 3150.53515625 3154.931396484375 16
170 0.1 3148.5078125 0.0 3156.89453125 3148.5078125 3154.672794117647 17
180 0.1 3147.83203125 0.0 3156.89453125 3147.83203125 3154.3302951388887 18
190 0.1 3144.74609375 0.0 3156.89453125 3144.74609375 3153.98828125 19
200 0.1 3143.78125 0.0 3156.89453125 3143.78125 3153.526171875 20
210 0.1 3140.82421875 0.0 3156.89453125 3140.82421875 3153.0621279761904 21
220 0.1 3128.4140625 0.0 3156.89453125 3128.4140625 3152.505859375 22
230 0.1 3125.94140625 0.0 3156.89453125 3125.94140625 3151.458389945652 23
240 0.1 3112.28125 0.0 3156.89453125 3112.28125 3150.3951822916665 24
250 0.1 3079.83984375 0.0 3156.89453125 3079.83984375 3148.870625 25
260 0.1 3076.89453125 0.0 3156.89453125 3076.89453125 3146.215594951923 26
270 0.1 3019.07421875 0.0 3156.89453125 3019.07421875 3143.6481481481483 27
280 0.1 2954.25390625 0.0 3156.89453125 2954.25390625 3139.1990792410716 28
290 0.1 2950.53515625 0.0 3156.89453125 2950.53515625 3132.8216594827586 29
300 0.1 2950.12890625 0.0 3156.89453125 2950.12890625 3126.7454427083335 30
308 0.1 3014.49609375 0.0 3156.89453125 2950.12890625 3121.0481350806454 31
