0 0.1 0.0 0 0.0 0.0 0 0
10 0.1 0.0 0.0 0.0 0.0 0.0 1
20 0.1 0.0 0.0 0.0 0.0 0.0 2
30 0.1 0.0 0.0 0.0 0.0 0.0 3
40 0.1 0.0 0.0 0.0 0.0 0.0 4
50 0.1 0.0 0.0 0.0 0.0 0.0 5
60 0.1 0.0 0.0 0.0 0.0 0.0 6
70 0.1 0.0 0.0 0.0 0.0 0.0 7
80 0.1 0.0 0.0 0.0 0.0 0.0 8
90 0.1 0.0 0.0 0.0 0.0 0.0 9
100 0.1 0.0 0.0 0.0 0.0 0.0 10
110 0.1 0.0 0.0 0.0 0.0 0.0 11
120 0.1 0.0 0.0 0.0 0.0 0.0 12
130 0.1 0.0 0.0 0.0 0.0 0.0 13
140 0.1 0.0 0.0 0.0 0.0 0.0 14
150 0.1 0.0 0.0 0.0 0.0 0.0 15
160 0.1 0.0 0.0 0.0 0.0 0.0 16
170 0.1 0.0 0.0 0.0 0.0 0.0 17
180 0.1 0.0 0.0 0.0 0.0 0.0 18
190 0.1 0.0 0.0 0.0 0.0 0.0 19
200 0.1 0.078125 0.0 0.078125 0.0 0.0 20
210 0.1 0.140625 0.0 0.140625 0.0 0.003720238095238095 21
220 0.1 0.19921875 0.0 0.19921875 0.0 0.009943181818181818 22
230 0.1 0.25 0.0 0.25 0.0 0.018172554347826088 23
240 0.1 0.2109375 0.0 0.25 0.0 0.02783203125 24
250 0.1 0.25 0.0 0.25 0.0 0.03515625 25
260 0.1 0.37109375 0.0 0.37109375 0.0 0.04341947115384615 26
270 0.1 0.51171875 0.0 0.51171875 0.0 0.05555555555555555 27
280 0.1 0.58984375 0.0 0.58984375 0.0 0.07184709821428571 28
290 0.1 0.6484375 0.0 0.6484375 0.0 0.08970905172413793 29
300 0.1 0.62890625 0.0 0.6484375 0.0 0.10833333333333334 30
308 0.1 0.53125 0.0 0.6484375 0.0 0.12512600806451613 31
