0 0.9 902.6895887586805 582.5042015854532 1634.099853515625 39.68701171875 0 0
10 1.7 1861.8885713465074 1393.79294950495 4493.1689453125 39.68701171875 902.6895887586805 9
20 0.4 3937.8760375976563 2858.341428044977 8068.130126953125 39.68701171875 1529.858154296875 26
30 1.4 1118.806117466518 1186.423450843897 8068.130126953125 39.68701171875 1850.9272054036458 30
40 1.9 2184.4779373972037 1674.5382415368952 8068.130126953125 39.68701171875 1617.9795865145597 44
50 1.6 1691.3454895019531 1257.0037159636906 8068.130126953125 39.68701171875 1788.8282955109128 63
60 3.6 1571.942389594184 1616.740889644834 8068.130126953125 39.68701171875 1769.084942395174 79
70 3.5 1707.1358607700893 1324.6822097919933 8068.130126953125 39.68701171875 1707.370751953125 115
80 3.6 1932.2701551649307 1487.8854273631978 8068.130126953125 14.055908203125 1707.3159440104166 150
90 6.2 1687.8126575100807 1780.7277227285708 8904.10791015625 14.055908203125 1750.85546875 186
100 8.5 2053.153903377757 1591.3361317078911 8904.10791015625 14.055908203125 1735.0947659400201 248
110 7.4 1839.3578969594594 1815.2648346668384 8904.10791015625 14.055908203125 1816.281032252956 333
120 10.3 1851.0163408297933 1748.3052578955492 8904.10791015625 14.055908203125 1820.4768258359568 407
130 15.9 2152.5672277294625 2183.3534347804616 16549.071044921875 14.055908203125 1826.6446102366729 510
140 17 1855.7761560776662 1809.3078403959425 16549.071044921875 14.055908203125 1904.1060395062598 669
150 24.7 1865.322602677442 1886.1793077857599 16549.071044921875 14.055908203125 1894.3133336864018 839
160 33.8 2010.3329955332374 1958.3037725787376 16549.071044921875 14.055908203125 1887.7196775545297 1086
170 33.6 2172.6607898530515 2050.822784795788 16549.071044921875 14.055908203125 1916.8231196028466 1424
180 48.5 1891.2141032740012 1840.4800871557707 16549.071044921875 13.06005859375 1965.664856650613 1760
190 60 2144.540735270184 2120.826153083976 16549.071044921875 13.06005859375 1949.580840887737 2245
200 61.3 2038.3768193056676 1950.0800718442338 16549.071044921875 12.87109375 1990.6971630773567 2845
210 97.3 1758.9357089663085 1758.481969650352 16549.071044921875 12.130126953125 1999.1493404249434 3458
220 123.3 2057.937536630995 2015.7233433482916 16549.071044921875 12.130126953125 1946.4010074506143 4431
230 124.5 2026.3118740587372 2017.5889182865362 16549.071044921875 12.130126953125 1970.6814701058775 5664
240 176 1812.309866055576 1783.5184069403408 16549.071044921875 12.130126953125 1980.7060544048077 6909
250 224.4 2012.3860967571527 1961.3626202626251 16949.455810546875 12.130126953125 1946.5178791256926 8669
260 217 2004.8081478839645 1952.381719844654 16949.455810546875 12.041015625 1960.0621181401705 10913
270 281.8 1892.8122879147443 1851.9077146617556 17276.973876953125 12.041015625 1967.4838780227687 13083
280 337.9 1989.4436967211304 1971.0168600856048 18145.52294921875 12.041015625 1954.2504624561745 15901
290 324.3 2021.1586155216519 2037.068147566834 18145.52294921875 12.041015625 1960.4184053286476 19280
300 148.4 2917.9687735256825 2715.530316142448 22780.0361328125 12.041015625 1969.1641541922945 22523
308 1.5 11940.534244791666 2835.560814688189 22780.0361328125 12.041015625 2027.814800049367 24007
