0 252.496875 252.496875
10 273.365625 525.8625
20 58.5171875 584.3796875
30 311.81875 896.1984375
40 388.75234375 1284.95078125
50 351.096875 1636.04765625
60 712.0734375 2348.12109375
70 653.55625 3001.67734375
80 833.1890625 3834.86640625
90 1368.89140625 5203.7578125
100 1528.490625 6732.2484375
110 1507.6078125 8239.85625
120 2405.14453125 10645.00078125
130 3254.2546875 13899.25546875
140 3535.81953125 17435.075
150 5355.76171875 22790.83671875
160 6707.43203125 29498.26875
170 6866.196875 36364.465625
180 10513.509375 46877.975
190 11803.56640625 58681.54140625
200 12488.2078125 71169.74921875
210 22266.57890625 93436.328125
220 24283.90703125 117720.23515625
230 23505.23671875 141225.471875
240 37925.0625 179150.534375
250 43997.44765625 223147.98203125
260 43025.725 266173.70703125
270 60242.78515625 326416.4921875
280 66090.22265625 392506.71484375
290 65410.13828125 457916.853125
300 17300.3828125 475217.2359375
308 0 475217.2359375
