0 1.87890625 1.87890625
10 2.16796875 4.046875
20 0.2890625 4.3359375
30 2.3125 6.6484375
40 2.890625 9.5390625
50 2.6015625 12.140625
60 5.203125 17.34375
70 4.76953125 22.11328125
80 6.0703125 28.18359375
90 9.97265625 38.15625
100 11.12890625 49.28515625
110 10.984375 60.26953125
120 17.48828125 77.7578125
130 23.703125 101.4609375
140 25.7265625 127.1875
150 38.87890625 166.06640625
160 48.8515625 214.91796875
170 50.15234375 265.0703125
180 76.890625 341.9609375
190 84.984375 426.9453125
200 90.765625 517.7109375
210 161.875 679.5859375
220 175.60546875 855.19140625
230 171.84765625 1027.0390625
240 278.22265625 1305.26171875
250 322.16015625 1627.421875
260 314.7890625 1942.2109375
270 440.96484375 2383.17578125
280 484.03515625 2867.2109375
290 479.69921875 3346.91015625
300 125.01953125 3471.9296875
308 0 3471.9296875
