0 0.1 2.7882367902105796 0 2.7882367902105796 2.7882367902105796 0 0
10 0.1 2.7559055118110236 0.0 2.7882367902105796 2.7559055118110236 2.7882367902105796 1
20 0.1 1.5794669299111548 0.0 2.7882367902105796 1.5794669299111548 2.7720711510108016 2
30 0.1 1.3820335636722607 0.0 2.7882367902105796 1.3820335636722607 2.3745364106442524 3
40 0.1 1.7786561264822136 0.0 2.7882367902105796 1.3820335636722607 2.1264106989012546 4
50 0.1 3.4280117531831538 0.0 3.4280117531831538 1.3820335636722607 2.0568597844174463 5
60 0.1 2.272727272727273 0.0 3.4280117531831538 1.3820335636722607 2.285385112545064 6
70 0.1 3.155818540433925 0.0 3.4280117531831538 1.3820335636722607 2.2835768497139513 7
80 0.1 3.631010794896958 0.0 3.631010794896958 1.3820335636722607 2.392607061053948 8
90 0.1 4.236453201970444 0.0 4.236453201970444 1.3820335636722607 2.5302074759253936 9
100 0.1 5.33596837944664 0.0 5.33596837944664 1.3820335636722607 2.700832048529899 10
110 0.1 6.536585365853659 0.0 6.536585365853659 1.3820335636722607 2.940389896795057 11
120 0.1 8.46456692913386 0.0 8.46456692913386 1.3820335636722607 3.240072852549941 12
130 0.1 2.665350444225074 0.0 8.46456692913386 1.3820335636722607 3.641957012287165 13
140 0.1 2.55653883972468 0.0 8.46456692913386 1.3820335636722607 3.5721994002827304 14
150 0.1 1.3806706114398422 0.0 8.46456692913386 1.3806706114398422 3.504488696245527 15
160 0.1 1.0869565217391304 0.0 8.46456692913386 1.0869565217391304 3.3717500659451716 16
170 0.1 0.9852216748768473 0.0 8.46456692913386 0.9852216748768473 3.2373504456977575 17
180 0.1 1.183431952662722 0.0 8.46456692913386 0.9852216748768473 3.1122321806521516 18
190 0.1 1.085883514313919 0.0 8.46456692913386 0.9852216748768473 3.0107163791790237 19
200 0.1 0.9852216748768473 0.0 8.46456692913386 0.9852216748768473 2.9144747359357686 20
210 0.1 1.0848126232741617 0.0 8.46456692913386 0.9852216748768473 2.8226055425520107 21
