0 0.1 0.05078125 0 0.05078125 0.05078125 0 0
10 0.1 0.0390625 0.0 0.05078125 0.0390625 0.05078125 1
20 0.1 0.03125 0.0 0.05078125 0.03125 0.044921875 2
30 0.1 0.03125 0.0 0.05078125 0.03125 0.040364583333333336 3
40 0.1 0.01953125 0.0 0.05078125 0.01953125 0.0380859375 4
50 0.1 0.01953125 0.0 0.05078125 0.01953125 0.034375 5
60 0.1 0.01953125 0.0 0.05078125 0.01953125 0.031901041666666664 6
70 0.1 0.01953125 0.0 0.05078125 0.01953125 0.030133928571428572 7
80 0.1 0.171875 0.0 0.171875 0.01953125 0.02880859375 8
90 0.1 0.140625 0.0 0.171875 0.01953125 0.04470486111111111 9
100 0.1 0.12109375 0.0 0.171875 0.01953125 0.054296875 10
110 0.1 0.1015625 0.0 0.171875 0.01953125 0.060369318181818184 11
120 0.1 0.16015625 0.0 0.171875 0.01953125 0.06380208333333333 12
130 0.1 0.12890625 0.0 0.171875 0.01953125 0.0712139423076923 13
140 0.1 0.109375 0.0 0.171875 0.01953125 0.07533482142857142 14
150 0.1 0.1015625 0.0 0.171875 0.01953125 0.07760416666666667 15
160 0.1 0.078125 0.0 0.171875 0.01953125 0.0791015625 16
170 0.1 0.0703125 0.0 0.171875 0.01953125 0.07904411764705882 17
180 0.1 0.05859375 0.0 0.171875 0.01953125 0.07855902777777778 18
190 0.1 0.05078125 0.0 0.171875 0.01953125 0.07750822368421052 19
200 0.1 0.0390625 0.0 0.171875 0.01953125 0.076171875 20
210 0.1 0.0390625 0.0 0.171875 0.01953125 0.0744047619047619 21
