0 3.9 24.28690905448718 26.738975374217574 169.357177734375 9.4951171875 0 0
10 4 23.024505615234375 14.911361133730624 169.357177734375 9.4951171875 24.28690905448718 39
20 3.6 22.382846408420146 14.077680980295023 169.357177734375 9.4951171875 23.647717439675635 79
30 5.4 110.41414388020836 236.5360064988823 1022.555908203125 9.4951171875 23.251757812500003 115
40 9 41.27323133680556 121.65967810105464 1022.555908203125 9.05810546875 51.10246105306954 169
50 11.2 82.60401044573102 210.50935187165496 1022.794921875 8.44287109375 47.68689860340252 259
60 13.9 76.78884997470773 209.70644606787528 1027.3369140625 8.44287109375 58.2279134991998 371
70 12.9 1706.3432238674898 2348.231776648155 7463.700927734375 8.44287109375 63.28667853860294 510
80 17.7 53.46652238921257 145.60097673972953 7463.700927734375 8.44287109375 394.98353980218104 639
90 24 120.74536641438802 244.0101537826865 7463.700927734375 8.44287109375 320.9044808780445 816
100 8.6 8449.071649595748 2145.3738708107658 11594.2080078125 8.44287109375 275.4137730453953 1056
110 58.6 861.4901527170432 2382.2922491831514 11881.68603515625 8.44287109375 890.9431753075058 1142
120 23.6 17.53725316969015 9.223803987155623 11881.68603515625 8.44287109375 880.9550553781012 1728
130 11.9 262.9201537060138 482.6862067474993 11881.68603515625 8.44287109375 777.204240041449 1964
140 3.2 74.34066772460938 226.5138525521289 11881.68603515625 8.44287109375 747.8236321327036 2083
150 1.5 91.01634114583334 247.09340060033097 11881.68603515625 8.44287109375 737.633818959626 2115
160 0.6 509.2483723958333 805.5691215088713 11881.68603515625 8.44287109375 733.0801747496697 2130
170 0.2 18.3653564453125 5.2125244140625 11881.68603515625 8.44287109375 732.4514337318218 2136
180 0.4 23.45953369140625 13.760537834916036 11881.68603515625 8.44287109375 731.783439272246 2138
190 0 0 0 11881.68603515625 8.44287109375 730.4607055550082 2142
200 0.1 28.18994140625 0.0 11881.68603515625 8.44287109375 730.4607055550082 2142
210 0.2 14.7159423828125 0.1319580078125 11881.68603515625 8.44287109375 730.1330010453727 2143
211 0 0 0 11881.68603515625 8.44287109375 729.4659455128202 2145
