10 0.1 941 0 941 941 0 0
20 0.1 649.0 0.0 941 649 941.0 1
30 0.1 401.0 0.0 941 401 795.0 2
40 0.1 1130.0 0.0 1130 401 663.6666666666666 3
50 0.1 2020.0 0.0 2020 401 780.25 4
60 0.1 1534.0 0.0 2020 401 1028.2 5
70 0.1 2894.0 0.0 2894 401 1112.5 6
80 0.1 3182.0 0.0 3182 401 1367.0 7
90 0.1 3888.0 0.0 3888 401 1593.875 8
100 0.1 5040.0 0.0 5040 401 1848.7777777777778 9
110 0.1 12161.0 0.0 12161 401 2167.9 10
120 0.1 9256.0 0.0 12161 401 3076.3636363636365 11
130 0.1 1351.0 0.0 12161 401 3591.3333333333335 12
140 0.1 843.0 0.0 12161 401 3419.0 13
150 0.1 230.0 0.0 12161 230 3235.0 14
160 0.1 84.0 0.0 12161 84 3034.6666666666665 15
170 0.1 37.0 0.0 12161 37 2850.25 16
180 0.1 51.0 0.0 12161 37 2684.764705882353 17
190 0.1 9.0 0.0 12161 9 2538.4444444444443 18
200 0.1 0.0 0.0 12161 0 2405.315789473684 19
210 0.1 23.0 0.0 12161 0 2285.05 20
