0 17.63984375 17.63984375
10 24.21171875 41.8515625
20 23.12265625 64.97421875
30 28.60859375 93.5828125
40 51.146875 144.7296875
50 73.00390625 217.73359375
60 76.33984375 294.0734375
70 76.984375 371.0578125
80 109.253125 480.3109375
90 146.55234375 626.86328125
100 63.5328125 690.39609375
110 316.49921875 1006.8953125
120 167.0421875 1173.9375
130 92 1265.9375
140 24.4578125 1290.3953125
150 12.1046875 1302.5
160 4.1078125 1306.6078125
170 1.8328125 1308.440625
180 2.9703125 1311.4109375
190 0 1311.4109375
200 1.1671875 1312.578125
210 1.234375 1313.8125
211 0 1313.8125
