0 1 11.7132568359375 32.75501670456329 109.97802734375 0.659912109375 0 0
10 2 0.76397705078125 0.09157385417206797 109.97802734375 0.60302734375 11.7132568359375 10
20 0.6 0.798095703125 0.05331459620276376 109.97802734375 0.60302734375 4.413736979166667 30
30 2.3 1.6710152004076086 2.401369003617687 109.97802734375 0.60302734375 3.811130099826389 36
40 2.7 1.1297652633101851 1.5605747178089335 109.97802734375 0.60302734375 2.976848020391949 59
50 2.6 0.7635498046875 0.05832568741214426 109.97802734375 0.60302734375 2.396949945494186 86
60 5.6 0.8512834821428571 0.41041565672534386 109.97802734375 0.60302734375 2.0177677699497765 112
70 4.6 0.7646112856657605 0.14938743609796606 109.97802734375 0.60302734375 1.6289396740141369 168
80 3.5 0.7273646763392857 0.05854872861795607 109.97802734375 0.60302734375 1.4431494596962617 214
90 10.7 0.7766729337032711 0.26054989097878267 109.97802734375 0.575927734375 1.342537140750502 249
100 9.6 0.7108230590820309 0.05478873366560192 109.97802734375 0.575927734375 1.1724599773964186 356
110 11.7 0.7033879206730769 0.05298635837191085 109.97802734375 0.575927734375 1.0744131982853982 452
120 20 0.7429577636718748 0.6067940169110305 109.97802734375 0.575927734375 0.9981215331173111 569
130 26.1 0.6953143708093869 0.069609917675441 109.97802734375 0.575927734375 0.931759044314857 769
140 22.3 0.7354533789938343 0.2537808465338009 109.97802734375 0.572021484375 0.8718444231644418 1030
150 40.8 0.8137691722196688 0.44870865633274076 109.97802734375 0.565185546875 0.8475705182561851 1253
160 40.2 0.7001084664567786 0.40782482241305384 109.97802734375 0.554931640625 0.8392677192297562 1661
170 43.6 0.777580611202695 1.1028019876091932 109.97802734375 0.554931640625 0.812150889557077 2063
180 19.7 0.6739842758565991 0.10090471474107811 109.97802734375 0.553955078125 0.8061194204244198 2499
190 11.5 0.678120754076087 0.056536504003520005 109.97802734375 0.553955078125 0.7964641446529581 2696
200 3.7 0.7244312183277027 0.08148398954669264 109.97802734375 0.553955078125 0.7916226327652526 2811
210 2.4 0.9489644368489584 0.7285957820016696 109.97802734375 0.553955078125 0.790749710597349 2848
220 1.5 1.03740234375 0.38321616966865574 109.97802734375 0.553955078125 0.7920718392289781 2872
230 0.6 0.9446614583333334 0.16971002968161136 109.97802734375 0.553955078125 0.7933465041295029 2887
240 0.6 0.84130859375 0.08577585913297281 109.97802734375 0.553955078125 0.7936603270556084 2893
250 0.2 0.848876953125 0.0380859375 109.97802734375 0.553955078125 0.7937589436820887 2899
260 0.7 0.8965890066964286 0.21081942759189 109.97802734375 0.553955078125 0.7937969429991814 2901
270 0.9 0.9718967013888888 0.29273139537957243 109.97802734375 0.553955078125 0.7940443791910248 2908
280 0.8 0.887908935546875 0.042898890753251435 109.97802734375 0.553955078125 0.7945931179293795 2917
290 0.4 0.864501953125 0.04601063103770203 109.97802734375 0.553955078125 0.7948483406784188 2925
300 0.6 0.8223470052083334 0.04664761529051408 109.97802734375 0.553955078125 0.794943463399411 2929
310 0.2 0.835693359375 0.092529296875 109.97802734375 0.553955078125 0.7949994842685264 2935
320 0.3 0.8162434895833334 0.0030187560206691873 109.97802734375 0.553955078125 0.7950271954534814 2937
330 0.1 0.744873046875 0.0 109.97802734375 0.553955078125 0.7950488447332058 2940
340 0 0 0 109.97802734375 0.553955078125 0.7950317839382863 2941
350 0 0 0 109.97802734375 0.553955078125 0.7950317839382863 2941
360 0 0 0 109.97802734375 0.553955078125 0.7950317839382863 2941
361 0 0 0 109.97802734375 0.553955078125 0.7950317839382863 2941
