0 0.1 6.992086456763946 0 6.992086456763946 6.992086456763946 0 0
10 0.1 2.0771513353115725 0.0 6.992086456763946 2.0771513353115725 6.992086456763946 1
20 0.1 2.359882005899705 0.0 6.992086456763946 2.0771513353115725 4.53461889603776 2
30 0.1 1.1904761904761905 0.0 6.992086456763946 1.1904761904761905 3.8097065993250747 3
40 0.1 47.242798353909464 0.0 47.242798353909464 1.1904761904761905 3.1548989971128534 4
50 0.1 37.09536307961505 0.0 47.242798353909464 1.1904761904761905 11.972478868472177 5
60 0.1 1.7769002961500493 0.0 47.242798353909464 1.1904761904761905 16.15962623699599 6
70 0.1 3.045186640471513 0.0 47.242798353909464 1.1904761904761905 14.104951102589427 7
80 0.1 2.561576354679803 0.0 47.242798353909464 1.1904761904761905 12.722480544824688 8
90 0.1 3.152709359605911 0.0 47.242798353909464 1.1904761904761905 11.593491190364144 9
100 0.1 4.270109235352533 0.0 47.242798353909464 1.1904761904761905 10.749413007288322 10
110 0.1 3.9603960396039604 0.0 47.242798353909464 1.1904761904761905 10.160385391657796 11
120 0.1 4.282868525896414 0.0 47.242798353909464 1.1904761904761905 9.643719612319977 12
130 0.1 5.511022044088176 0.0 47.242798353909464 1.1904761904761905 9.231346451825857 13
140 0.1 6.539235412474849 0.0 47.242798353909464 1.1904761904761905 8.965608994130308 14
150 0.1 6.613226452905812 0.0 47.242798353909464 1.1904761904761905 8.803850755353277 15
160 0.1 8.678102926337033 0.0 47.242798353909464 1.1904761904761905 8.666936736450312 16
170 0.1 9.75609756097561 0.0 47.242798353909464 1.1904761904761905 8.667593571149531 17
180 0.1 10.141987829614605 0.0 47.242798353909464 1.1904761904761905 8.728066015028757 18
190 0.1 5.179282868525896 0.0 47.242798353909464 1.1904761904761905 8.802482952638538 19
200 0.1 3.3663366336633667 0.0 47.242798353909464 1.1904761904761905 8.621322948432907 20
210 0.1 2.073050345508391 0.0 47.242798353909464 1.1904761904761905 8.371085504872452 21
220 0.1 1.0880316518298714 0.0 47.242798353909464 1.0880316518298714 8.084811179446813 22
230 0.1 1.089108910891089 0.0 47.242798353909464 1.0880316518298714 7.78060337389825 23
240 0.1 0.9891196834817012 0.0 47.242798353909464 0.9891196834817012 7.501791104606286 24
250 0.1 1.0869565217391304 0.0 47.242798353909464 0.9891196834817012 7.241284247761302 25
260 0.1 0.7936507936507936 0.0 47.242798353909464 0.7936507936507936 7.0045793352219885 26
270 0.1 0.992063492063492 0.0 47.242798353909464 0.7936507936507936 6.774544944793425 27
280 0.1 1.0880316518298714 0.0 47.242798353909464 0.7936507936507936 6.56802775005307 28
290 0.1 1.0901883052527255 0.0 47.242798353909464 0.7936507936507936 6.3790623673557185 29
300 0.1 0.9881422924901186 0.0 47.242798353909464 0.7936507936507936 6.202766565285619 30
310 0.1 0.7936507936507936 0.0 47.242798353909464 0.7936507936507936 6.03455287906641 31
320 0.1 0.8902077151335311 0.0 47.242798353909464 0.7936507936507936 5.870774688897171 32
330 0.1 0.7928642220019821 0.0 47.242798353909464 0.7928642220019821 5.71984841696494 33
340 0.1 0.8902077151335311 0.0 47.242798353909464 0.7928642220019821 5.5749371171130875 34
350 0.1 0.8884501480750246 0.0 47.242798353909464 0.7928642220019821 5.4410877056279565 35
360 0.1 0.9871668311944718 0.0 47.242798353909464 0.7928642220019821 5.314625551251487 36
