0 0.1 3164.515625 0 3164.515625 3164.515625 0 0
10 0.1 3163.30078125 0.0 3164.515625 3163.30078125 3164.515625 1
20 0.1 3161.734375 0.0 3164.515625 3161.734375 3163.908203125 2
30 0.1 3161.6328125 0.0 3164.515625 3161.6328125 3163.18359375 3
40 0.1 3157.30078125 0.0 3164.515625 3157.30078125 3162.7958984375 4
50 0.1 3159.2734375 0.0 3164.515625 3157.30078125 3161.696875 5
60 0.1 3159.0625 0.0 3164.515625 3157.30078125 3161.29296875 6
70 0.1 3156.77734375 0.0 3164.515625 3156.77734375 3160.9743303571427 7
80 0.1 3155.68359375 0.0 3164.515625 3155.68359375 3160.44970703125 8
90 0.1 3154.0234375 0.0 3164.515625 3154.0234375 3159.9201388888887 9
100 0.1 3152.05078125 0.0 3164.515625 3152.05078125 3159.33046875 10
110 0.1 3151.640625 0.0 3164.515625 3151.640625 3158.6686789772725 11
120 0.1 3150.625 0.0 3164.515625 3150.625 3158.0830078125 12
130 0.1 3148.53125 0.0 3164.515625 3148.53125 3157.509314903846 13
140 0.1 3146.421875 0.0 3164.515625 3146.421875 3156.8680245535716 14
150 0.1 3145.625 0.0 3164.515625 3145.625 3156.1716145833334 15
160 0.1 3142.59375 0.0 3164.515625 3142.59375 3155.512451171875 16
170 0.1 3139.9140625 0.0 3164.515625 3139.9140625 3154.7525275735293 17
180 0.1 3137.91796875 0.0 3164.515625 3137.91796875 3153.928168402778 18
190 0.1 3137.76171875 0.0 3164.515625 3137.76171875 3153.0855263157896 19
200 0.1 3137.64453125 0.0 3164.515625 3137.64453125 3152.3193359375 20
210 0.1 3137.6875 0.0 3164.515625 3137.64453125 3151.620535714286 21
220 0.1 3137.73046875 0.0 3164.515625 3137.64453125 3150.987215909091 22
230 0.1 3137.859375 0.0 3164.515625 3137.64453125 3150.410835597826 23
240 0.1 3137.890625 0.0 3164.515625 3137.64453125 3149.8878580729165 24
250 0.1 3138.0 0.0 3164.515625 3137.64453125 3149.40796875 25
260 0.1 3138.0546875 0.0 3164.515625 3137.64453125 3148.969200721154 26
270 0.1 3137.9453125 0.0 3164.515625 3137.64453125 3148.564959490741 27
280 0.1 3138.0234375 0.0 3164.515625 3137.64453125 3148.1856863839284 28
290 0.1 3138.16015625 0.0 3164.515625 3137.64453125 3147.8352640086205 29
300 0.1 3138.3125 0.0 3164.515625 3137.64453125 3147.512760416667 30
310 0.1 3138.4609375 0.0 3164.515625 3137.64453125 3147.2159778225805 31
320 0.1 3138.6875 0.0 3164.515625 3137.64453125 3146.9423828125 32
330 0.1 3138.88671875 0.0 3164.515625 3137.64453125 3146.692234848485 33
340 0.1 3139.06640625 0.0 3164.515625 3137.64453125 3146.4626608455883 34
350 0.1 3144.3984375 0.0 3164.515625 3137.64453125 3146.2513392857145 35
360 0.1 3144.55078125 0.0 3164.515625 3137.64453125 3146.1998697916665 36
