0 0.1 0.08984375 0 0.08984375 0.08984375 0 0
10 0.1 0.0703125 0.0 0.08984375 0.0703125 0.08984375 1
20 0.1 0.05859375 0.0 0.08984375 0.05859375 0.080078125 2
30 0.1 0.05078125 0.0 0.08984375 0.05078125 0.07291666666666667 3
40 0.1 0.28125 0.0 0.28125 0.05078125 0.0673828125 4
50 0.1 0.30859375 0.0 0.30859375 0.05078125 0.11015625 5
60 0.1 0.26171875 0.0 0.30859375 0.05078125 0.14322916666666666 6
70 0.1 0.21875 0.0 0.30859375 0.05078125 0.16015625 7
80 0.1 0.19140625 0.0 0.30859375 0.05078125 0.16748046875 8
90 0.1 0.16015625 0.0 0.30859375 0.05078125 0.1701388888888889 9
100 0.1 0.12890625 0.0 0.30859375 0.05078125 0.169140625 10
110 0.1 0.109375 0.0 0.30859375 0.05078125 0.16548295454545456 11
120 0.1 0.1015625 0.0 0.30859375 0.05078125 0.16080729166666669 12
130 0.1 0.078125 0.0 0.30859375 0.05078125 0.15625 13
140 0.1 0.0703125 0.0 0.30859375 0.05078125 0.15066964285714285 14
150 0.1 0.05859375 0.0 0.30859375 0.05078125 0.1453125 15
160 0.1 0.12890625 0.0 0.30859375 0.05078125 0.139892578125 16
170 0.1 0.109375 0.0 0.30859375 0.05078125 0.13924632352941177 17
180 0.1 0.08984375 0.0 0.30859375 0.05078125 0.13758680555555555 18
190 0.1 0.078125 0.0 0.30859375 0.05078125 0.13507401315789475 19
200 0.1 0.0703125 0.0 0.30859375 0.05078125 0.1322265625 20
210 0.1 0.05859375 0.0 0.30859375 0.05078125 0.1292782738095238 21
220 0.1 0.05078125 0.0 0.30859375 0.05078125 0.1260653409090909 22
230 0.1 0.0390625 0.0 0.30859375 0.0390625 0.12279211956521739 23
240 0.1 0.03125 0.0 0.30859375 0.03125 0.11930338541666667 24
250 0.1 0.03125 0.0 0.30859375 0.03125 0.11578125 25
260 0.1 0.01953125 0.0 0.30859375 0.01953125 0.11253004807692307 26
270 0.1 0.01953125 0.0 0.30859375 0.01953125 0.10908564814814815 27
280 0.1 0.01953125 0.0 0.30859375 0.01953125 0.10588727678571429 28
290 0.1 0.01171875 0.0 0.30859375 0.01171875 0.10290948275862069 29
300 0.1 0.01171875 0.0 0.30859375 0.01171875 0.09986979166666667 30
310 0.1 0.01171875 0.0 0.30859375 0.01171875 0.09702620967741936 31
320 0.1 0.01171875 0.0 0.30859375 0.01171875 0.0943603515625 32
330 0.1 0.01171875 0.0 0.30859375 0.01171875 0.09185606060606061 33
340 0.1 0.01171875 0.0 0.30859375 0.01171875 0.08949908088235294 34
350 0.1 0.08984375 0.0 0.30859375 0.01171875 0.08727678571428571 35
360 0.1 0.0703125 0.0 0.30859375 0.01171875 0.08734809027777778 36
