0 2.2 320.85785466974426 958.8146846424883 4014.058837890625 6.4990234375 0 0
10 5.7 401.4845977247807 1121.4259024950397 5275.862060546875 1.366943359375 320.85785466974426 22
20 4.3 836.583127043968 1954.8951807361468 6539.970947265625 1.3349609375 379.03158067147945 79
30 4.9 785.8374820631377 1941.7649220732883 7146.94091796875 1.255126953125 540.2997486552254 122
40 8.3 592.2380900555344 1635.096356131229 7975.923095703125 1.239990234375 610.6585143686038 171
50 2.9 7156.138629781789 2719.3285495405025 10620.89892578125 1.239990234375 604.6392418568529 254
60 7.5 6591.802721354166 3655.4609064840874 18599.52392578125 1.239990234375 1275.9943028102916 283
70 7 5834.510299246652 3824.8298607558313 18599.52392578125 1.008056640625 2389.641317868366 358
80 11.8 5571.574359441208 6548.773518782128 19161.050048828125 0.719970703125 2953.054469028366 428
90 32.2 3781.1210694875776 6847.651031261118 23788.626953125 0.697021484375 3518.9616980919473 546
100 35.6 2247.704352561007 5959.230169367997 26831.198974609375 0.669189453125 3616.21436812581 868
110 42.7 2085.5356662580502 6428.547846412129 28014.093017578125 0.659912109375 3218.1836773242826 1224
120 63.2 1916.9708313760864 6399.226177407212 32566.06103515625 0.599853515625 2925.2456393319862 1651
130 82.4 532.306022273684 3793.8342994411205 32566.06103515625 0.599853515625 2646.126200598684 2283
140 80.5 1417.040220727387 6301.113490807574 37487.139892578125 0.599853515625 2085.525033254043 3107
150 114.8 1012.6835512167914 5421.107306785136 38647.441162109375 0.599853515625 1947.9661697356487 3912
160 126.9 513.7126457148216 4088.588321170742 41309.139892578125 0.599853515625 1735.771615178406 5060
170 146 1206.6207792099194 5914.949366957551 41508.30908203125 0.599853515625 1490.741937148814 6329
180 79.7 1326.3596335378788 6070.865476187725 41508.30908203125 0.599853515625 1437.4851788241529 7789
190 29.3 3135.987071379053 8057.769283730765 41508.30908203125 0.599853515625 1427.1698911939222 8586
200 13 8206.7101168119 11558.789840564581 41508.30908203125 0.599853515625 1483.5595109477506 8879
210 5.3 9714.362442880305 13641.251462359009 41508.30908203125 0.599853515625 1580.5746712055306 9009
220 3.1 18326.47694839969 16776.618668831976 41508.30908203125 0.599853515625 1628.1459305190115 9062
230 2 28285.21729736328 18666.796121213214 44407.29296875 0.599853515625 1685.0741458004698 9093
240 2.4 35932.29359944662 20779.307959000384 51160.307861328125 0.599853515625 1743.4526010875604 9113
250 1.4 46947.2967703683 19280.63814265512 57876.443115234375 0.599853515625 1833.2558389074813 9137
260 3.9 47602.62002954727 22449.27097482328 64556.4560546875 0.599853515625 1902.2752436764083 9151
270 2.5 36853.72036132812 28102.897874139344 67626.13720703125 0.599853515625 2096.2157710593206 9190
280 3.3 32276.903298117897 21279.1880433454 67626.13720703125 0.599853515625 2190.5117683199524 9215
290 1.8 27651.050170898438 18109.164719619224 67626.13720703125 0.599853515625 2297.8702156040495 9248
300 1.5 20296.74912109375 16902.016564537666 67626.13720703125 0.599853515625 2347.120942907665 9266
310 1.1 27844.93341619318 13533.41114820546 67626.13720703125 0.599853515625 2376.1312244153464 9281
320 1.5 27397.463818359374 14074.640425065005 67626.13720703125 0.599853515625 2406.2815498683767 9292
330 0.9 31502.79478624132 13663.995723474442 67626.13720703125 0.599853515625 2446.559591560368 9307
340 0.8 28064.476684570313 7581.08323351379 67626.13720703125 0.599853515625 2474.630235264976 9316
350 0.3 8992.371907552084 3732.655049543136 67626.13720703125 0.599853515625 2496.58634547459 9324
360 0 0 0 67626.13720703125 0.599853515625 2498.675694320546 9327
361 0 0 0 67626.13720703125 0.599853515625 2498.675694320546 9327
