10 0.1 1341 0 1341 1341 0 0
20 0.1 3539.0 0.0 3539 1341 1341.0 1
30 0.1 1590.0 0.0 3539 1341 2440.0 2
40 0.1 3262.0 0.0 3539 1341 2156.6666666666665 3
50 0.1 4345.0 0.0 4345 1341 2433.0 4
60 0.1 1473.0 0.0 4345 1341 2815.4 5
70 0.1 3063.0 0.0 4345 1341 2591.6666666666665 6
80 0.1 2762.0 0.0 4345 1341 2659.0 7
90 0.1 4286.0 0.0 4345 1341 2671.875 8
100 0.1 5078.0 0.0 5078 1341 2851.222222222222 9
110 0.1 2903.0 0.0 5078 1341 3073.9 10
120 0.1 4557.0 0.0 5078 1341 3058.3636363636365 11
130 0.1 3334.0 0.0 5078 1341 3183.25 12
140 0.1 3025.0 0.0 5078 1341 3194.846153846154 13
150 0.1 4552.0 0.0 5078 1341 3182.714285714286 14
160 0.1 3467.0 0.0 5078 1341 3274.0 15
170 0.1 4831.0 0.0 5078 1341 3286.0625 16
180 0.1 6591.0 0.0 6591 1341 3376.9411764705883 17
190 0.1 4149.0 0.0 6591 1341 3555.5 18
200 0.1 3573.0 0.0 6591 1341 3586.7368421052633 19
210 0.1 2043.0 0.0 6591 1341 3586.05 20
220 0.1 994.0 0.0 6591 994 3512.5714285714284 21
230 0.1 590.0 0.0 6591 590 3398.090909090909 22
240 0.1 471.0 0.0 6591 471 3276.0 23
250 0.1 1023.0 0.0 6591 471 3159.125 24
260 0.1 933.0 0.0 6591 471 3073.68 25
270 0.1 1072.0 0.0 6591 471 2991.346153846154 26
280 0.1 840.0 0.0 6591 471 2920.259259259259 27
290 0.1 1303.0 0.0 6591 471 2845.964285714286 28
300 0.1 266.0 0.0 6591 266 2792.7586206896553 29
310 0.1 209.0 0.0 6591 209 2708.5333333333333 30
320 0.1 439.0 0.0 6591 209 2627.9032258064517 31
330 0.1 210.0 0.0 6591 209 2559.5 32
340 0.1 281.0 0.0 6591 209 2488.3030303030305 33
350 0.1 172.0 0.0 6591 172 2423.3823529411766 34
360 0.1 3.0 0.0 6591 3 2359.057142857143 35
