0 2.2 320.85785466974426 958.8146846424883 4014.058837890625 6.4990234375 0 0
10 5.9 387.86623576536016 1104.6497242993812 5275.862060546875 0.541015625 320.85785466974426 22
20 4.9 734.1125837053571 1851.7323521736553 6539.970947265625 0.52001953125 369.66642855420525 81
30 5 770.1163330078125 1925.3966323676032 7146.94091796875 0.52001953125 507.0345947265625 130
40 8.6 571.5689725654071 1609.9946000042357 7975.923095703125 0.52001953125 580.1128553602431 180
50 3.1 6694.43746062248 3163.4927871372815 10620.89892578125 0.52001953125 577.3505473889803 266
60 7.8 6338.262463691907 3801.9798260097264 18599.52392578125 0.52001953125 1215.8343666153726 297
70 7.2 5672.434377034505 3891.2942211529594 18599.52392578125 0.52001953125 2281.2994108072917 375
80 12 5478.710644531248 6533.010390732882 19161.050048828125 0.52001953125 2827.522492615702 447
90 33.4 3645.264121415376 6760.227444729474 23788.626953125 0.52001953125 3388.6205141851297 567
100 37.3 2145.2516042591737 5840.682376522577 26831.198974609375 0.511962890625 3483.758099995232 901
110 44.5 2001.1682298981748 6310.576725279008 28014.093017578125 0.511962890625 3091.8719752624615 1274
120 66.3 1827.3289008737488 6260.927194608386 32566.06103515625 0.505859375 2809.5199294875297 1719
130 86.7 505.8949378694492 3700.3644395936385 32566.06103515625 0.493896484375 2536.1393031353314 2382
140 85.1 1340.4324447685638 6136.8165434615785 37487.139892578125 0.493896484375 1994.3658760237524 3249
150 120.1 967.9846797183985 5304.190910982162 38647.441162109375 0.493896484375 1858.63481504859 4100
160 134.6 484.31335576186405 3971.69278739372 41309.139892578125 0.493896484375 1656.8482063838928 5301
170 154.1 1143.1787085610497 5763.678790968989 41508.30908203125 0.487060546875 1419.4129861435963 6647
180 87.9 1202.6092302932143 5793.617663518211 41508.30908203125 0.487060546875 1367.4250743513755 8188
190 31.6 2907.720448940616 7801.628530265925 41508.30908203125 0.487060546875 1351.447008075085 9067
200 14.1 7566.45365137411 11314.872147413236 41508.30908203125 0.487060546875 1403.8590732262635 9383
210 6 8580.988476562501 13194.450686880371 41508.30908203125 0.487060546875 1495.094461247982 9524
220 3.5 16231.996609933036 16830.89467797203 41508.30908203125 0.487060546875 1539.455233464058 9584
230 2.4 23570.96808878581 20037.031818316704 44407.29296875 0.487060546875 1592.9159828326424 9619
240 2.5 34494.991494140624 21542.64181600522 51160.307861328125 0.487060546875 1647.6161021464322 9643
250 1.6 41078.8532409668 23797.78168554697 57876.443115234375 0.487060546875 1732.5544952783991 9668
260 4.3 43174.446254996365 25461.041951567215 64556.4560546875 0.487060546875 1797.562836865658 9684
270 3.1 29720.694422568045 29135.835965434944 67626.13720703125 0.487060546875 1980.4769919987534 9727
280 3.6 29587.139607747395 22240.649484946083 67626.13720703125 0.487060546875 2068.6043480499575 9758
290 1.9 26195.718801398027 18676.25900405754 67626.13720703125 0.487060546875 2169.754773754379 9794
300 1.7 17908.86540670956 17170.56105768989 67626.13720703125 0.487060546875 2216.2740152223532 9813
310 1.2 25524.498881022137 15070.329834566963 67626.13720703125 0.487060546875 2243.4127795819954 9830
320 1.6 25685.107391357422 15155.650290251331 67626.13720703125 0.487060546875 2271.7985785270557 9842
330 0.9 31502.79478624132 13663.995723474442 67626.13720703125 0.487060546875 2309.799485506695 9858
340 0.8 28064.476684570313 7581.08323351379 67626.13720703125 0.487060546875 2336.4273316308067 9867
350 0.3 8992.371907552084 3732.655049543136 67626.13720703125 0.487060546875 2357.2703083217957 9875
360 0 0 0 67626.13720703125 0.487060546875 2359.2854232031173 9878
361 0 0 0 67626.13720703125 0.487060546875 2359.2854232031173 9878
