10 0.1 695 0 695 695 0 0
20 0.1 1817.0 0.0 1817 695 695.0 1
30 0.1 846.0 0.0 1817 695 1256.0 2
40 0.1 1544.0 0.0 1817 695 1119.3333333333333 3
50 0.1 2031.0 0.0 2031 695 1225.5 4
60 0.1 865.0 0.0 2031 695 1386.6 5
70 0.1 1697.0 0.0 2031 695 1299.6666666666667 6
80 0.1 1468.0 0.0 2031 695 1356.4285714285713 7
90 0.1 2148.0 0.0 2148 695 1370.375 8
100 0.1 2990.0 0.0 2990 695 1456.7777777777778 9
110 0.1 2024.0 0.0 2990 695 1610.1 10
120 0.1 3036.0 0.0 3036 695 1647.7272727272727 11
130 0.1 3029.0 0.0 3036 695 1763.4166666666667 12
140 0.1 3232.0 0.0 3232 695 1860.7692307692307 13
150 0.1 3859.0 0.0 3859 695 1958.7142857142858 14
160 0.1 4258.0 0.0 4258 695 2085.4 15
170 0.1 5076.0 0.0 5076 695 2221.1875 16
180 0.1 5981.0 0.0 5981 695 2389.1176470588234 17
190 0.1 3297.0 0.0 5981 695 2588.6666666666665 18
200 0.1 2089.0 0.0 5981 695 2625.9473684210525 19
210 0.1 1164.0 0.0 5981 695 2599.1 20
220 0.1 507.0 0.0 5981 507 2530.7619047619046 21
230 0.1 346.0 0.0 5981 346 2438.7727272727275 22
240 0.1 195.0 0.0 5981 195 2347.7826086956525 23
250 0.1 508.0 0.0 5981 195 2258.0833333333335 24
260 0.1 454.0 0.0 5981 195 2188.08 25
270 0.1 536.0 0.0 5981 195 2121.3846153846152 26
280 0.1 352.0 0.0 5981 195 2062.6666666666665 27
290 0.1 594.0 0.0 5981 195 2001.5714285714282 28
300 0.1 163.0 0.0 5981 163 1953.0344827586205 29
310 0.1 118.0 0.0 5981 118 1893.3666666666663 30
320 0.1 230.0 0.0 5981 118 1836.096774193548 31
330 0.1 124.0 0.0 5981 118 1785.9062499999998 32
340 0.1 139.0 0.0 5981 118 1735.5454545454543 33
350 0.1 98.0 0.0 5981 98 1688.5882352941173 34
360 0.1 6.0 0.0 5981 6 1643.1428571428569 35
