10 0.7 11417.244035993304 2486.5318885688084 15607.6259765625 8542.928955078125 0 0
20 0.5 11372.52822265625 3493.118168238686 17964.9638671875 8341.3330078125 11417.244035993304 7
30 1.1 20734.919300426136 4300.690927094884 26423.52197265625 8341.3330078125 11398.612447102865 12
40 0.8 19624.26968383789 10290.7927557205 36274.26806640625 6799.921142578125 15863.802681300951 23
50 0.4 22390.025451660156 12396.447060642176 41594.948974609375 6799.921142578125 16834.245778729837 31
60 1.3 27602.914269080527 8452.750550412055 50702.927978515625 6799.921142578125 17469.19202706473 35
70 0.4 41244.00378417969 8685.493491342546 54295.68115234375 6799.921142578125 20213.74180094401 48
80 1.4 35415.79408482143 8726.043614605916 54295.68115234375 6799.921142578125 21831.45426119291 52
90 2.6 29811.469895582934 13652.995170793589 57734.73486328125 3353.9580078125 24712.980890447445 66
100 5.5 22988.970374644887 17510.276785337923 64854.02001953125 1080.0849609375 26153.858217985733 92
110 7.2 30860.26488579644 18242.86002138724 67216.9599609375 1080.0849609375 24969.71650789222 147
120 8.1 25941.349624445415 17432.364991611554 67454.93310546875 1080.0849609375 26906.33515268265 219
130 11.5 23329.154360563858 18827.16770805942 78500.00317382813 1080.0849609375 26645.789060058592 300
140 16.6 18302.357173322194 16127.054479811417 85239.88696289063 806.968017578125 25726.721613210655 415
150 15.8 23926.705058037485 18854.55021079593 85239.88696289063 806.968017578125 23605.474630385383 581
160 21.8 20051.181538713074 17248.576099157257 97186.94189453125 719.968994140625 23674.15447824605 739
170 26.5 17997.74428803065 15486.680926829451 97186.94189453125 690.968017578125 22848.858657119417 957
180 25 22059.272424804687 15084.683527242942 97186.94189453125 690.968017578125 21796.857586899678 1222
190 15.5 32109.18771421371 14972.52701577664 97186.94189453125 690.968017578125 21841.42532431561 1472
200 5.7 36866.50225294685 11028.245955749071 97186.94189453125 690.968017578125 22819.607973629812 1627
210 3.7 48327.89455104519 14144.12159529304 97186.94189453125 690.968017578125 23295.066984271776 1684
220 1.1 72263.70783025568 24457.60329512667 130848.98608398438 690.968017578125 23833.25095868817 1721
230 0.9 70633.90359157986 11182.237765057807 130848.98608398438 690.968017578125 24140.83469170621 1732
240 1 84603.00847167968 14249.470774339306 130848.98608398438 690.968017578125 24381.177954255814 1741
250 0.6 85369.76407877605 5250.010370748116 130848.98608398438 690.968017578125 24725.106169660863 1751
260 0.8 93434.50604248047 5823.7106093862785 130848.98608398438 690.968017578125 24932.202326436443 1757
270 1.2 109827.83695475261 17520.206886252203 149925.57690429688 690.968017578125 25242.694354611147 1765
280 0.8 118668.66525268555 12008.25092741006 149925.57690429688 690.968017578125 25813.893966992517 1777
290 1 122793.31728515626 8257.512044525538 149925.57690429688 690.968017578125 26230.0498046875 1785
300 0.9 132589.35896809897 7749.717593605196 150829.97802734375 690.968017578125 26768.006726584263 1795
310 0.5 144702.46899414063 11945.947187716287 166064.0009765625 690.968017578125 27295.94030206854 1804
320 0.8 154574.28924560547 9199.987656547337 170251.9638671875 690.968017578125 27620.447014871388 1809
330 0.7 157548.589390346 2668.269921610871 170251.9638671875 690.968017578125 28179.407244836097 1817
340 0.5 167709.77231445312 3052.183346423881 171058.98291015625 690.968017578125 28675.88985175417 1824
350 0.6 185368.49877929688 9207.462642730472 204406.97900390625 690.968017578125 29055.971542466854 1829
360 0.2 193268.44555664063 4472.467529296875 204406.97900390625 690.968017578125 29567.07517375894 1835
361 0 0 0 204406.97900390625 690.968017578125 29745.30203318505 1837
