0 7.02734375 7.02734375
10 18.184375 25.21171875
20 20.4984375 45.71015625
30 17.609375 63.31953125
40 30.8671875 94.18671875
50 16.2625 110.44921875
60 29.10546875 139.5546875
70 33.965625 173.5203125
80 31.67109375 205.19140625
90 77.253125 282.44453125
100 86.58125 369.02578125
110 99.21171875 468.2375
120 134.5265625 602.7640625
130 154.70625 757.4703125
140 152.65078125 910.12109375
150 206.85703125 1116.978125
160 232.5328125 1349.5109375
170 264.846875 1614.3578125
180 198.67734375 1813.03515625
190 96.67265625 1909.7078125
200 46.334375 1956.0421875
210 23.046875 1979.0890625
220 13.115625 1992.2046875
230 4.31484375 1996.51953125
240 4.715625 2001.23515625
250 3.84765625 2005.0828125
260 11.69296875 2016.77578125
270 7.9 2024.67578125
280 9.75234375 2034.428125
290 6.95625 2041.384375
300 5.3765625 2046.7609375
310 2.28046875 2049.04140625
320 4.4765625 2053.51796875
330 0.79453125 2054.3125
340 0.7265625 2055.0390625
350 0 2055.0390625
360 0 2055.0390625
361 0 2055.0390625
