0 916.56875 916.56875
10 3743.446875 4660.015625
20 2132.771875 6792.7875
30 3066.9578125 9859.7453125
40 5131.22734375 14990.97265625
50 800.04140625 15791.0140625
60 2686.453125 18477.4671875
70 3293.75078125 21771.21796875
80 3968.809375 25740.02734375
90 4991.209375 30731.23671875
100 3472.28671875 34203.5234375
110 3396.60234375 37600.12578125
120 3078.16953125 40678.2953125
130 1365.125 42043.4203125
140 2368.9203125 44412.340625
150 2429.4296875 46841.7703125
160 1158.36171875 48000.13203125
170 5355.85859375 53355.990625
180 2648.0109375 56004.0015625
190 2563.58046875 58567.58203125
200 3503.77890625 62071.3609375
210 603.1328125 62674.49375
220 770.44609375 63444.93984375
230 566.77421875 64011.7140625
240 1093.02265625 65104.73671875
250 746.6734375 65851.41015625
260 1315.66484375 67167.075
270 565.9359375 67733.0109375
280 1360.11796875 69093.12890625
290 505.2953125 69598.42421875
300 191.084375 69789.50859375
310 239.271875 70028.78046875
320 404.1515625 70432.93203125
330 238.50234375 70671.434375
340 207.1515625 70878.5859375
350 66.0203125 70944.60625
360 0 70944.60625
361 0 70944.60625
