0 1.7 10.977007697610293 33.491955587465405 144.289794921875 1.237060546875 0 0
10 0.7 2.7987234933035716 2.532362321335566 144.289794921875 1.0751953125 10.977007697610293 17
20 0.6 2.0716552734375 1.1659973138833608 144.289794921875 1.0751953125 8.5916748046875 24
30 1.6 2.172821044921875 1.684775209819736 144.289794921875 1.0751953125 7.2876708984375 30
40 2.6 2.1104360727163463 1.7571400273138973 144.289794921875 0.988037109375 5.5085926885190215 46
50 1.8 1.5454915364583333 0.7723459618232535 144.289794921875 0.916015625 4.281480577256945 72
60 4 2.821331787109375 4.096931158406702 144.289794921875 0.916015625 3.7342827690972222 90
70 2.9 2.5624073949353448 2.5942842168832847 144.289794921875 0.916015625 3.453374774639423 130
80 4.2 2.3923514229910716 3.3247158091928783 144.289794921875 0.842041015625 3.2908712902908803 159
90 7.8 1.951052934695512 1.724055162759214 144.289794921875 0.842041015625 3.1031208702580844 201
100 7.8 2.7799948667868586 4.125629287335769 144.289794921875 0.842041015625 2.781037361391129 279
110 6.1 2.1326764216188523 2.9753566957204596 144.289794921875 0.842041015625 2.7808095894607843 357
120 1.1 2.4960493607954546 1.994953227557895 144.289794921875 0.842041015625 2.686225562574761 418
130 0 0 0 144.289794921875 0.842041015625 2.681349249708625 429
140 0 0 0 144.289794921875 0.842041015625 2.681349249708625 429
150 0.2 12.7174072265625 10.4163818359375 144.289794921875 0.842041015625 2.681349249708625 429
160 0 0 0 144.289794921875 0.842041015625 2.7279202844040022 431
170 0 0 0 144.289794921875 0.842041015625 2.7279202844040022 431
180 0.1 1.337158203125 0.0 144.289794921875 0.842041015625 2.7279202844040022 431
190 0 0 0 144.289794921875 0.842041015625 2.724700927734375 432
200 0.1 1.39404296875 0.0 144.289794921875 0.842041015625 2.724700927734375 432
210 0 0 0 144.289794921875 0.842041015625 2.721627814665127 433
211 0 0 0 144.289794921875 0.842041015625 2.721627814665127 433
