0 0.1 3155.875 0 3155.875 3155.875 0 0
10 0.1 3153.33984375 0.0 3155.875 3153.33984375 3155.875 1
20 0.1 3152.87109375 0.0 3155.875 3152.87109375 3154.607421875 2
30 0.1 3153.7421875 0.0 3155.875 3152.87109375 3154.0286458333335 3
40 0.1 3153.25390625 0.0 3155.875 3152.87109375 3153.95703125 4
50 0.1 3150.83984375 0.0 3155.875 3150.83984375 3153.81640625 5
60 0.1 3150.12109375 0.0 3155.875 3150.12109375 3153.3203125 6
70 0.1 3149.0390625 0.0 3155.875 3149.0390625 3152.86328125 7
80 0.1 3146.63671875 0.0 3155.875 3146.63671875 3152.38525390625 8
90 0.1 3145.796875 0.0 3155.875 3145.796875 3151.746527777778 9
100 0.1 3143.40234375 0.0 3155.875 3143.40234375 3151.1515625 10
110 0.1 3111.48828125 0.0 3155.875 3111.48828125 3150.447088068182 11
120 0.1 3109.9375 0.0 3155.875 3109.9375 3147.2005208333335 12
130 0.1 3110.41015625 0.0 3155.875 3109.9375 3144.3341346153848 13
140 0.1 3116.6484375 0.0 3155.875 3109.9375 3141.9109933035716 14
150 0.1 3124.55859375 0.0 3155.875 3109.9375 3140.2268229166666 15
160 0.1 3126.41796875 0.0 3155.875 3109.9375 3139.24755859375 16
170 0.1 3126.4453125 0.0 3155.875 3109.9375 3138.492876838235 17
180 0.1 3130.5546875 0.0 3155.875 3109.9375 3137.8235677083335 18
190 0.1 3130.5390625 0.0 3155.875 3109.9375 3137.4409950657896 19
200 0.1 3130.60546875 0.0 3155.875 3109.9375 3137.0958984375 20
210 0.1 3130.61328125 0.0 3155.875 3109.9375 3136.7868303571427 21
