0 4.4 21.510830965909097 25.562471459658063 169.357177734375 9.4951171875 0 0
10 4.7 19.575200506981382 13.003310953282957 169.357177734375 9.4951171875 21.510830965909097 44
20 4.4 18.28832452947443 10.597939552131592 169.357177734375 9.4951171875 20.511109739869507 91
30 6.2 96.14943375126008 221.64341651836622 1011.327880859375 9.4951171875 19.786646412037037 135
40 10.8 34.37204092520255 111.60955499690697 1011.327880859375 9.05810546875 43.81960486397525 197
50 13.7 67.63328652486311 189.67765251536613 1011.327880859375 8.44287109375 40.474237961065576 305
60 16 66.5832504272461 193.52420413381915 1012.340087890625 8.44287109375 48.892314099618204 442
70 15.8 1393.123584602453 2200.5695712220827 7333.428955078125 8.44287109375 53.59422408702761 602
80 20.5 46.14693097370429 135.45277833344167 7333.428955078125 8.44287109375 332.07532798365554 760
90 27.9 109.96963730678765 247.5732114154247 7333.428955078125 8.44287109375 271.33406229760374 965
100 13 8299.046065579927 2339.044101237692 11462.869140625 8.44287109375 235.14380942586928 1244
110 67.6 223.1768199311203 646.2618002143963 11462.869140625 8.44287109375 998.1039937781454 1374
120 29.1 14.116575889980677 6.814401733231319 11462.869140625 8.44287109375 742.5670330363947 2050
130 15.3 204.45706635518792 436.5612137798552 11462.869140625 8.44287109375 652.0163781753923 2341
140 4.1 57.99191358612805 200.92699558648675 11462.869140625 8.44287109375 624.5598526306885 2494
150 2 68.22977294921876 217.14392116897542 11462.869140625 8.44287109375 615.3964263976206 2535
160 0.7 436.481201171875 766.4269356887586 11462.869140625 8.44287109375 611.1133214782593 2555
170 0.3 12.202555338541666 0.8697796438151448 11462.869140625 8.44287109375 610.6361845375314 2562
180 0.5 18.745263671875 13.040525886237608 11462.869140625 8.44287109375 609.9362621641993 2565
190 0 0 0 11462.869140625 8.44287109375 608.786085124331 2570
200 0.2 14.031494140625 1.66943359375 11462.869140625 8.44287109375 608.786085124331 2570
210 0.2 14.7159423828125 0.1319580078125 11462.869140625 8.44287109375 608.3236009944836 2572
211 0 0 0 11462.869140625 8.44287109375 607.8623673825088 2574
