10 0.1 684 0 684 684 0 0
20 0.1 496.0 0.0 684 496 684.0 1
30 0.1 312.0 0.0 684 312 590.0 2
40 0.1 815.0 0.0 815 312 497.3333333333333 3
50 0.1 1441.0 0.0 1441 312 576.75 4
60 0.1 1135.0 0.0 1441 312 749.6 5
70 0.1 1998.0 0.0 1998 312 813.8333333333334 6
80 0.1 2072.0 0.0 2072 312 983.0 7
90 0.1 2681.0 0.0 2681 312 1119.125 8
100 0.1 3450.0 0.0 3450 312 1292.6666666666667 9
110 0.1 6173.0 0.0 6173 312 1508.4 10
120 0.1 6113.0 0.0 6173 312 1932.4545454545455 11
130 0.1 1140.0 0.0 6173 312 2280.8333333333335 12
140 0.1 666.0 0.0 6173 312 2193.076923076923 13
150 0.1 189.0 0.0 6173 189 2083.9999999999995 14
160 0.1 75.0 0.0 6173 75 1957.6666666666663 15
170 0.1 28.0 0.0 6173 28 1839.9999999999995 16
180 0.1 35.0 0.0 6173 28 1733.411764705882 17
190 0.1 8.0 0.0 6173 8 1639.0555555555552 18
200 0.1 0.0 0.0 6173 0 1553.2105263157891 19
210 0.1 16.0 0.0 6173 0 1475.5499999999997 20
