0 0.2 5241.4705810546875 1102.3924560546875 6343.863037109375 4139.078125 0 0
10 0.8 9146.745788574219 3405.8631780949577 12701.738037109375 3944.8251953125 5241.4705810546875 2
20 0.7 11089.65611049107 4115.21414917739 16860.679931640625 3944.8251953125 8365.690747070312 10
30 0.8 22579.281768798828 8671.707502365958 32429.1669921875 3944.8251953125 9487.323543772978 17
40 1.2 16366.852742513021 11766.295042252981 43043.541015625 3944.8251953125 13676.75017578125 25
50 2.1 13971.577415829614 6600.08429448492 43043.541015625 3944.8251953125 14549.215873099662 37
60 2.3 15425.03171705163 9534.453319008679 43618.507080078125 3622.1259765625 14340.07091443292 58
70 1.5 17064.988525390625 8141.088453836391 43618.507080078125 3622.1259765625 14648.146204065393 81
80 4.2 17607.185564313615 9637.948009334017 46236.841064453125 3197.19091796875 15025.777816772461 96
90 3.1 13561.5365265877 7577.8015085138295 46236.841064453125 3197.19091796875 15811.423652980639 138
100 0.9 19116.810791015625 3661.2779442718193 46236.841064453125 3197.19091796875 15398.722464115663 169
110 10.5 20779.251925223223 9647.042761270639 63648.171875 3197.19091796875 15586.715694127457 178
120 7.8 17848.4888665615 8918.08993028484 63648.171875 3197.19091796875 17513.27507315592 283
130 4.3 25904.646853424783 8634.601203071956 63648.171875 3197.19091796875 17585.70353821308 361
140 1.4 32807.30700683594 7065.298779641894 63648.171875 3197.19091796875 18471.13562374304 404
150 0.4 45192.82995605469 14681.188765962213 69748.52099609375 3197.19091796875 18951.29447389448 418
160 0.4 59658.18811035156 20262.96259017231 94020.49609375 3197.19091796875 19200.02940737467 422
170 0 0 0 94020.49609375 3197.19091796875 19579.91822148713 426
180 0.2 70141.95300292969 5306.3441162109375 94020.49609375 3197.19091796875 19579.91822148713 426
190 0 0 0 94020.49609375 3197.19091796875 19816.189412054613 428
200 0 0 0 94020.49609375 3197.19091796875 19816.189412054613 428
210 0.1 120218.11303710938 0.0 120218.11303710938 3197.19091796875 19816.189412054613 428
211 0 0 0 120218.11303710938 3197.19091796875 20050.226530061736 429
