0 882.1734375 882.1734375
10 590.03046875 1472.20390625
20 512.67890625 1984.8828125
30 1055.15703125 3040.03984375
40 1853.33359375 4893.3734375
50 1695.18046875 6588.55390625
60 2865.3921875 9453.94609375
70 2996.21328125 12450.159375
80 3460.7390625 15910.8984375
90 5897.24453125 21808.14296875
100 4886.2421875 26694.38515625
110 15737.49609375 42431.88125
120 2753.60703125 45185.48828125
130 740.95546875 45926.44375
140 196.81484375 46123.25859375
150 109.72109375 46232.9796875
160 22.29453125 46255.27421875
170 19.83203125 46275.10625
180 20.73203125 46295.83828125
190 0 46295.83828125
200 19.71640625 46315.5546875
210 1.575 46317.1296875
211 0 46317.1296875
