0 0.1 2.1393966630823784 0 2.1393966630823784 2.1393966630823784 0 0
10 0.1 2.355250245338567 0.0 2.355250245338567 2.1393966630823784 2.1393966630823784 1
20 0.1 1.968503937007874 0.0 2.355250245338567 1.968503937007874 2.2473234542104725 2
30 0.1 1.582591493570722 0.0 2.355250245338567 1.582591493570722 2.15438361514294 3
40 0.1 1.671583087512291 0.0 2.355250245338567 1.582591493570722 2.0114355847498855 4
50 0.1 2.0689655172413794 0.0 2.355250245338567 1.582591493570722 1.9434650853023665 5
60 0.1 1.9762845849802373 0.0 2.355250245338567 1.582591493570722 1.9643818239588686 6
70 0.1 1.7716535433070866 0.0 2.355250245338567 1.582591493570722 1.966082218390493 7
80 0.1 4.407443682664055 0.0 4.407443682664055 1.582591493570722 1.9417786340050671 8
90 0.1 4.789833822091887 0.0 4.789833822091887 1.582591493570722 2.215741417189399 9
100 0.1 2.7450980392156863 0.0 4.789833822091887 1.582591493570722 2.4731506576796476 10
110 0.1 4.710500490677134 0.0 4.789833822091887 1.582591493570722 2.4978731469101967 11
120 0.1 6.976744186046512 0.0 6.976744186046512 1.582591493570722 2.682258758890775 12
130 0.1 3.146509341199607 0.0 6.976744186046512 1.582591493570722 3.0126037917489086 13
140 0.1 1.6765285996055226 0.0 6.976744186046512 1.582591493570722 3.02216847385253 14
150 0.1 2.34375 0.0 6.976744186046512 1.582591493570722 2.9324591489027294 15
160 0.1 1.8700787401574805 0.0 6.976744186046512 1.582591493570722 2.895664827096309 16
170 0.1 1.966568338249754 0.0 6.976744186046512 1.582591493570722 2.835336233746966 17
180 0.1 0.9881422924901186 0.0 6.976744186046512 0.9881422924901186 2.787071350663788 18
190 0.1 1.8664047151277015 0.0 6.976744186046512 0.9881422924901186 2.6923908739178053 19
200 0.1 1.4792899408284024 0.0 6.976744186046512 0.9881422924901186 2.6510915659783003 20
210 0.1 1.3793103448275863 0.0 6.976744186046512 0.9881422924901186 2.5952914885902096 21
220 0.1 2.161100196463654 0.0 6.976744186046512 0.9881422924901186 2.5400196184191812 22
230 0.1 1.282051282051282 0.0 6.976744186046512 0.9881422924901186 2.523544860942854 23
240 0.1 1.671583087512291 0.0 6.976744186046512 0.9881422924901186 2.471815961822372 24
250 0.1 1.282051282051282 0.0 6.976744186046512 0.9881422924901186 2.439806646849968 25
260 0.1 1.768172888015717 0.0 6.976744186046512 0.9881422924901186 2.395277594357711 26
270 0.1 1.5779092702169626 0.0 6.976744186046512 0.9881422924901186 2.3720514941228226 27
280 0.1 1.282051282051282 0.0 6.976744186046512 0.9881422924901186 2.3436892718404705 28
290 0.1 2.06286836935167 0.0 6.976744186046512 0.9881422924901186 2.307081065296016 29
300 0.1 1.966568338249754 0.0 6.976744186046512 0.9881422924901186 2.298940642097871 30
