0 0.1 0.03125 0 0.03125 0.03125 0 0
10 0.1 0.03125 0.0 0.03125 0.03125 0.03125 1
20 0.1 0.01953125 0.0 0.03125 0.01953125 0.03125 2
30 0.1 0.01953125 0.0 0.03125 0.01953125 0.02734375 3
40 0.1 0.01953125 0.0 0.03125 0.01953125 0.025390625 4
50 0.1 0.01171875 0.0 0.03125 0.01171875 0.02421875 5
60 0.1 0.01171875 0.0 0.03125 0.01171875 0.022135416666666668 6
70 0.1 0.01171875 0.0 0.03125 0.01171875 0.020647321428571428 7
80 0.1 0.01171875 0.0 0.03125 0.01171875 0.01953125 8
90 0.1 0.01171875 0.0 0.03125 0.01171875 0.018663194444444444 9
100 0.1 0.01171875 0.0 0.03125 0.01171875 0.01796875 10
110 0.1 0.0 0.0 0.03125 0.0 0.01740056818181818 11
120 0.1 0.0 0.0 0.03125 0.0 0.015950520833333332 12
130 0.1 0.0 0.0 0.03125 0.0 0.014723557692307692 13
140 0.1 0.0 0.0 0.03125 0.0 0.013671875 14
150 0.1 0.0 0.0 0.03125 0.0 0.012760416666666666 15
160 0.1 0.0 0.0 0.03125 0.0 0.011962890625 16
170 0.1 0.0 0.0 0.03125 0.0 0.011259191176470588 17
180 0.1 0.0 0.0 0.03125 0.0 0.010633680555555556 18
190 0.1 0.078125 0.0 0.078125 0.0 0.010074013157894737 19
200 0.1 0.0703125 0.0 0.078125 0.0 0.0134765625 20
210 0.1 0.05859375 0.0 0.078125 0.0 0.016183035714285716 21
220 0.1 0.05078125 0.0 0.078125 0.0 0.018110795454545456 22
230 0.1 0.0390625 0.0 0.078125 0.0 0.01953125 23
240 0.1 0.0390625 0.0 0.078125 0.0 0.020345052083333332 24
250 0.1 0.03125 0.0 0.078125 0.0 0.02109375 25
260 0.1 0.03125 0.0 0.078125 0.0 0.021484375 26
270 0.1 0.01953125 0.0 0.078125 0.0 0.021846064814814815 27
280 0.1 0.01953125 0.0 0.078125 0.0 0.021763392857142856 28
290 0.1 0.01953125 0.0 0.078125 0.0 0.021686422413793104 29
300 0.1 0.01171875 0.0 0.078125 0.0 0.021614583333333333 30
