0 1 22.7521240234375 34.00982874602049 122.590087890625 7.43115234375 0 0
10 3.5 51.684905133928574 92.74081148979533 478.18115234375 7.43115234375 22.7521240234375 10
20 2.2 89.81019176136364 123.27876792194732 513.298095703125 7.43115234375 45.255398220486114 45
30 2.5 3975.9644531249996 4370.6752316830025 16232.575927734375 7.43115234375 59.885330427938435 67
40 3.4 8607.526711856613 5938.666481643304 25744.1650390625 7.43115234375 1124.037265943444 92
50 3.9 1840.5142415364583 5361.045044994545 27191.005126953125 7.43115234375 3143.391560872395 126
60 0.4 13274.354187011719 9375.556252917053 29512.554931640625 7.43115234375 2835.4387399384464 165
70 11.3 8764.688936756778 5916.668049932584 30979.467041015625 7.43115234375 3082.513661762666 169
80 12.3 4506.79249436293 3775.0036199194287 32972.177001953125 7.43115234375 5359.41368330286 282
90 4.4 2278.40829745206 8686.489364674824 41421.032958984375 0.697021484375 5100.469470365548 405
100 23.9 1359.624277793214 5002.193974255295 41421.032958984375 0.60693359375 4823.920045848413 449
110 36.9 2385.83166140011 7754.452510882876 41421.032958984375 0.60693359375 3620.4800915385404 688
120 24.3 143.89473419817386 2223.1459971716035 41421.032958984375 0.60693359375 3189.4628060881328 1057
130 5.5 7275.631929154827 16462.25328222649 47037.505126953125 0.60693359375 2620.1758511117787 1300
140 4.8 48174.93473815918 7650.965306220106 54219.337158203125 0.60693359375 2809.142702988065 1355
150 2.5 49012.599921875 6890.164439753518 69377.57104492188 0.60693359375 4361.215416949728 1403
160 3.1 45443.822998046875 10869.087106374916 72692.3740234375 0.60693359375 5142.927330551362 1428
170 0.6 34712.846354166664 14446.494349002916 72692.3740234375 0.60693359375 5999.217779963535 1459
180 3.3 45077.745990175186 7887.154938958317 73153.26293945313 0.60693359375 6116.816258765732 1465
190 1.7 37579.59300321691 4850.903137262957 73153.26293945313 0.60693359375 6975.101092635233 1498
200 1.1 41412.45319158381 6179.879947066324 73153.26293945313 0.60693359375 7318.51783354605 1515
210 5.1 38616.58509018844 11644.683072332467 73153.26293945313 0.60693359375 7564.280146087606 1526
220 0 0 0 73153.26293945313 0.60693359375 8568.508143645719 1577
230 1.9 45506.128970497535 10684.862570658857 73153.26293945313 0.60693359375 8568.508143645719 1577
240 1 38087.908447265625 6287.645043072071 73153.26293945313 0.60693359375 9008.241724917765 1596
250 0.6 47723.98116048177 7190.832129151778 73153.26293945313 0.60693359375 9189.310633525161 1606
260 2.7 48529.96919307002 6117.0179663177705 73153.26293945313 0.60693359375 9332.73992829051 1612
270 0.7 40076.277099609375 9581.394693286415 73153.26293945313 0.60693359375 9978.453894214274 1639
280 1.2 53994.94179280599 10247.625773948854 73153.26293945313 0.60693359375 10106.451927287035 1646
290 6.4 18788.49674987793 17189.355174657627 73153.26293945313 0.60693359375 10424.10082860563 1658
300 1.1 22946.197265625 30349.476456534354 73153.26293945313 0.60693359375 10734.972686306806 1722
303 0 0 0 73153.26293945313 0.60693359375 10812.481901755451 1733
