0 0.9 13.757188585069445 36.816518579899984 117.889892578125 0.594970703125 0 0
10 0.9 0.7704806857638888 0.04719230414692677 117.889892578125 0.594970703125 13.757188585069445 9
20 1.2 0.7433878580729166 0.0444901726794658 117.889892578125 0.594970703125 7.263834635416667 18
30 2 0.71876220703125 0.061348340778484924 117.889892578125 0.5791015625 4.655655924479166 30
40 2.1 0.7094377790178571 0.0718430460202919 117.889892578125 0.5439453125 3.0808984375 50
50 1.3 0.689208984375 0.05078413915597764 117.889892578125 0.5439453125 2.379480496258803 71
60 4.3 0.7397688045058137 0.18595483771725646 117.889892578125 0.54296875 2.117890857514881 84
70 3.6 0.9166395399305554 1.379947807440681 117.889892578125 0.52197265625 1.6512826033464567 127
80 4.2 0.6813557942708334 0.08453534676448797 117.889892578125 0.4931640625 1.4890301476226995 163
90 6.9 0.6772036345108697 0.12463498348467275 117.889892578125 0.4931640625 1.3235554020579268 205
100 6.5 0.6586763822115387 0.07484358196105612 117.889892578125 0.4931640625 1.1607879861427919 274
110 9.7 0.6607426908827323 0.1883620135305448 117.889892578125 0.4931640625 1.0645128998432891 339
120 13.4 0.6220684905550373 0.1123812603034265 117.889892578125 0.4931640625 0.9746832891341743 436
130 16.5 0.5908706202651519 0.110806502824084 117.889892578125 0.489990234375 0.8917878803453947 570
140 14.2 0.6031941158670769 0.12936569365237846 117.889892578125 0.489990234375 0.8242350260416669 735
150 28.8 0.6144341362847219 0.346010132805387 117.889892578125 0.488037109375 0.7884450497078107 877
160 31 0.5978389616935491 0.4555669676587561 117.889892578125 0.48193359375 0.745427759522532 1165
170 33.2 0.5840395272496233 0.22202222690846765 117.889892578125 0.48193359375 0.7144090969279661 1475
180 55.1 0.6049042578833939 0.4056379921680327 117.889892578125 0.462890625 0.6904563038271306 1807
190 62.5 0.6383218749999993 0.39889737547735193 117.889892578125 0.462890625 0.6704651344823473 2358
200 62.4 0.594318487705329 0.26631657903385475 117.889892578125 0.462890625 0.663730458928721 2983
210 99.3 0.6292440639161632 0.39406825245029 117.889892578125 0.462890625 0.6517223995876075 3607
220 119.6 0.6149226670281152 0.4717189024376863 117.889892578125 0.462890625 0.6468700110394022 4600
230 128.2 0.6389097311939351 0.8840815065656856 117.889892578125 0.4609375 0.6402777019577081 5796
240 208.4 0.843471065821437 1.543500694738476 117.889892578125 0.4609375 0.6400299287846144 7078
250 236.7 0.8036756624287069 1.3774684994163606 117.889892578125 0.4609375 0.6863049047270657 9162
260 237.8 0.9010263351555929 1.6793884342593148 117.889892578125 0.4609375 0.7104021016634682 11529
270 343 1.3265576598943154 2.2375934713268206 117.889892578125 0.4609375 0.7429975160047548 13907
280 361.1 1.268911602027657 1.948218270054544 117.889892578125 0.4609375 0.8584506678500102 17337
290 370.6 1.3622486260666864 2.4573887066733384 117.889892578125 0.4609375 0.9292056054724793 20948
300 90.1 59.15561024859537 233.09345693832958 1007.41796875 0.4609375 0.9943008206230485 24654
308 0 0 0 1007.41796875 0.4609375 3.0449108693259666 25555
