10 0.1 170 0 170 170 0 0
20 0.1 174.0 0.0 174 170 170.0 1
30 0.1 155.0 0.0 174 155 172.0 2
40 0.1 388.0 0.0 388 155 166.33333333333334 3
50 0.1 363.0 0.0 388 155 221.75 4
60 0.1 250.0 0.0 388 155 250.0 5
70 0.1 832.0 0.0 832 155 250.0 6
80 0.1 575.0 0.0 832 155 333.14285714285717 7
90 0.1 688.0 0.0 832 155 363.375 8
100 0.1 1398.0 0.0 1398 155 399.44444444444446 9
110 0.1 1241.0 0.0 1398 155 499.3 10
120 0.1 1461.0 0.0 1461 155 566.7272727272727 11
130 0.1 2830.0 0.0 2830 155 641.25 12
140 0.1 2790.0 0.0 2830 155 809.6153846153846 13
150 0.1 2.5e3 0.0 2830 155 951.0714285714286 14
160 0.1 5659.0 0.0 5659 155 1054.3333333333333 15
170 0.1 5595.0 0.0 5659 155 1342.125 16
180 0.1 5570.0 0.0 5659 155 1592.2941176470588 17
190 0.1 10404.0 0.0 10404 155 1813.2777777777778 18
200 0.1 10875.0 0.0 10875 155 2265.4210526315787 19
210 0.1 10781.0 0.0 10875 155 2695.8999999999996 20
220 0.1 20260.0 0.0 20260 155 3080.9047619047615 21
230 0.1 21018.0 0.0 21018 155 3861.7727272727275 22
240 0.1 23276.0 0.0 23276 155 4607.695652173913 23
250 0.1 39506.0 0.0 39506 155 5385.541666666667 24
260 0.1 38594.0 0.0 39506 155 6750.36 25
270 0.1 40286.0 0.0 40286 155 7975.115384615385 26
280 0.1 41549.0 0.0 41549 155 9171.814814814816 27
290 0.1 41287.0 0.0 41549 155 10328.142857142857 28
300 0.1 33394.0 0.0 41549 155 11395.689655172413 29
308 0.1 606.0 0.0 41549 155 12128.966666666667 30
