0 0.8 934.1820068359375 934.4699325647963 2728.11083984375 88.713134765625 0 0
10 0.9 1625.9026421440972 1293.294126249642 4721.14990234375 88.713134765625 934.1820068359375 8
20 1.2 1703.4477132161458 1229.748489806398 4721.14990234375 88.713134765625 1300.3870490579045 17
30 1.5 1765.1263834635417 2145.5230696902004 7401.134033203125 19.0400390625 1467.1707721578664 29
40 2.3 2114.1360500169835 1490.7111792390635 7401.134033203125 19.0400390625 1568.7465487393465 44
50 1.4 2826.0831298828125 4066.0945190319917 16257.199951171875 19.0400390625 1755.9698103719684 67
60 4 1534.3658203125 1283.3090041826365 16257.199951171875 19.0400390625 1940.9276680652006 81
70 3.5 1751.8283482142858 1432.8271420373965 16257.199951171875 19.0400390625 1806.5270572378615 121
80 3.9 1604.93212890625 1986.4481932158 16257.199951171875 19.0400390625 1794.254910982572 156
90 6.1 1813.3923179751544 1913.9593721585147 16257.199951171875 13.093994140625 1756.3903545673077 195
100 7.6 2277.1697644685446 2402.6764032440906 16257.199951171875 13.093994140625 1769.9728536605837 256
110 8.3 1866.212946512613 1959.359747316085 16257.199951171875 10.095947265625 1886.0781705925262 332
120 11.9 2032.2949485458244 1941.462567838544 16257.199951171875 10.095947265625 1882.1051257765437 415
130 17.2 2002.0956789948227 1809.09396307274 16257.199951171875 10.095947265625 1915.5743933974134 534
140 14.5 2165.077017106682 2170.961964248919 16257.199951171875 10.095947265625 1936.6532335146292 706
150 25 1706.0494824218745 1774.3851709718188 16257.199951171875 10.095947265625 1975.5738546907132 851
160 30.3 1969.8019697233392 1981.0056168628305 16257.199951171875 10.095947265625 1914.373951814047 1101
170 33.2 2139.952113140061 2260.5516967235953 16257.199951171875 10.095947265625 1926.335981320112 1404
180 49.9 1869.374980918869 2007.7990120922095 20317.05810546875 10.058837890625 1967.1888360230055 1736
190 62.9 1911.2071216868296 1801.675081617696 20317.05810546875 10.058837890625 1945.350306404677 2235
200 62.3 2009.99108788749 2064.659275104377 20317.05810546875 10.058837890625 1937.851680990038 2864
210 94.6 1795.8638100493024 1841.0942378121356 20317.05810546875 10.058837890625 1950.7403676826427 3487
220 115.8 2018.0918209095694 1915.234202262929 20317.05810546875 10.058837890625 1917.6897871455033 4433
230 129 2057.7622641866537 2088.581084450212 20317.05810546875 10.058837890625 1938.4849141529774 5591
240 189.2 1851.2578025640441 1772.6291737477509 20317.05810546875 10.058837890625 1960.846167102177 6881
250 233.5 2045.1096313737962 1961.2250233662674 22338.18408203125 10.03515625 1937.2121552811182 8773
260 241.9 2082.499527261391 1951.7734915474732 22338.18408203125 10.03515625 1959.8931605634734 11108
270 305.8 2055.550293447773 1836.0532518464706 22338.18408203125 4.988037109375 1981.8185542976541 13527
280 364.1 2306.846275558001 1979.2737546741182 22338.18408203125 4.988037109375 1995.4134688783633 16585
290 360.9 2304.748054992736 2029.9748439826337 22338.18408203125 4.988037109375 2051.476301327714 20226
300 169.7 3142.6751272351044 2412.3366714532617 22338.18408203125 4.988037109375 2089.825693355281 23835
308 2.3 10441.873206097147 1436.5332817672354 22338.18408203125 4.988037109375 2159.803975091693 25532
