0 0.97734375 0.97734375
10 0.97734375 1.9546875
20 1.303125 3.2578125
30 2.171875 5.4296875
40 2.28046875 7.71015625
50 1.41171875 9.121875
60 4.66953125 13.79140625
70 3.909375 17.70078125
80 4.5609375 22.26171875
90 7.49296875 29.7546875
100 7.05859375 36.81328125
110 10.53359375 47.346875
120 14.5515625 61.8984375
130 17.91796875 79.81640625
140 15.4203125 95.23671875
150 31.275 126.51171875
160 33.6640625 160.17578125
170 36.053125 196.22890625
180 59.83515625 256.0640625
190 67.87109375 323.93515625
200 67.7625 391.69765625
210 107.83359375 499.53125
220 129.878125 629.409375
230 139.2171875 768.6265625
240 226.309375 994.9359375
250 257.04140625 1251.97734375
260 258.2359375 1510.21328125
270 372.4765625 1882.68984375
280 392.13203125 2274.821875
290 402.4484375 2677.2703125
300 97.84296875 2775.11328125
308 0 2775.11328125
