0 173.140625 173.140625
10 173.134375 346.275
20 230.8484375 577.1234375
30 384.7359375 961.859375
40 403.98359375 1365.84296875
50 250.08984375 1615.9328125
60 827.19375 2443.1265625
70 692.525 3135.6515625
80 807.9640625 3943.615625
90 1327.3375 5270.953125
100 1250.40625 6521.359375
110 1866.0765625 8387.4359375
120 2577.8 10965.2359375
130 3174.015625 14139.2515625
140 2731.77421875 16871.02578125
150 5540.2796875 22411.30546875
160 5963.46640625 28374.771875
170 6367.43359375 34742.20546875
180 10618.5953125 45360.80078125
190 12022.690625 57383.49140625
200 11965.1421875 69348.63359375
210 19140.55 88489.18359375
220 22988.02421875 111477.2078125
230 24680.871875 136158.0796875
240 39975.465625 176133.5453125
250 44996.6671875 221130.2125
260 46167.96796875 267298.18046875
270 45881.15390625 313179.334375
280 47111.6765625 360291.0109375
290 46613.85 406904.8609375
300 13362.22734375 420267.08828125
308 0 420267.08828125
