0 1.4 9.460902622767858 31.204843658784934 121.969970703125 0.635009765625 0 0
10 1.5 0.991015625 0.899384550424306 121.969970703125 0.635009765625 9.460902622767858 14
20 0.1 0.658935546875 0.0 121.969970703125 0.635009765625 5.079926589439655 29
30 2.2 0.7516313032670454 0.07406162938803713 121.969970703125 0.593017578125 4.932560221354167 30
40 1.8 0.9412434895833334 0.8645524628424884 121.969970703125 0.593017578125 3.1637056790865383 52
50 2 0.71409912109375 0.07550210073687405 121.969970703125 0.593017578125 2.5922154017857144 70
60 3.6 1.0120646158854167 1.000110287967267 121.969970703125 0.56689453125 2.1748562282986112 90
70 4.2 0.7551502046130951 0.10639635591983843 121.969970703125 0.551025390625 1.8426300533234128 126
80 3.2 0.7424545288085938 0.082439278834638 121.969970703125 0.551025390625 1.5707600911458333 168
90 7.6 0.7269415604440791 0.1292768040629048 121.969970703125 0.5419921875 1.438231201171875 200
100 8.9 0.6775066932935395 0.1237420682459169 121.969970703125 0.505859375 1.2423688363337861 276
110 7.7 0.7038130326704546 0.08425891377878772 121.969970703125 0.505859375 1.1046353274828766 365
120 0.6 0.6813557942708334 0.02836146963164605 121.969970703125 0.505859375 1.0348088191105769 442
130 0 0 0 121.969970703125 0.505859375 1.0300750732421875 448
140 0 0 0 121.969970703125 0.505859375 1.0300750732421875 448
150 0 0 0 121.969970703125 0.505859375 1.0300750732421875 448
160 0.1 0.787109375 0.0 121.969970703125 0.505859375 1.0300750732421875 448
170 0.1 0.867919921875 0.0 121.969970703125 0.505859375 1.029533946965479 449
171 0 0 0 121.969970703125 0.505859375 1.0291748046875002 450
