0 0.1 3158.48828125 0 3158.48828125 3158.48828125 0 0
10 0.1 3156.18359375 0.0 3158.48828125 3156.18359375 3158.48828125 1
20 0.1 3156.19140625 0.0 3158.48828125 3156.18359375 3157.3359375 2
30 0.1 3156.23828125 0.0 3158.48828125 3156.18359375 3156.9544270833335 3
40 0.1 3155.8515625 0.0 3158.48828125 3155.8515625 3156.775390625 4
50 0.1 3155.14453125 0.0 3158.48828125 3155.14453125 3156.590625 5
60 0.1 3154.0625 0.0 3158.48828125 3154.0625 3156.349609375 6
70 0.1 3153.109375 0.0 3158.48828125 3153.109375 3156.022879464286 7
80 0.1 3150.94140625 0.0 3158.48828125 3150.94140625 3155.65869140625 8
90 0.1 3150.828125 0.0 3158.48828125 3150.828125 3155.1345486111113 9
100 0.1 3147.66796875 0.0 3158.48828125 3147.66796875 3154.70390625 10
110 0.1 3147.0625 0.0 3158.48828125 3147.0625 3154.064275568182 11
120 0.1 3146.90625 0.0 3158.48828125 3146.90625 3153.4807942708335 12
130 0.1 3145.58203125 0.0 3158.48828125 3145.58203125 3152.975060096154 13
140 0.1 3145.625 0.0 3158.48828125 3145.58203125 3152.4469866071427 14
150 0.1 3148.28125 0.0 3158.48828125 3145.58203125 3151.9921875 15
160 0.1 3148.5 0.0 3158.48828125 3145.58203125 3151.76025390625 16
170 0.1 3148.36328125 0.0 3158.48828125 3145.58203125 3151.568474264706 17
