0 0.1 0.01953125 0 0.01953125 0.01953125 0 0
10 0.1 0.01953125 0.0 0.01953125 0.01953125 0.01953125 1
20 0.1 0.01953125 0.0 0.01953125 0.01953125 0.01953125 2
30 0.1 0.01171875 0.0 0.01953125 0.01171875 0.01953125 3
40 0.1 0.01171875 0.0 0.01953125 0.01171875 0.017578125 4
50 0.1 0.01171875 0.0 0.01953125 0.01171875 0.01640625 5
60 0.1 0.01171875 0.0 0.01953125 0.01171875 0.015625 6
70 0.1 0.01171875 0.0 0.01953125 0.01171875 0.015066964285714286 7
80 0.1 0.01171875 0.0 0.01953125 0.01171875 0.0146484375 8
90 0.1 0.0 0.0 0.01953125 0.0 0.014322916666666666 9
100 0.1 0.078125 0.0 0.078125 0.0 0.012890625 10
110 0.1 0.0703125 0.0 0.078125 0.0 0.018821022727272728 11
120 0.1 0.05859375 0.0 0.078125 0.0 0.023111979166666668 12
130 0.1 0.05078125 0.0 0.078125 0.0 0.025841346153846152 13
140 0.1 0.0390625 0.0 0.078125 0.0 0.027622767857142856 14
150 0.1 0.0390625 0.0 0.078125 0.0 0.028385416666666666 15
160 0.1 0.03125 0.0 0.078125 0.0 0.029052734375 16
170 0.1 0.03125 0.0 0.078125 0.0 0.029181985294117647 17
