0 3.8 13.905665347450656 20.27037959912262 135.64013671875 7.22607421875 0 0
10 6.4 9.776241302490236 3.735213896263325 135.64013671875 6.072998046875 13.905665347450656 38
20 4.4 8.709239612926138 2.314550635770601 135.64013671875 6.072998046875 11.314654181985293 102
30 5.8 11.137838429418103 4.116353749357518 135.64013671875 6.072998046875 10.52946075021404 146
40 9.8 9.642423668686224 3.6914927138749807 135.64013671875 5.68505859375 10.702430874693627 204
50 13 9.262141301081728 3.3013471934862664 135.64013671875 5.68505859375 10.35845502638659 302
60 17.8 9.862289600158004 3.7497893841458123 135.64013671875 5.425048828125 10.028545803493923 432
70 21.1 9.727313434908188 3.516156354317182 135.64013671875 5.425048828125 9.980031698258196 610
80 19.7 9.654497640387053 3.421957653728273 135.64013671875 5.425048828125 9.915082181124394 821
90 33.9 10.217515613477138 3.954311278963428 135.64013671875 5.425048828125 9.864654720883474 1018
100 40.5 10.357429108796307 4.352802285110807 135.64013671875 5.425048828125 9.952804936498252 1357
110 41.7 9.840994196830035 3.6368047166012403 135.64013671875 5.425048828125 10.04580878994928 1762
120 27 8.409893120659726 2.1640013556120787 135.64013671875 5.274169921875 10.006612972909021 2179
130 15.7 23.201632165605094 20.17327772105453 135.64013671875 5.274169921875 9.830576076172676 2449
140 3.3 90.33273407907197 123.46311952021834 516.31591796875 5.274169921875 10.636123200516838 2606
150 2.6 102.48623422475961 120.8592844554885 516.31591796875 5.274169921875 11.632708330866333 2639
160 1.5 66.473876953125 102.14062833641574 516.31591796875 5.274169921875 12.519084193245778 2665
170 0.8 8.507720947265625 0.594996323031947 516.31591796875 5.274169921875 12.821069973618236 2680
171 0 0 0 516.31591796875 5.274169921875 12.808232625325521 2688
