10 0.1 287 0 287 287 0 0
20 0.1 438.0 0.0 438 287 287.0 1
30 0.1 171.0 0.0 438 171 362.5 2
40 0.1 435.0 0.0 438 171 298.6666666666667 3
50 0.1 579.0 0.0 579 171 332.75 4
60 0.1 764.0 0.0 764 171 382.0 5
70 0.1 1072.0 0.0 1072 171 445.6666666666667 6
80 0.1 1265.0 0.0 1265 171 535.1428571428571 7
90 0.1 1209.0 0.0 1265 171 626.375 8
100 0.1 2126.0 0.0 2126 171 691.1111111111111 9
110 0.1 2450.0 0.0 2450 171 834.6 10
120 0.1 2534.0 0.0 2534 171 981.4545454545455 11
130 0.1 982.0 0.0 2534 171 1110.8333333333333 12
140 0.1 610.0 0.0 2534 171 1100.923076923077 13
150 0.1 115.0 0.0 2534 115 1065.857142857143 14
160 0.1 106.0 0.0 2534 106 1002.4666666666667 15
170 0.1 76.0 0.0 2534 76 946.4375 16
