90 3.3 33
100 38.3 416
110 71.6 1132
120 79 1922
130 58.5 2507
140 34 2847
150 16.1 3008
160 10.5 3113
170 8.7 3200
180 7.4 3274
190 0.9 3283
200 0.5 3288
210 1.7 3305
220 6.9 3374
230 1.2 3386
240 0 3386
250 0 3386
260 0 3386
270 0 3386
280 0.1 3387
290 0 3387
300 0 3387
310 0 3387
320 0 3387
330 0 3387
340 0 3387
350 0 3387
360 0 3387
370 0 3387
380 0 3387
390 0 3387
400 0 3387
410 0 3387
420 0 3387
430 0 3387
440 0 3387
450 0 3387
460 0 3387
470 0 3387
480 0 3387
490 0 3387
500 0 3387
510 0 3387
520 0 3387
530 0 3387
540 0 3387
550 0 3387
553 0 3387
