0 6 6
10 14 8
20 23 9
30 44 21
40 67 23
50 83 16
60 115 32
70 150 35
80 191 41
90 251 60
100 326 75
110 381 55
120 369 -12
130 320 -49
140 274 -46
150 249 -25
160 236 -13
170 229 -7
180 218 -11
190 212 -6
200 205 -7
210 200 -5
220 194 -6
230 187 -7
240 185 -2
250 179 -6
260 173 -6
270 165 -8
280 162 -3
290 155 -7
300 151 -4
310 149 -2
320 142 -7
330 137 -5
340 131 -6
350 129 -2
360 126 -3
370 120 -6
380 113 -7
390 105 -8
400 98 -7
410 97 -1
420 93 -4
430 90 -3
440 81 -9
450 69 -12
460 61 -8
470 50 -11
480 41 -9
490 35 -6
500 29 -6
510 25 -4
520 23 -2
530 19 -4
540 5 -14
550 1 -4
553 0 -1
