0 0.6 21.8284912109375 45.3121039721294 123.14794921875 1.2099609375 0 0
10 0.8 1.576171875 0.46779611807293403 123.14794921875 1.2021484375 21.8284912109375 6
20 0.9 1.8771158854166667 1.5097392262087386 123.14794921875 1.10205078125 10.2557373046875 14
30 2.1 1.3856259300595237 0.28973097929143715 123.14794921875 1.027099609375 6.977146314538044 23
40 2.3 1.5705672554347827 0.699266579787607 123.14794921875 0.988037109375 4.308466131036932 44
50 1.7 1.7333122702205883 0.8965140783667795 123.14794921875 0.988037109375 3.3685903976212686 67
60 3.2 2.3688278198242188 4.560639655839648 123.14794921875 0.988037109375 3.0376412527901784 84
70 3.5 2.0086704799107142 1.8500036136225795 123.14794921875 0.988037109375 2.8531409954202585 116
80 4.2 2.0370279947916674 2.3880787046224463 123.14794921875 0.9541015625 2.657402796461093 151
90 6.1 1.5131635822233607 0.5440674127513629 123.14794921875 0.9541015625 2.522398953610751 193
100 7.9 1.6119152986550636 0.8092678113368047 123.14794921875 0.925048828125 2.280023529773622 254
110 6.8 1.8582871380974266 1.4809289468534006 123.14794921875 0.925048828125 2.1215233788475976 333
120 2.8 2.5988071986607144 5.177082372381611 123.14794921875 0.925048828125 2.076884814331359 401
130 0 0 0 123.14794921875 0.925048828125 2.1109496785766315 429
140 0 0 0 123.14794921875 0.925048828125 2.1109496785766315 429
150 0 0 0 123.14794921875 0.925048828125 2.1109496785766315 429
160 0 0 0 123.14794921875 0.925048828125 2.1109496785766315 429
170 0 0 0 123.14794921875 0.925048828125 2.1109496785766315 429
180 0 0 0 123.14794921875 0.925048828125 2.1109496785766315 429
190 0 0 0 123.14794921875 0.925048828125 2.1109496785766315 429
200 0 0 0 123.14794921875 0.925048828125 2.1109496785766315 429
210 0 0 0 123.14794921875 0.925048828125 2.1109496785766315 429
220 0 0 0 123.14794921875 0.925048828125 2.1109496785766315 429
230 0 0 0 123.14794921875 0.925048828125 2.1109496785766315 429
240 0 0 0 123.14794921875 0.925048828125 2.1109496785766315 429
250 0 0 0 123.14794921875 0.925048828125 2.1109496785766315 429
260 0 0 0 123.14794921875 0.925048828125 2.1109496785766315 429
270 0 0 0 123.14794921875 0.925048828125 2.1109496785766315 429
280 0 0 0 123.14794921875 0.925048828125 2.1109496785766315 429
290 0 0 0 123.14794921875 0.925048828125 2.1109496785766315 429
300 0 0 0 123.14794921875 0.925048828125 2.1109496785766315 429
310 0 0 0 123.14794921875 0.925048828125 2.1109496785766315 429
320 0 0 0 123.14794921875 0.925048828125 2.1109496785766315 429
330 0 0 0 123.14794921875 0.925048828125 2.1109496785766315 429
340 0 0 0 123.14794921875 0.925048828125 2.1109496785766315 429
350 0 0 0 123.14794921875 0.925048828125 2.1109496785766315 429
360 0 0 0 123.14794921875 0.925048828125 2.1109496785766315 429
370 0 0 0 123.14794921875 0.925048828125 2.1109496785766315 429
380 0 0 0 123.14794921875 0.925048828125 2.1109496785766315 429
390 0 0 0 123.14794921875 0.925048828125 2.1109496785766315 429
400 0 0 0 123.14794921875 0.925048828125 2.1109496785766315 429
410 0 0 0 123.14794921875 0.925048828125 2.1109496785766315 429
420 0 0 0 123.14794921875 0.925048828125 2.1109496785766315 429
430 0 0 0 123.14794921875 0.925048828125 2.1109496785766315 429
440 0 0 0 123.14794921875 0.925048828125 2.1109496785766315 429
450 0 0 0 123.14794921875 0.925048828125 2.1109496785766315 429
460 0 0 0 123.14794921875 0.925048828125 2.1109496785766315 429
470 0 0 0 123.14794921875 0.925048828125 2.1109496785766315 429
480 0 0 0 123.14794921875 0.925048828125 2.1109496785766315 429
490 0 0 0 123.14794921875 0.925048828125 2.1109496785766315 429
500 0 0 0 123.14794921875 0.925048828125 2.1109496785766315 429
510 0 0 0 123.14794921875 0.925048828125 2.1109496785766315 429
520 0 0 0 123.14794921875 0.925048828125 2.1109496785766315 429
530 0 0 0 123.14794921875 0.925048828125 2.1109496785766315 429
540 0 0 0 123.14794921875 0.925048828125 2.1109496785766315 429
550 0 0 0 123.14794921875 0.925048828125 2.1109496785766315 429
553 0 0 0 123.14794921875 0.925048828125 2.1109496785766315 429
