0 0 0
10 0 0
20 0 0
30 0 0
40 0 0
50 0.1 1
60 0 1
70 0 1
80 0.1 2
90 0.1 3
100 0.5 8
110 1.2 20
120 4 60
130 4.9 109
140 4.6 155
150 2.5 180
160 1.3 193
170 0.7 200
180 1.1 211
190 0.6 217
200 0.7 224
210 0.5 229
220 0.6 235
230 0.8 243
240 0.1 244
250 0.6 250
260 0.6 256
270 0.8 264
280 0.3 267
290 0.7 274
300 0.4 278
310 0.2 280
320 0.7 287
330 0.5 292
340 0.6 298
350 0.2 300
360 0.3 303
370 0.7 310
380 0.6 316
390 0.8 324
400 0.7 331
410 0.1 332
420 0.4 336
430 0.3 339
440 0.9 348
450 1.2 360
460 0.9 369
470 1 379
480 0.9 388
490 0.6 394
500 0.6 400
510 0.4 404
520 0.2 406
530 0.4 410
540 1.4 424
550 0.4 428
553 0.1 429
