0 1.3 65.45348182091347 49.03456292792883 169.800048828125 18.59521484375 0 0
10 3.3 737.1458481297349 1573.313902139919 4957.9560546875 18.59521484375 65.45348182091347 13
20 5.2 663.1556020883413 1823.698598782342 8150.089111328125 18.59521484375 547.3197446076766 46
30 5.4 4065.8238661024307 3249.4391811761557 12578.491943359375 18.59521484375 608.7836689851722 98
40 8.1 3319.2970920138887 3601.8667403617096 15260.4150390625 18.59521484375 1836.942686382093 152
50 2.9 8629.407824286101 3856.6611976942763 15260.4150390625 18.59521484375 2352.2676085116013 233
60 5 15103.11248046875 2581.0723676258904 19832.9130859375 18.59521484375 3047.065571326336 262
70 9 11690.39466688368 6695.002300235668 28154.159912109375 18.59521484375 4979.12437086839 312
80 13.2 11828.199836499763 3381.2252874530836 28288.578125 18.59521484375 6481.647571468828 402
90 11.6 8975.836714119749 6735.710471250867 28288.578125 1.5849609375 7803.26723248771 534
100 47.4 3000.432983398438 6236.287714187228 28288.578125 1.35888671875 8012.525786132813 650
110 79.3 1892.6831116261442 5878.870213261479 29657.614990234375 1.23193359375 5898.885226972587 1124
120 83.7 1478.3039813298064 6107.682549651482 35734.48388671875 1.23193359375 4241.6508620953155 1917
130 61.2 1563.2304775262978 7294.789303417049 40923.758056640625 1.23193359375 3401.810143431288 2754
140 36.5 2685.686698683649 9960.543357050914 49264.47705078125 1.23193359375 3067.5229314485623 3366
150 22.3 12799.058717462514 20748.931192174747 59262.945068359375 1.23193359375 3030.1682745310623 3731
160 13.7 12652.633621549952 22976.6456897967 59858.5478515625 1.23193359375 3581.1198599568875 3954
170 13.3 19521.4335809005 26885.844386932742 59972.406982421875 1.23193359375 3884.9080255247804 4091
180 10.5 16186.686030505945 25077.08165462102 59972.406982421875 1.23193359375 4377.25127809698 4224
190 4.4 43562.632235440324 22328.573948299552 59972.406982421875 1.23193359375 4663.689404454786 4329
200 3.1 45265.71330015121 20248.71739325626 59997.629150390625 1.23193359375 5055.080551164909 4373
210 8.4 41942.55326915922 22424.091627686965 59997.629150390625 1.23193359375 5338.125422922078 4404
220 10.1 17274.690606145574 25520.721392839598 59997.629150390625 1.23193359375 6023.235035017425 4488
230 3.9 35966.78494966947 24435.28827500373 59997.629150390625 1.23193359375 6270.870034512727 4589
240 3.4 55471.90718347886 5547.524475286496 59997.629150390625 1.23193359375 6521.116508516858 4628
250 2.8 57086.85604422433 4050.478228827803 59997.629150390625 1.23193359375 6878.114981907829 4662
260 2.1 58273.245884486605 2867.5297291147635 59997.629150390625 1.23193359375 7177.8686598918075 4690
270 5.7 55479.91497909814 5183.451234475442 59997.629150390625 1.23193359375 7405.634085855826 4711
280 2.2 51463.77402565696 13035.847038291864 59997.629150390625 1.23193359375 7980.3475948564155 4768
290 4.9 53274.10045141103 7955.615832028676 59997.629150390625 1.23193359375 8180.062705812076 4790
300 2 52063.176696777344 8862.691914553196 59997.629150390625 1.23193359375 8636.687597222357 4839
310 3.4 49247.36809943704 7903.658895172736 59997.629150390625 1.23193359375 8815.434208045797 4859
320 2.5 47874.27201171875 10063.874036501866 59997.629150390625 1.23193359375 9096.383677146003 4893
330 3.4 51655.610847024356 8916.947148141697 59997.629150390625 1.23193359375 9293.505923661724 4918
340 4.1 43140.35126476753 11121.176714186018 59997.629150390625 1.23193359375 9584.36044050226 4952
350 2.8 47558.151986258374 9741.294656921586 59997.629150390625 1.23193359375 9859.905328103876 4993
360 4.8 40038.63728332519 7207.009315599778 59997.629150390625 1.23193359375 10070.132555036425 5021
370 3.4 38161.7137594784 10116.957685909174 59997.629150390625 1.23193359375 10353.91401626307 5069
380 7.7 26965.982510653408 9365.094514875107 59997.629150390625 1.23193359375 10539.190361798896 5103
390 3.9 22510.689158904246 9823.13686555933 59997.629150390625 1.23193359375 10783.372407254841 5180
400 4 17859.60416870117 6993.885804899256 59997.629150390625 1.23193359375 10871.00707928288 5219
410 2.3 18622.70905867867 6066.794420561725 59997.629150390625 1.23193359375 10924.162409873625 5259
420 3.3 22926.716922644413 9850.437089162191 59997.629150390625 1.23193359375 10957.685047685536 5282
430 2.5 30963.91983398438 14199.945105828194 59997.629150390625 1.23193359375 11031.998886231846 5315
440 2.1 35449.1694452195 17174.400513924214 59997.629150390625 1.23193359375 11125.313122878626 5340
450 3.1 29465.98912392893 23652.300743073793 59997.629150390625 1.23193359375 11220.594037403744 5361
460 2.1 33149.59937686012 27986.798080212015 59997.629150390625 1.23193359375 11325.491523991705 5392
470 2.4 47230.42672729492 7245.444894973706 59997.629150390625 1.23193359375 11410.15922488035 5413
480 2.2 35325.59250710228 7539.143927338789 59997.629150390625 1.23193359375 11568.277014113006 5437
490 2.5 25595.543505859376 9442.275140120924 59997.629150390625 1.23193359375 11664.019996499113 5459
500 2.5 18173.004912109376 7845.698942353184 59997.629150390625 1.23193359375 11727.529859324424 5484
510 2.3 12798.623651919157 6708.666527319329 59997.629150390625 1.23193359375 11756.779609972386 5509
520 0.5 17708.632421875 5746.339160721561 59997.629150390625 1.23193359375 11761.111210291398 5532
530 1.2 17211.937072753906 3673.119430487439 59997.629150390625 1.23193359375 11766.481917544046 5537
540 2.1 12388.906808035714 9749.278423227754 59997.629150390625 1.23193359375 11778.257996452412 5549
550 0.7 7607.234270368303 10243.957928200085 59997.629150390625 1.23193359375 11780.560263066998 5570
553 0 0 0 59997.629150390625 1.23193359375 11775.322091657838 5577
