10 0.1 2159 0 2159 2159 0 0
20 0.1 6691.0 0.0 6691 2159 2159.0 1
30 0.1 7741.0 0.0 7741 2159 4425.0 2
40 0.1 10579.0 0.0 10579 2159 5530.333333333333 3
50 0.1 12582.0 0.0 12582 2159 6792.5 4
60 0.1 8258.0 0.0 12582 2159 7950.4 5
70 0.1 9449.0 0.0 12582 2159 8001.666666666667 6
80 0.1 14302.0 0.0 14302 2159 8208.42857142857 7
90 0.1 21067.0 0.0 21067 2159 8970.125 8
100 0.1 11330.0 0.0 21067 2159 10314.222222222223 9
110 0.1 14743.0 0.0 21067 2159 10415.8 10
120 0.1 14004.0 0.0 21067 2159 10809.181818181818 11
130 0.1 8694.0 0.0 21067 2159 11075.416666666666 12
140 0.1 8212.0 0.0 21067 2159 10892.23076923077 13
150 0.1 6405.0 0.0 21067 2159 10700.785714285714 14
160 0.1 9904.0 0.0 21067 2159 10414.4 15
170 0.1 4120.0 0.0 21067 2159 10382.5 16
180 0.1 4383.0 0.0 21067 2159 10014.117647058823 17
190 0.1 2151.0 0.0 21067 2151 9701.277777777777 18
200 0.1 2781.0 0.0 21067 2151 9303.894736842105 19
210 0.1 5034.0 0.0 21067 2151 8977.75 20
220 0.1 900.0 0.0 21067 900 8789.952380952382 21
230 0.1 4862.0 0.0 21067 900 8431.318181818182 22
240 0.1 1367.0 0.0 21067 900 8276.130434782608 23
250 0.1 1938.0 0.0 21067 900 7988.25 24
260 0.1 2067.0 0.0 21067 900 7746.24 25
270 0.1 1787.0 0.0 21067 900 7527.807692307692 26
280 0.1 2707.0 0.0 21067 900 7315.185185185185 27
290 0.1 2411.0 0.0 21067 900 7150.607142857143 28
300 0.1 2815.0 0.0 21067 900 6987.172413793103 29
310 0.1 2011.0 0.0 21067 900 6848.1 30
320 0.1 5238.0 0.0 21067 900 6692.064516129032 31
330 0.1 3798.0 0.0 21067 900 6646.625 32
340 0.1 4450.0 0.0 21067 900 6560.30303030303 33
350 0.1 2247.0 0.0 21067 900 6498.235294117647 34
360 0.1 5085.0 0.0 21067 900 6376.771428571428 35
370 0.1 9541.0 0.0 21067 900 6340.888888888889 36
380 0.1 7062.0 0.0 21067 900 6427.378378378378 37
390 0.1 12236.0 0.0 21067 900 6444.078947368421 38
400 0.1 8496.0 0.0 21067 900 6592.589743589743 39
410 0.1 5669.0 0.0 21067 900 6640.175 40
420 0.1 3541.0 0.0 21067 900 6616.487804878048 41
430 0.1 4424.0 0.0 21067 900 6543.261904761905 42
440 0.1 6251.0 0.0 21067 900 6493.976744186047 43
450 0.1 6241.0 0.0 21067 900 6488.454545454545 44
460 0.1 1793.0 0.0 21067 900 6482.955555555555 45
470 0.1 1117.0 0.0 21067 900 6381.0 46
480 0.1 3062.0 0.0 21067 900 6269.0 47
490 0.1 4574.0 0.0 21067 900 6202.1875 48
500 0.1 3316.0 0.0 21067 900 6168.959183673469 49
510 0.1 2459.0 0.0 21067 900 6111.9 50
520 0.1 2136.0 0.0 21067 900 6040.274509803921 51
530 0.1 4506.0 0.0 21067 900 5965.192307692308 52
540 0.1 2527.0 0.0 21067 900 5937.66037735849 53
550 0.1 2275.0 0.0 21067 900 5874.5 54
