10 0.1 1163 0 1163 1163 0 0
20 0.1 3449.0 0.0 3449 1163 1163.0 1
30 0.1 4048.0 0.0 4048 1163 2306.0 2
40 0.1 5634.0 0.0 5634 1163 2886.6666666666665 3
50 0.1 6662.0 0.0 6662 1163 3573.5 4
60 0.1 4205.0 0.0 6662 1163 4191.2 5
70 0.1 5054.0 0.0 6662 1163 4193.5 6
80 0.1 7429.0 0.0 7429 1163 4316.428571428572 7
90 0.1 11146.0 0.0 11146 1163 4705.5 8
100 0.1 6197.0 0.0 11146 1163 5421.111111111111 9
110 0.1 8536.0 0.0 11146 1163 5498.7 10
120 0.1 8639.0 0.0 11146 1163 5774.818181818182 11
130 0.1 5729.0 0.0 11146 1163 6013.5 12
140 0.1 5041.0 0.0 11146 1163 5991.615384615385 13
150 0.1 3786.0 0.0 11146 1163 5923.714285714285 14
160 0.1 5147.0 0.0 11146 1163 5781.2 15
170 0.1 2170.0 0.0 11146 1163 5741.5625 16
180 0.1 2557.0 0.0 11146 1163 5531.470588235294 17
190 0.1 1287.0 0.0 11146 1163 5366.222222222223 18
200 0.1 1465.0 0.0 11146 1163 5151.526315789473 19
210 0.1 2725.0 0.0 11146 1163 4967.2 20
220 0.1 556.0 0.0 11146 556 4860.428571428572 21
230 0.1 2582.0 0.0 11146 556 4664.772727272727 22
240 0.1 777.0 0.0 11146 556 4574.217391304348 23
250 0.1 1060.0 0.0 11146 556 4416.0 24
260 0.1 1084.0 0.0 11146 556 4281.76 25
270 0.1 985.0 0.0 11146 556 4158.7692307692305 26
280 0.1 1481.0 0.0 11146 556 4041.222222222222 27
290 0.1 1290.0 0.0 11146 556 3949.785714285714 28
300 0.1 1543.0 0.0 11146 556 3858.0689655172414 29
310 0.1 1070.0 0.0 11146 556 3780.9 30
320 0.1 2773.0 0.0 11146 556 3693.451612903226 31
330 0.1 2023.0 0.0 11146 556 3664.6875 32
340 0.1 2424.0 0.0 11146 556 3614.939393939394 33
350 0.1 1179.0 0.0 11146 556 3579.9117647058824 34
360 0.1 2650.0 0.0 11146 556 3511.3142857142857 35
370 0.1 4889.0 0.0 11146 556 3487.3888888888887 36
380 0.1 3642.0 0.0 11146 556 3525.2702702702704 37
390 0.1 6210.0 0.0 11146 556 3528.342105263158 38
400 0.1 4449.0 0.0 11146 556 3597.102564102564 39
410 0.1 2868.0 0.0 11146 556 3618.4 40
420 0.1 1842.0 0.0 11146 556 3600.0975609756097 41
430 0.1 2359.0 0.0 11146 556 3558.2380952380954 42
440 0.1 3203.0 0.0 11146 556 3530.3488372093025 43
450 0.1 3139.0 0.0 11146 556 3522.909090909091 44
460 0.1 1002.0 0.0 11146 556 3514.3777777777777 45
470 0.1 632.0 0.0 11146 556 3459.7608695652175 46
480 0.1 1595.0 0.0 11146 556 3399.595744680851 47
490 0.1 2369.0 0.0 11146 556 3362.0 48
500 0.1 1678.0 0.0 11146 556 3341.734693877551 49
510 0.1 1331.0 0.0 11146 556 3308.46 50
520 0.1 1122.0 0.0 11146 556 3269.6862745098038 51
530 0.1 2233.0 0.0 11146 556 3228.3846153846152 52
540 0.1 1335.0 0.0 11146 556 3209.603773584906 53
550 0.1 1168.0 0.0 11146 556 3174.8888888888887 54
