50 0.1 51394.527099609375 0 51394.527099609375 51394.527099609375 0 0
60 0 0 0 51394.527099609375 51394.527099609375 51394.527099609375 1
70 0 0 0 51394.527099609375 51394.527099609375 51394.527099609375 1
80 0.1 74596.18994140625 0.0 74596.18994140625 51394.527099609375 51394.527099609375 1
90 0.1 81231.18310546875 0.0 81231.18310546875 51394.527099609375 62995.35852050781 2
100 0.5 95378.76298828125 6953.87266392779 103409.21704101563 51394.527099609375 69073.9667154948 3
110 1.2 66555.24912516277 20798.131059928746 103409.21704101563 13215.199951171875 85514.46438598633 8
120 4 58744.03651123047 28364.232810833142 116729.125 13215.199951171875 74138.93522949218 20
130 4.9 46733.03189273757 24883.535803852345 122587.09008789063 13215.199951171875 63875.66941731771 60
140 4.6 43423.76538616678 16841.268018629606 122587.09008789063 13215.199951171875 56169.346126451404 109
150 2.5 75744.58260742185 35052.77471467145 139581.19897460938 13215.199951171875 52386.78668094758 155
160 1.3 84685.91449444111 28195.25810857944 139581.19897460938 13215.199951171875 55630.92500406901 180
170 0.7 99059.19813755581 29137.07745873348 145564.1708984375 13215.199951171875 57587.996835026715 193
180 1.1 106790.23746004971 29387.96335251154 157299.17407226563 13215.199951171875 59039.48888061524 200
190 0.6 114081.96936035156 35887.21757589975 157299.17407226563 13215.199951171875 61528.86439897438 211
200 0.7 116025.1267438616 31777.60152034196 185350.7109375 13215.199951171875 62981.9456421461 217
210 0.5 146139.35278320313 20940.099275246914 185350.7109375 13215.199951171875 64639.54505157471 224
220 0.6 141080.85892740884 21182.18278336486 185350.7109375 13215.199951171875 66419.01683610807 229
230 0.8 146883.80545043945 15064.503379791639 185350.7109375 13215.199951171875 68325.27663418383 235
240 0.1 128385.20581054688 0.0 185350.7109375 13215.199951171875 70911.56564871076 243
250 0.6 149614.38549804688 12255.84598092693 185350.7109375 13215.199951171875 71147.11335429206 244
260 0.6 164449.1729736328 22618.500222652958 198365.11791992188 13215.199951171875 73030.32788574217 250
270 0.8 187934.91055297852 23944.089794423267 219947.15502929688 13215.199951171875 75172.95706748961 256
280 0.3 229126.21931966147 27275.654874734173 253556.18212890625 13215.199951171875 78589.98596098927 264
290 0.7 217971.4442313058 26821.08087052453 263489.080078125 13215.199951171875 80281.4043133339 267
300 0.4 191375.6893310547 7135.955390389853 263489.080078125 13215.199951171875 83799.03307036238 274
310 0.2 207893.2264404297 12418.033569335938 263489.080078125 13215.199951171875 85346.89862807018 278
320 0.7 258651.31288364955 36434.30983870868 291645.19287109375 13215.199951171875 86222.2295410156 280
330 0.5 241886.78403320312 15370.699686520824 291645.19287109375 13215.199951171875 90427.81693961643 287
340 0.6 244895.14416503906 14648.404741254857 291645.19287109375 13215.199951171875 93021.2924035477 292
350 0.2 236408.291015625 2415.181884765625 291645.19287109375 13215.199951171875 96079.15519069183 298
360 0.3 280577.85530598956 20554.78362408706 306441.18798828125 13215.199951171875 97014.68276285805 300
370 0.7 295755.58551897324 24245.717676327 330075.1989746094 13215.199951171875 98832.13991675044 303
380 0.6 306073.30411783856 34070.78596777618 354970.07177734375 13215.199951171875 103278.79836583289 310
390 0.8 308347.18350219727 17963.865662108943 354970.07177734375 13215.199951171875 107129.32695606085 316
400 0.7 327739.45169503347 25532.126117190383 367385.2150878906 13215.199951171875 112097.66909300248 324
410 0.1 306523.23486328125 0.0 367385.2150878906 13215.199951171875 116658.06932929921 331
420 0.4 335205.1848144531 27198.889855250054 380160.169921875 13215.199951171875 117229.95235801603 332
430 0.3 335704.84228515625 14387.47082169367 380160.169921875 13215.199951171875 119824.89560154504 336
440 0.9 349763.07237413194 21283.971439948986 386267.1728515625 13215.199951171875 121735.3376075947 339
450 1.2 351988.7578531901 13956.455700137629 386267.1728515625 13215.199951171875 127632.60661017755 348
460 0.9 362556.73480902775 21550.846801496657 419151.18896484375 13215.199951171875 135111.14498494464 360
470 1 371175.4903076172 12410.101406940692 419151.18896484375 13215.199951171875 140658.59839528814 369
480 0.9 396027.9476453993 15510.864247568225 419151.18896484375 13215.199951171875 146740.83828743402 379
490 0.6 404278.6406656901 24512.206238512175 434417.0920410156 13215.199951171875 152523.271236459 388
500 0.6 412197.4358723958 17266.61457400159 447172.1630859375 13215.199951171875 156357.1093495945 394
510 0.4 424058.45251464844 29481.42928515308 468754.14208984375 13215.199951171875 160194.71424743652 400
520 0.2 455972.1658935547 1414.9830322265625 468754.14208984375 13215.199951171875 162807.22650750793 404
530 0.4 454775.65197753906 16420.077476612027 481847.1970214844 13215.199951171875 164251.3887704934 406
540 1.4 442495.6852155413 18393.511137319878 492033.208984375 13215.199951171875 167085.77182617187 410
550 0.4 440252.46130371094 8656.26212353416 492033.208984375 13215.199951171875 176179.49538148125 424
553 0.1 454164.19091796875 0.0 492033.208984375 13215.199951171875 178647.46702561423 428
