0 1600.84140625 1600.84140625
10 6783.8578125 8384.69921875
20 10051.409375 18436.10859375
30 9640.4953125 28076.60390625
40 15111.040625 43187.64453125
50 8699.996875 51887.64140625
60 9090.63125 60978.27265625
70 16703.065625 77681.33828125
80 21620.61484375 99301.953125
90 14539.86953125 113841.82265625
100 13347.98515625 127189.8078125
110 15159.37421875 142349.18203125
120 11108.0796875 153457.26171875
130 5972.7328125 159429.99453125
140 7594.45546875 167024.45
150 12077.35 179101.8
160 6006.2703125 185108.0703125
170 3562.0234375 188670.09375
180 2658.76640625 191328.86015625
190 3752.69296875 195081.553125
200 2642.22734375 197723.78046875
210 3796.2890625 201520.06953125
220 4142.46171875 205662.53125
230 2658.65859375 208321.18984375
240 2113.94609375 210435.1359375
250 1094.2703125 211529.40625
260 1646.58203125 213175.98828125
270 4272.65390625 217448.6421875
280 1771.39765625 219220.03984375
290 3452.1296875 222672.16953125
300 2298.309375 224970.47890625
310 5299.284375 230269.76328125
320 2062.81328125 232332.5765625
330 4548.56484375 236881.14140625
340 4783.696875 241664.83828125
350 4307.3 245972.13828125
360 9036.6609375 255008.79921875
370 8183.6375 263192.43671875
380 12629.96953125 275822.40625
390 8583.5296875 284405.9359375
400 6175.078125 290581.0140625
410 7998.5625 298579.5765625
420 5082.36171875 303661.93828125
430 5396.30625 309058.24453125
440 6560.07890625 315618.3234375
450 4459.8390625 320078.1625
460 991.790625 321069.953125
470 1434.2640625 322504.2171875
480 3322.7515625 325826.96875
490 4905.715625 330732.684375
500 5499.8453125 336232.5296875
510 2668.475 338901.0046875
520 2286.50078125 341187.50546875
530 3665.3609375 344852.86640625
540 3510.12734375 348362.99375
550 1565.4328125 349928.4265625
553 0 349928.4265625
