0 7 7
10 14 14
20 23 23
30 44 44
40 69 69
50 83 83
60 117 117
70 151 151
80 191 191
90 254 254
100 329 329
110 382 382
120 369 404
130 320 404
140 274 404
150 249 404
160 236 404
170 229 404
180 218 404
190 212 404
200 205 404
210 200 404
220 194 404
230 186 404
240 185 404
250 179 404
260 173 404
270 165 404
280 162 404
290 155 404
300 151 404
310 149 404
320 142 404
330 137 404
340 131 404
350 129 404
360 126 404
370 119 404
380 113 404
390 105 404
400 98 404
410 97 404
420 93 404
430 90 404
440 81 404
450 69 404
460 60 404
470 50 404
480 41 404
490 35 404
500 29 404
510 25 404
520 23 404
530 19 404
540 5 404
550 1 404
553 0 404
