0 0.5 35.92236328125 67.86564963956378 171.640869140625 1.303955078125 0 0
10 0.9 1.2870279947916667 0.13434317160108672 171.640869140625 1.02099609375 35.92236328125 5
20 1.6 1.274871826171875 0.1167710175166803 171.640869140625 1.02099609375 13.656790597098214 14
30 1.4 1.7452566964285714 0.9229563668494529 171.640869140625 1.02099609375 7.0531005859375 30
40 2.3 1.563932999320652 0.8178103282160464 171.640869140625 1.02099609375 5.364241166548296 44
50 2.3 1.3148883322010867 0.3533978231830555 171.640869140625 0.98388671875 4.059657765858209 67
60 3.2 1.694732666015625 1.8624055859598172 171.640869140625 0.98388671875 3.3582166883680555 90
70 3.6 1.4160834418402777 0.3589778198554643 171.640869140625 0.93798828125 2.9218930103739753 122
80 5 1.3705078125000003 0.5352304671677605 171.640869140625 0.892822265625 2.5787971593156644 158
90 6.4 1.6687240600585938 1.6201090290622673 171.640869140625 0.873046875 2.288342989408053 208
100 8.6 1.4430669740188948 0.5362461097481354 171.640869140625 0.873046875 2.1425503001493564 272
110 9.1 1.3437687800480769 0.6020806621638087 171.640869140625 0.873046875 1.9745179927548884 358
120 0.1 2.2509765625 0.0 171.640869140625 0.873046875 1.8466824062152005 449
130 0 0 0 171.640869140625 0.873046875 1.8475808376736111 450
140 0 0 0 171.640869140625 0.873046875 1.8475808376736111 450
150 0 0 0 171.640869140625 0.873046875 1.8475808376736111 450
160 0 0 0 171.640869140625 0.873046875 1.8475808376736111 450
170 0 0 0 171.640869140625 0.873046875 1.8475808376736111 450
180 0 0 0 171.640869140625 0.873046875 1.8475808376736111 450
190 0 0 0 171.640869140625 0.873046875 1.8475808376736111 450
200 0 0 0 171.640869140625 0.873046875 1.8475808376736111 450
210 0 0 0 171.640869140625 0.873046875 1.8475808376736111 450
220 0 0 0 171.640869140625 0.873046875 1.8475808376736111 450
230 0 0 0 171.640869140625 0.873046875 1.8475808376736111 450
240 0 0 0 171.640869140625 0.873046875 1.8475808376736111 450
250 0 0 0 171.640869140625 0.873046875 1.8475808376736111 450
260 0 0 0 171.640869140625 0.873046875 1.8475808376736111 450
270 0 0 0 171.640869140625 0.873046875 1.8475808376736111 450
280 0.1 59.484130859375 0.0 171.640869140625 0.873046875 1.8475808376736111 450
286 0 0 0 171.640869140625 0.873046875 1.9753780661031042 451
