0 0.1 2.600676502103666 0 2.600676502103666 2.600676502103666 0 0
10 0.1 2.549019607843137 0.0 2.600676502103666 2.549019607843137 2.600676502103666 1
20 0.1 2.9585798816568047 0.0 2.9585798816568047 2.549019607843137 2.5748480549734016 2
30 0.1 4.532019704433497 0.0 4.532019704433497 2.549019607843137 2.70275866386787 3
40 0.1 4.509803921568627 0.0 4.532019704433497 2.549019607843137 3.160073924009277 4
50 0.1 3.758654797230465 0.0 4.532019704433497 2.549019607843137 3.4300199235211464 5
60 0.1 8.227228207639568 0.0 8.227228207639568 2.549019607843137 3.4847924024726997 6
70 0.1 5.2114060963618485 0.0 8.227228207639568 2.549019607843137 4.1622832317822525 7
80 0.1 4.2281219272369714 0.0 8.227228207639568 2.549019607843137 4.293423589854702 8
90 0.1 3.937007874015748 0.0 8.227228207639568 2.549019607843137 4.286167849563842 9
100 0.1 8.652900688298919 0.0 8.652900688298919 2.549019607843137 4.251251852009032 10
110 0.1 17.02127659574468 0.0 17.02127659574468 2.549019607843137 4.651401746217204 11
120 0.1 10.896817743490839 0.0 17.02127659574468 2.549019607843137 5.682224650344494 12
130 0.1 7.662463627546072 0.0 17.02127659574468 2.549019607843137 6.083347195971137 13
140 0.1 6.73828125 0.0 17.02127659574468 2.549019607843137 6.196141226797918 14
150 0.1 6.947162426614481 0.0 17.02127659574468 2.549019607843137 6.23228389501139 15
160 0.1 4.523107177974435 0.0 17.02127659574468 2.549019607843137 6.276963803236583 16
170 0.1 5.408062930186824 0.0 17.02127659574468 2.549019607843137 6.173795766456458 17
180 0.1 3.3630069238377844 0.0 17.02127659574468 2.549019607843137 6.131255053330367 18
190 0.1 4.69208211143695 0.0 17.02127659574468 2.549019607843137 5.9855577833570734 19
200 0.1 5.397448478900883 0.0 17.02127659574468 2.549019607843137 5.920883999761067 20
210 0.1 3.4448818897637796 0.0 17.02127659574468 2.549019607843137 5.895958498767724 21
220 0.1 4.437869822485207 0.0 17.02127659574468 2.549019607843137 5.784545925631181 22
230 0.1 4.031465093411996 0.0 17.02127659574468 2.549019607843137 5.72599479071179 23
240 0.1 1.87192118226601 0.0 17.02127659574468 1.87192118226601 5.655389386657633 24
250 0.1 1.4734774066797642 0.0 17.02127659574468 1.4734774066797642 5.504050658481969 25
260 0.1 1.183431952662722 0.0 17.02127659574468 1.183431952662722 5.34902861033573 26
270 0.1 0.9861932938856016 0.0 17.02127659574468 0.9861932938856016 5.194747252644136 27
280 0.1 1.0848126232741617 0.0 17.02127659574468 0.9861932938856016 5.044441754117046 28
286 0.1 1.1811023622047243 0.0 17.02127659574468 0.9861932938856016 4.90790281857074 29
