0 0.1 0.0 0 0.0 0.0 0 0
10 0.1 0.0 0.0 0.0 0.0 0.0 1
20 0.1 0.0 0.0 0.0 0.0 0.0 2
30 0.1 0.0 0.0 0.0 0.0 0.0 3
40 0.1 0.16015625 0.0 0.16015625 0.0 0.0 4
50 0.1 0.140625 0.0 0.16015625 0.0 0.03203125 5
60 0.1 0.12109375 0.0 0.16015625 0.0 0.050130208333333336 6
70 0.1 0.1015625 0.0 0.16015625 0.0 0.060267857142857144 7
80 0.1 0.078125 0.0 0.16015625 0.0 0.0654296875 8
90 0.1 0.0703125 0.0 0.16015625 0.0 0.06684027777777778 9
100 0.1 0.05859375 0.0 0.16015625 0.0 0.0671875 10
110 0.1 0.05078125 0.0 0.16015625 0.0 0.06640625 11
120 0.1 0.12109375 0.0 0.16015625 0.0 0.06510416666666667 12
130 0.1 0.1015625 0.0 0.16015625 0.0 0.0694110576923077 13
140 0.1 0.08984375 0.0 0.16015625 0.0 0.07170758928571429 14
150 0.1 0.1484375 0.0 0.16015625 0.0 0.07291666666666667 15
160 0.1 0.12890625 0.0 0.16015625 0.0 0.07763671875 16
170 0.1 0.109375 0.0 0.16015625 0.0 0.08065257352941177 17
180 0.1 0.08984375 0.0 0.16015625 0.0 0.0822482638888889 18
190 0.1 0.078125 0.0 0.16015625 0.0 0.08264802631578948 19
200 0.1 0.05859375 0.0 0.16015625 0.0 0.082421875 20
210 0.1 0.05078125 0.0 0.16015625 0.0 0.08128720238095238 21
220 0.1 0.05078125 0.0 0.16015625 0.0 0.07990056818181818 22
230 0.1 0.0390625 0.0 0.16015625 0.0 0.07863451086956522 23
240 0.1 0.03125 0.0 0.16015625 0.0 0.07698567708333333 24
250 0.1 0.03125 0.0 0.16015625 0.0 0.07515625 25
260 0.1 0.01953125 0.0 0.16015625 0.0 0.07346754807692307 26
270 0.1 0.01953125 0.0 0.16015625 0.0 0.07146990740740741 27
280 0.1 0.01953125 0.0 0.16015625 0.0 0.06961495535714286 28
286 0.1 0.01171875 0.0 0.16015625 0.0 0.06788793103448276 29
