10 0.1 911 0 911 911 0 0
20 0.1 5335.0 0.0 5335 911 911.0 1
30 0.1 9306.0 0.0 9306 911 3123.0 2
40 0.1 8541.0 0.0 9306 911 5184.0 3
50 0.1 7044.0 0.0 9306 911 6023.25 4
60 0.1 18567.0 0.0 18567 911 6227.4 5
70 0.1 8730.0 0.0 18567 911 8284.0 6
80 0.1 7.1e3 0.0 18567 911 8347.714285714286 7
90 0.1 5998.0 0.0 18567 911 8191.75 8
100 0.1 14312.0 0.0 18567 911 7948.0 9
110 0.1 35505.0 0.0 35505 911 8584.4 10
120 0.1 11039.0 0.0 35505 911 11031.727272727272 11
130 0.1 6203.0 0.0 35505 911 11032.333333333334 12
140 0.1 8558.0 0.0 35505 911 10660.846153846154 13
150 0.1 11560.0 0.0 35505 911 10510.642857142857 14
160 0.1 6213.0 0.0 35505 911 10580.6 15
170 0.1 10328.0 0.0 35505 911 10307.625 16
180 0.1 5850.0 0.0 35505 911 10308.823529411764 17
190 0.1 8482.0 0.0 35505 911 10061.111111111111 18
200 0.1 9926.0 0.0 35505 911 9978.0 19
210 0.1 6689.0 0.0 35505 911 9975.4 20
220 0.1 7507.0 0.0 35505 911 9818.904761904761 21
230 0.1 3641.0 0.0 35505 911 9713.818181818182 22
240 0.1 478.0 0.0 35505 478 9449.782608695652 23
250 0.1 153.0 0.0 35505 153 9075.958333333334 24
260 0.1 58.0 0.0 35505 58 8719.04 25
270 0.1 4.0 0.0 35505 4 8385.923076923078 26
280 0.1 2.0 0.0 35505 2 8075.481481481483 27
286 0.1 30.0 0.0 35505 2 7787.142857142858 28
