0 1.3 54.24737079326923 48.73407258842596 181.166015625 10.407958984375 0 0
10 4.6 664.4310461956521 1297.8406800529297 4980.445068359375 9.77880859375 54.24737079326923 13
20 8.1 635.8576931423611 1820.6383737667124 7391.675048828125 9.77880859375 529.9837956832627 59
30 7 1433.202183314732 2667.071697146366 10248.321044921875 9.77880859375 591.2394077845983 140
40 9.5 1712.250927734375 3176.1085205442496 12095.259033203125 9.77880859375 871.8936662946429 210
50 19.4 2491.3594567996947 3016.1160362435517 13011.822021484375 9.77880859375 1133.6442887102971 305
60 7.9 4864.947086382515 4069.5101305863436 19325.636962890625 9.77880859375 1661.4934722961552 499
70 5.8 12663.84333327721 2157.590224970616 19325.636962890625 9.77880859375 2099.3357482698966 578
80 6.8 12871.667659983916 3897.238793988929 24521.39892578125 9.77880859375 3062.7656852674186 636
90 20.6 8875.486791518124 6529.383112475142 28683.79296875 1.357177734375 4010.216444188898 704
100 53 5566.688705501918 5398.087405474987 29360.260009765625 1.33203125 5111.585336001887 910
110 77.9 651.1300758685006 2755.2063657721765 30138.008056640625 1.19384765625 5279.088659498427 1440
120 70 1727.1238860212054 4935.17884817997 30138.008056640625 1.174072265625 3654.4019823250546 2219
130 49 3179.7956069634893 8347.067812016528 30853.195068359375 1.174072265625 3192.2249808133406 2919
140 31.4 5725.545655851911 12452.141669129729 40316.44091796875 1.174072265625 3190.4384178369755 3409
150 25.4 13339.47131251538 15791.723265295928 48797.4580078125 1.174072265625 3404.250846721394 3723
160 20 13475.055096435546 11509.911517396167 48797.4580078125 1.174072265625 4038.785922987844 3977
170 13.4 14199.29246589319 11247.251509162355 48797.4580078125 1.174072265625 4490.60632870715 4177
180 11.2 19774.24250575475 7955.702767520848 48797.4580078125 1.174072265625 4792.384093119799 4311
190 16.2 17433.987467447918 6189.698553914239 48797.4580078125 1.174072265625 5171.757401330316 4423
200 8.4 8860.682076590403 7577.057676195884 48797.4580078125 1.174072265625 5605.013948922693 4585
210 2.4 14345.876403808594 4214.259543483118 48797.4580078125 1.174072265625 5663.586688850748 4669
220 51.7 6153.36579065673 8530.46037087295 48797.4580078125 1.174072265625 5707.987914752941 4693
230 12.1 79.24326292936463 222.42605945983217 48797.4580078125 1.174072265625 5752.183761555677 5210
240 4.5 12.313454861111111 2.5271831252807715 48797.4580078125 1.174072265625 5623.422590980967 5331
250 1.1 198.5338689630682 326.96121328776195 48797.4580078125 1.174072265625 5576.45460156032 5376
260 0.8 173.71353149414063 330.12001922035097 48797.4580078125 1.174072265625 5565.473140996264 5387
270 0.1 15.364013671875 0.0 48797.4580078125 1.174072265625 5557.477946023879 5395
280 0.3 33.232259114583336 29.644311335721124 48797.4580078125 1.174072265625 5556.450867830336 5396
286 0.1 15.744873046875 0.0 48797.4580078125 1.174072265625 5553.381844710102 5399
