30 0.2 26906.942993164063 4064.8719482421875 30971.81494140625 22842.071044921875 0 0
40 0.3 35260.309733072914 5474.74178348727 42482.090087890625 22842.071044921875 26906.942993164063 2
50 0.7 40459.26545061384 6065.552055126037 48614.153076171875 22842.071044921875 31918.963037109374 5
60 0.1 51097.72900390625 0.0 51097.72900390625 22842.071044921875 36900.80611165365 12
70 0.2 65246.21142578125 11015.213623046875 76261.42504882813 22842.071044921875 37992.87710336538 13
80 0.1 46897.774169921875 0.0 76261.42504882813 22842.071044921875 41626.655013020834 15
90 0.3 72863.00626627605 4123.38425443168 77521.0498046875 22842.071044921875 41956.09996032715 16
100 1.1 80267.0069025213 10163.15981835711 96658.71899414063 22842.071044921875 46836.13779810855 19
110 1.1 64734.27450284091 21007.61837076431 96658.71899414063 14333.671875 59094.12313639323 30
120 3.8 55457.4033203125 23518.85957351012 96658.71899414063 14333.671875 60607.3344786109 41
130 4.8 47836.81186930338 21682.03150243989 110545.03198242188 14333.671875 58130.15240246736 79
140 3.9 54956.75774363982 23212.805442995024 119493.49584960938 14333.671875 54239.75598048413 127
150 1.6 78795.41990661621 23782.79883945166 119493.49584960938 14333.671875 54408.208201948415 166
160 2.3 71894.70475968071 21054.78814527252 123957.3330078125 14333.671875 56552.138901259874 182
170 1.4 87170.75446428571 21927.2781767497 134335.71801757813 14333.671875 58273.49994879001 205
180 1.5 105525.0638671875 23656.134843514334 142920.544921875 14333.671875 60120.81302283997 219
190 1.5 126277.07141927084 27047.907783525447 160647.36694335938 14333.671875 63031.341923118656 234
200 0.7 114985.15063476563 22273.361913306206 160647.36694335938 14333.671875 66841.32562770613 249
210 0.1 115411.32202148438 0.0 160647.36694335938 14333.671875 68157.75834274292 256
220 13.4 127070.19353610366 17932.25753437654 174100.47314453125 14333.671875 68341.62434927499 257
230 3.8 132647.9100534539 15464.830472587006 174100.47314453125 14333.671875 88468.55087366128 391
240 1.4 139770.10907854352 9174.574070931798 174100.47314453125 14333.671875 92381.87406441216 429
250 0.3 141713.35636393228 6091.654915550759 174100.47314453125 14333.671875 93879.47065628086 443
260 0.2 142931.23962402344 600.4615478515625 174100.47314453125 14333.671875 94201.22325072695 446
270 0.1 173339.71411132813 0.0 174100.47314453125 14333.671875 94418.76796667917 448
280 0 0 0 174100.47314453125 14333.671875 94594.53844807037 449
286 0.1 189476.05981445313 0.0 189476.05981445313 14333.671875 94594.53844807037 449
