0 0.1 3.248725052981374 0 3.248725052981374 3.248725052981374 0 0
10 0.1 2.259332023575639 0.0 3.248725052981374 2.259332023575639 3.248725052981374 1
20 0.1 2.060843964671246 0.0 3.248725052981374 2.060843964671246 2.754028538278506 2
30 0.1 1.5873015873015872 0.0 3.248725052981374 1.5873015873015872 2.5229670137427527 3
40 0.1 3.02734375 0.0 3.248725052981374 1.5873015873015872 2.2890506571324614 4
50 0.1 3.0392156862745097 0.0 3.248725052981374 1.5873015873015872 2.436709275705969 5
60 0.1 2.167487684729064 0.0 3.248725052981374 1.5873015873015872 2.537127010800726 6
70 0.1 2.952755905511811 0.0 3.248725052981374 1.5873015873015872 2.4843213927904886 7
80 0.1 3.4448818897637796 0.0 3.4448818897637796 1.5873015873015872 2.542875706880654 8
90 0.1 5.452775073028238 0.0 5.452775073028238 1.5873015873015872 2.64309861608989 9
100 0.1 6.066536203522505 0.0 6.066536203522505 1.5873015873015872 2.9240662617837248 10
110 0.1 6.869479882237488 0.0 6.869479882237488 1.5873015873015872 3.2097453473963413 11
120 0.1 6.47693817468106 0.0 6.869479882237488 1.5873015873015872 3.51472322529977 12
130 0.1 2.8627838104639687 0.0 6.869479882237488 1.5873015873015872 3.7425859137137154 13
140 0.1 1.8700787401574805 0.0 6.869479882237488 1.5873015873015872 3.6797429063387335 14
150 0.1 0.9881422924901186 0.0 6.869479882237488 0.9881422924901186 3.5590986285933166 15
157 0.1 1.279527559055118 0.0 6.869479882237488 0.9881422924901186 3.3984138575868665 16
