0 0.1 3141.00390625 0 3141.00390625 3141.00390625 0 0
10 0.1 3140.8828125 0.0 3141.00390625 3140.8828125 3141.00390625 1
20 0.1 3140.06640625 0.0 3141.00390625 3140.06640625 3140.943359375 2
30 0.1 3140.328125 0.0 3141.00390625 3140.06640625 3140.6510416666665 3
40 0.1 3139.0234375 0.0 3141.00390625 3139.0234375 3140.5703125 4
50 0.1 3137.83984375 0.0 3141.00390625 3137.83984375 3140.2609375 5
60 0.1 3139.453125 0.0 3141.00390625 3137.83984375 3139.857421875 6
70 0.1 3138.97265625 0.0 3141.00390625 3137.83984375 3139.7996651785716 7
80 0.1 3137.015625 0.0 3141.00390625 3137.015625 3139.6962890625 8
90 0.1 3134.76953125 0.0 3141.00390625 3134.76953125 3139.3984375 9
100 0.1 3133.33203125 0.0 3141.00390625 3133.33203125 3138.935546875 10
110 0.1 3132.1875 0.0 3141.00390625 3132.1875 3138.4261363636365 11
120 0.1 3131.12890625 0.0 3141.00390625 3131.12890625 3137.90625 12
130 0.1 3132.32421875 0.0 3141.00390625 3131.12890625 3137.3849158653848 13
140 0.1 3137.2421875 0.0 3141.00390625 3131.12890625 3137.0234375 14
150 0.1 3140.390625 0.0 3141.00390625 3131.12890625 3137.038020833333 15
157 0.1 3140.40234375 0.0 3141.00390625 3131.12890625 3137.24755859375 16
