0 0.9 12.462212456597221 33.005875728806416 105.81689453125 0.738037109375 0 0
10 0.7 0.84521484375 0.061270889634758005 105.81689453125 0.738037109375 12.462212456597221 9
20 0.3 0.7882486979166666 0.022330824070498034 105.81689453125 0.738037109375 7.3797760009765625 16
30 1.4 0.8227887834821429 0.16142134444701228 105.81689453125 0.6201171875 6.339008532072368 19
40 2.5 0.774951171875 0.13707377523166936 105.81689453125 0.593017578125 3.998794093276515 33
50 2.4 0.7669474283854166 0.07794358860618714 105.81689453125 0.549072265625 2.6092066271551726 58
60 2.9 0.7516837284482759 0.14280686436120046 105.81689453125 0.51708984375 2.0700088128810976 82
70 4.3 0.7022165697674417 0.08876020357215708 105.81689453125 0.50390625 1.7255815385698199 111
80 2.5 0.726005859375 0.08894850867974177 105.81689453125 0.50390625 1.4398367745535714 154
90 6.2 0.7123157132056451 0.11716616936249759 105.81689453125 0.50390625 1.3401397193610336 179
100 7.4 0.6914920291385136 0.08193961104957018 105.81689453125 0.50390625 1.1786248298106847 241
110 8.5 0.7330106847426471 0.16285033067475302 105.81689453125 0.50390625 1.0641872829861112 315
120 14.1 0.6760496315381207 0.15786489584281618 105.81689453125 0.495849609375 0.9938122558593752 400
130 16.5 0.6980616714015152 0.6262215542186113 105.81689453125 0.495849609375 0.9109942705926526 541
140 14.6 0.6686610391695205 0.09669511619370585 105.81689453125 0.495849609375 0.8612295696485484 706
150 27.5 0.659016335227273 0.350721895081746 105.81689453125 0.4931640625 0.8282307369608276 852
160 33.1 0.621924270675982 0.10352299498492135 105.81689453125 0.47900390625 0.7869406211873339 1127
170 32.8 0.6384121034203505 0.08889771584114571 105.81689453125 0.47900390625 0.7494780615033437 1458
180 54.5 2.4211188360091738 12.529851432755638 144.1201171875 0.47314453125 0.7290807298957168 1786
190 64 0.6553627014160163 0.33746209898198987 144.1201171875 0.47314453125 1.1246880949029388 2331
200 61 0.6596699699026638 0.439704731823201 144.1201171875 0.47314453125 1.0235880437983846 2971
210 103.6 0.7161068713803092 0.8599069590044152 144.1201171875 0.47314453125 0.961596972847145 3581
220 118.2 0.6514969001163282 0.5595323094086303 144.1201171875 0.47314453125 0.9065119078439735 4617
230 115.8 0.6633041460897023 0.4943827826745853 144.1201171875 0.47314453125 0.8545326460515823 5799
240 208.6 0.8049297680219321 1.2165870291986038 144.1201171875 0.472900390625 0.822702460201955 6957
250 231.2 0.7782300269314986 0.9051019791654388 144.1201171875 0.47216796875 0.8186027326903407 9043
260 235.9 0.8343634708496714 1.332516071210053 144.1201171875 0.47216796875 0.8103824160268054 11355
270 328.1 1.3627746637839062 2.310074627685682 144.1201171875 0.4619140625 0.8145074931981005 13714
280 348.4 1.6436490782640285 2.848002258811357 144.1201171875 0.4619140625 0.9203541885021328 16995
290 345.7 1.7353288928035508 3.209689601930984 144.1201171875 0.4619140625 1.043405089226311 20479
300 80.7 1.4952327534464054 2.388807267627322 144.1201171875 0.4619140625 1.1433374333509148 23936
308 0 0 0 144.1201171875 0.4619140625 1.154814599552146 24743
