0 0.1 0.01171875 0 0.01171875 0.01171875 0 0
10 0.1 0.01171875 0.0 0.01171875 0.01171875 0.01171875 1
20 0.1 0.01171875 0.0 0.01171875 0.01171875 0.01171875 2
30 0.1 0.01171875 0.0 0.01171875 0.01171875 0.01171875 3
40 0.1 0.01171875 0.0 0.01171875 0.01171875 0.01171875 4
50 0.1 0.01171875 0.0 0.01171875 0.01171875 0.01171875 5
60 0.1 0.0 0.0 0.01171875 0.0 0.01171875 6
70 0.1 0.0 0.0 0.01171875 0.0 0.010044642857142858 7
80 0.1 0.0 0.0 0.01171875 0.0 0.0087890625 8
90 0.1 0.0 0.0 0.01171875 0.0 0.0078125 9
100 0.1 0.0 0.0 0.01171875 0.0 0.00703125 10
110 0.1 0.0 0.0 0.01171875 0.0 0.006392045454545455 11
120 0.1 0.0 0.0 0.01171875 0.0 0.005859375 12
130 0.1 0.0 0.0 0.01171875 0.0 0.005408653846153846 13
140 0.1 0.0 0.0 0.01171875 0.0 0.005022321428571429 14
150 0.1 0.0 0.0 0.01171875 0.0 0.0046875 15
160 0.1 0.0 0.0 0.01171875 0.0 0.00439453125 16
170 0.1 0.0 0.0 0.01171875 0.0 0.004136029411764706 17
180 0.1 0.0 0.0 0.01171875 0.0 0.00390625 18
190 0.1 0.16015625 0.0 0.16015625 0.0 0.003700657894736842 19
200 0.1 0.140625 0.0 0.16015625 0.0 0.0115234375 20
210 0.1 0.12109375 0.0 0.16015625 0.0 0.017671130952380952 21
220 0.1 0.1796875 0.0 0.1796875 0.0 0.022372159090909092 22
230 0.1 0.23046875 0.0 0.23046875 0.0 0.029211956521739132 23
240 0.1 0.3515625 0.0 0.3515625 0.0 0.03759765625 24
250 0.1 0.37109375 0.0 0.37109375 0.0 0.05015625 25
260 0.1 0.390625 0.0 0.390625 0.0 0.0625 26
270 0.1 0.41015625 0.0 0.41015625 0.0 0.07465277777777778 27
280 0.1 0.5 0.0 0.5 0.0 0.08663504464285714 28
290 0.1 0.578125 0.0 0.578125 0.0 0.10088900862068965 29
300 0.1 0.55859375 0.0 0.578125 0.0 0.116796875 30
308 0.1 0.48046875 0.0 0.578125 0.0 0.1310483870967742 31
