0 0.7 1911.2455357142858 1486.7763090642673 5479.141845703125 974.829833984375 0 0
10 0.8 1230.5922546386719 794.6898089542068 5479.141845703125 273.14501953125 1911.2455357142858 7
20 0.4 1814.8604736328125 781.342484366139 5479.141845703125 273.14501953125 1548.2304524739584 15
30 1.1 2059.5757057883525 1503.9904468809111 5479.141845703125 107.14697265625 1604.3630885074012 19
40 2.3 1391.6931258491848 1325.6248078446567 6076.034912109375 42.07080078125 1771.2743815104166 30
50 2.7 2311.264964916088 1943.0867639222272 7854.177978515625 42.07080078125 1606.5504403744103 53
60 2.5 1496.3069921875 1401.303214552443 7854.177978515625 39.049072265625 1844.3915924072267 80
70 4.1 1968.9890910823171 1787.9908494153922 7854.177978515625 14.052001953125 1761.514306640625 105
80 3 2576.8590169270833 2761.1905975057525 12314.135986328125 14.052001953125 1819.7777735043878 146
90 4.6 1628.204048488451 1461.7046865197397 12314.135986328125 14.052001953125 1948.8257127241654 176
100 7.9 2116.619004647943 1808.3995604090328 12314.135986328125 14.052001953125 1882.390593107756 222
110 7.9 1983.4381706141219 2230.659947458728 12649.06103515625 14.052001953125 1943.8658240435527 301
120 13.5 1858.382535807292 1712.5451464067 12649.06103515625 13.0400390625 1952.0927066200659 380
130 16.1 2089.112582188956 1864.1051527903617 12649.06103515625 13.0400390625 1927.5279045623483 515
140 15.2 1862.7035410027754 1738.2725829240126 12649.06103515625 13.0400390625 1966.01182926336 676
150 23.1 1596.2033395478218 1566.3312587779965 12649.06103515625 13.0400390625 1947.0470227227695 828
160 33.6 1957.4185195196246 1835.5578847565248 12649.06103515625 13.0400390625 1870.5173807837582 1059
170 34.2 2053.2661489743236 2050.8019815605735 12649.06103515625 13.0400390625 1891.4484077480959 1395
180 46.5 1677.3067692582326 1606.0840376338322 12649.06103515625 12.06396484375 1923.3088956579231 1737
190 63.7 2144.195031182545 1991.3794800444716 12649.06103515625 10.0458984375 1871.3602177397324 2202
200 63.1 2022.4667229750637 1954.2863841889598 13706.9091796875 10.0458984375 1932.5774689419416 2839
210 95.4 1727.23247689621 1805.3871474373577 18968.088134765625 10.0458984375 1948.9233246465237 3470
220 119 2058.0543670397865 2075.2509713345385 18968.088134765625 10.0400390625 1901.1174772790284 4424
230 116.6 1957.7950638367013 1924.8936310317374 18968.088134765625 10.0400390625 1934.3834015425307 5614
240 190.2 1781.8933833269668 1711.3070128057943 18968.088134765625 10.0400390625 1938.4096549695223 6780
250 228.6 2052.1796473438885 2051.0206163335847 18968.088134765625 10.0400390625 1904.121017712653 8682
260 238 1995.9765758354122 1891.4700397348072 20367.153076171875 10.0400390625 1934.9800646981566 10968
270 303.3 1819.8536282371788 1836.0803022019998 20367.153076171875 10.0400390625 1945.8559784310505 13348
280 350.3 2045.7357042178128 1973.3049591104811 20367.153076171875 10.0400390625 1922.526198311521 16381
290 346.3 1993.2708642592224 1956.416616648445 20367.153076171875 10.0400390625 1944.2322383029584 19884
300 138.5 2944.148601083036 2483.1776154767927 20367.153076171875 10.0400390625 1951.5060105943253 23347
308 1.1 12647.708806818182 2332.6835545032 20367.153076171875 10.0400390625 2007.0943167493822 24732
