0 0.984375 0.984375
10 0.765625 1.75
20 0.328125 2.078125
30 1.53125 3.609375
40 2.734375 6.34375
50 2.625 8.96875
60 3.171875 12.140625
70 4.703125 16.84375
80 2.734375 19.578125
90 6.78125 26.359375
100 8.09375 34.453125
110 9.296875 43.75
120 15.421875 59.171875
130 18.046875 77.21875
140 15.96875 93.1875
150 30.078125 123.265625
160 36.203125 159.46875
170 35.875 195.34375
180 59.609375 254.953125
190 70 324.953125
200 66.71875 391.671875
210 113.3125 504.984375
220 129.28125 634.265625
230 126.65625 760.921875
240 228.15625 989.078125
250 252.875 1241.953125
260 258.015625 1499.96875
270 358.859375 1858.828125
280 381.0625 2239.890625
290 378.109375 2618
300 88.265625 2706.265625
308 0 2706.265625
