0 0.1 1.7408311503582252 0 1.7408311503582252 1.7408311503582252 0 0
10 0.1 2.4606299212598426 0.0 2.4606299212598426 1.7408311503582252 1.7408311503582252 1
20 0.1 1.5779092702169626 0.0 2.4606299212598426 1.5779092702169626 2.100730535809034 2
30 0.1 2.0771513353115725 0.0 2.4606299212598426 1.5779092702169626 1.9264567806116768 3
40 0.1 1.4807502467917077 0.0 2.4606299212598426 1.4807502467917077 1.9641304192866507 4
50 0.1 1.5779092702169626 0.0 2.4606299212598426 1.4807502467917077 1.8674543847876621 5
60 0.1 2.955665024630542 0.0 2.955665024630542 1.4807502467917077 1.8191968656925457 6
70 0.1 1.3847675568743818 0.0 2.955665024630542 1.3847675568743818 1.9815494598265448 7
80 0.1 2.3692003948667324 0.0 2.955665024630542 1.3847675568743818 1.9069517219575245 8
90 0.1 2.472799208704253 0.0 2.955665024630542 1.3847675568743818 1.958312685614103 9
100 0.1 4.133858267716536 0.0 4.133858267716536 1.3847675568743818 2.009761337923118 10
110 0.1 5.7673509286412505 0.0 5.7673509286412505 1.3847675568743818 2.2028610588134288 11
120 0.1 4.98046875 0.0 5.7673509286412505 1.3847675568743818 2.4999018812990808 12
130 0.1 4.416094210009813 0.0 5.7673509286412505 1.3847675568743818 2.6907147173529973 13
140 0.1 1.678183613030602 0.0 5.7673509286412505 1.3847675568743818 2.813956109685627 14
150 0.1 1.8793273986152326 0.0 5.7673509286412505 1.3847675568743818 2.7382379432419586 15
160 0.1 1.8700787401574805 0.0 5.7673509286412505 1.3847675568743818 2.6845560342027883 16
170 0.1 1.477832512315271 0.0 5.7673509286412505 1.3847675568743818 2.6366456051413 17
180 0.1 1.5763546798029555 0.0 5.7673509286412505 1.3847675568743818 2.5722670999842983 18
190 0.1 1.477832512315271 0.0 5.7673509286412505 1.3847675568743818 2.519850656816859 19
200 0.1 2.0710059171597637 0.0 5.7673509286412505 1.3847675568743818 2.4677497495917797 20
210 0.1 1.279527559055118 0.0 5.7673509286412505 1.279527559055118 2.4488571861426363 21
220 0.1 2.167487684729064 0.0 5.7673509286412505 1.279527559055118 2.39570583945684 22
230 0.1 1.5794669299111548 0.0 5.7673509286412505 1.279527559055118 2.3857833109904147 23
240 0.1 1.966568338249754 0.0 5.7673509286412505 1.279527559055118 2.3521867951121123 24
250 0.1 1.5732546705998034 0.0 5.7673509286412505 1.279527559055118 2.336762056837618 25
260 0.1 1.477832512315271 0.0 5.7673509286412505 1.279527559055118 2.3073963881361634 26
270 0.1 1.8756169792694966 0.0 5.7673509286412505 1.279527559055118 2.2766718001427972 27
275 0.1 1.376597836774828 0.0 5.7673509286412505 1.279527559055118 2.2623484136830365 28
