0 1.4 51.248291015625 38.31352261803383 133.248046875 7.8828125 0 0
10 2.2 568.8015691583806 2037.1957269665784 9885.303955078125 7.8828125 51.248291015625 14
20 3.3 1620.894405480587 4407.967979940316 19250.45703125 7.09814453125 367.53084988064234 36
30 1.9 2709.0097270764795 5806.6529548345825 20911.5380859375 7.09814453125 966.9655938632246 69
40 0.2 14896.962036132813 5864.7259521484375 20911.5380859375 7.09814453125 1343.0887589888137 88
50 7.9 6710.519868102255 7472.415939711645 24156.990966796875 7.09814453125 1644.285942925347 90
60 0.9 3499.4969618055557 9046.997745303843 29058.044921875 7.09814453125 4012.5254700790497 169
70 1.6 17327.934936523438 10689.362277720082 39452.22412109375 7.09814453125 3986.5858264023 178
80 7.1 8594.533798002862 7068.330113085438 39452.22412109375 0.906005859375 5086.903278783425 194
90 10.3 12849.054592688102 11161.448274614582 39452.22412109375 0.7529296875 6026.683531102594 265
100 21.4 6622.568562445241 7232.126719064251 39452.22412109375 0.69384765625 7936.205866274625 368
110 25.3 249.31654231256172 1423.2852387758755 39452.22412109375 0.663818359375 7453.184589608838 582
120 20.7 6437.282438858696 10114.879010268234 45853.55908203125 0.663818359375 5270.455708212481 835
130 6.9 3781.556251415306 8747.392920435663 45853.55908203125 0.663818359375 5502.253340884042 1042
140 3 11496.897819010417 16277.789485503736 45853.55908203125 0.663818359375 5395.387365030449 1111
150 3 38031.555224609365 6715.396460003288 49823.23095703125 0.663818359375 5555.81270562589 1141
160 0.5 57607.59233398437 8405.391814307523 63011.552001953125 0.663818359375 6387.812940954246 1171
170 0.6 54614.52685546875 5344.818107475523 65397.7119140625 0.663818359375 6605.584111842979 1176
180 0 0 0 65397.7119140625 0.663818359375 6849.284328815698 1182
190 2.5 67893.48462890627 2310.001538271225 72638.40893554688 0.663818359375 6849.284328815698 1182
200 0.7 69025.73716517857 1785.2988671057592 73311.18505859375 0.663818359375 8113.66295972064 1207
210 6.8 61832.8050142176 23844.254801592684 102372.35302734375 0.663818359375 8464.885792865785 1214
220 3 35871.748404947924 26976.952521930358 102372.35302734375 0.663818359375 11295.633458272901 1282
230 1.9 23818.07921720806 6348.007281238434 102372.35302734375 0.663818359375 11857.587306138947 1312
240 0.9 32222.477023654516 9639.877529002822 102372.35302734375 0.663818359375 12028.323103517094 1331
250 1.3 37168.22737004207 7953.892677864987 102372.35302734375 0.663818359375 12163.955480592644 1340
260 6.2 20185.468919323335 13573.562202615632 102372.35302734375 0.663818359375 12404.203473617657 1353
270 1.8 4410.284586588542 12625.742189712955 102372.35302734375 0.663818359375 12745.149380072606 1415
275 0 0 0 102372.35302734375 0.663818359375 12640.454637377063 1433
