0 1702.15859375 1702.15859375
10 1582.259375 3284.41796875
20 3835.80625 7120.22421875
30 2236.45625 9356.68046875
40 507.0578125 9863.73828125
50 7319.17734375 17182.915625
60 700.61484375 17883.53046875
70 2425.309375 20308.83984375
80 3423.56484375 23732.4046875
90 5124.98984375 28857.39453125
100 10028.071875 38885.46640625
110 821.58203125 39707.0484375
120 7506.5296875 47213.578125
130 762.6265625 47976.2046875
140 499.4734375 48475.678125
150 4094.9609375 52570.6390625
160 792.3484375 53362.9875
170 2888.02734375 56251.01484375
180 0 56251.01484375
190 4265.69765625 60516.7125
200 1026.63203125 61543.34453125
210 2387.99140625 63931.3359375
220 2103.38203125 66034.71796875
230 1239.28828125 67274.00625
240 3027.421875 70301.428125
250 120.13046875 70421.55859375
260 3358.825 73780.38359375
270 1660.00234375 75440.3859375
275 0 75440.3859375
