0 2.2 22
10 1.6 38
20 5.6 94
30 3.2 126
40 0.4 130
50 2.6 156
60 5.4 210
70 7.8 288
80 3.2 320
90 2.6 346
100 5.6 402
110 2.6 428
120 1.7 445
130 1.8 463
140 1.3 476
150 1.6 492
160 2.7 519
170 1.8 537
180 3.6 573
190 1.7 590
200 2.2 612
210 1.4 626
220 0.8 634
230 3.1 665
240 1 675
250 1.9 694
260 1.3 707
270 2.5 732
280 1 742
290 1.7 759
300 2.6 785
310 2.9 814
320 1.7 831
330 0.9 840
340 1.4 854
350 1.6 870
360 1.4 884
370 2.8 912
380 0.7 919
390 2.1 940
400 1.4 954
410 2.1 975
420 2.4 999
430 2.2 1021
440 1.2 1033
450 2.3 1056
460 1.1 1067
470 1.8 1085
480 1 1095
486 0.1 1096
