0 10 10
10 22 12
20 30 8
30 48 18
40 71 23
50 90 19
60 130 40
70 168 38
80 196 28
90 253 57
100 302 49
110 327 25
120 257 -70
130 175 -82
140 138 -37
150 119 -19
160 114 -5
170 113 -1
180 109 -4
190 104 -5
200 99 -5
210 98 -1
220 98 0
230 96 -2
240 96 0
250 94 -2
260 91 -3
270 89 -2
280 89 0
290 84 -5
300 82 -2
310 75 -7
320 70 -5
330 67 -3
340 64 -3
350 63 -1
360 61 -2
370 53 -8
380 47 -6
390 43 -4
400 39 -4
410 34 -5
420 31 -3
430 29 -2
440 28 -1
450 21 -7
460 18 -3
470 7 -11
480 1 -6
486 0 -1
