0 1 12.20927734375 33.99557619851263 114.195068359375 0.742919921875 0 0
10 1.2 0.76434326171875 0.05306115568260632 114.195068359375 0.666015625 12.20927734375 10
20 0.8 0.716094970703125 0.050043831552582206 114.195068359375 0.640869140625 5.966586026278409 22
30 1.8 0.7580159505208334 0.05489903365282395 114.195068359375 0.640869140625 4.566455078125 30
40 2.3 0.872696586277174 0.24717055414185962 114.195068359375 0.640869140625 3.1382904052734375 48
50 1.9 0.7470060649671053 0.06928899566889948 114.195068359375 0.544921875 2.4043656470070425 71
60 4 0.754351806640625 0.15047449411438524 114.195068359375 0.5400390625 2.054478624131945 90
70 3.9 0.7672651241987178 0.19780762649707703 114.195068359375 0.5400390625 1.6544396033653848 130
80 3.3 0.6910067471590909 0.07058142455004068 114.195068359375 0.527099609375 1.4497070312500002 169
90 7.3 0.6816573469606163 0.13667029746899897 114.195068359375 0.527099609375 1.3257609452351484 202
100 8.8 0.7443570223721594 0.5609735653009078 114.195068359375 0.52490234375 1.1547807173295455 275
110 7.1 0.7011512433978873 0.2547718135858852 114.195068359375 0.51806640625 1.0552840640065426 363
120 1 0.624267578125 0.0817758125360438 114.195068359375 0.51806640625 0.9973498928931451 434
130 0 0 0 114.195068359375 0.51806640625 0.9889471380560247 444
140 0 0 0 114.195068359375 0.51806640625 0.9889471380560247 444
150 0 0 0 114.195068359375 0.51806640625 0.9889471380560247 444
160 0 0 0 114.195068359375 0.51806640625 0.9889471380560247 444
170 0 0 0 114.195068359375 0.51806640625 0.9889471380560247 444
180 0 0 0 114.195068359375 0.51806640625 0.9889471380560247 444
190 0 0 0 114.195068359375 0.51806640625 0.9889471380560247 444
200 0 0 0 114.195068359375 0.51806640625 0.9889471380560247 444
210 0 0 0 114.195068359375 0.51806640625 0.9889471380560247 444
220 0 0 0 114.195068359375 0.51806640625 0.9889471380560247 444
230 0 0 0 114.195068359375 0.51806640625 0.9889471380560247 444
240 0 0 0 114.195068359375 0.51806640625 0.9889471380560247 444
250 0 0 0 114.195068359375 0.51806640625 0.9889471380560247 444
260 0 0 0 114.195068359375 0.51806640625 0.9889471380560247 444
270 0 0 0 114.195068359375 0.51806640625 0.9889471380560247 444
280 0 0 0 114.195068359375 0.51806640625 0.9889471380560247 444
290 0 0 0 114.195068359375 0.51806640625 0.9889471380560247 444
300 0 0 0 114.195068359375 0.51806640625 0.9889471380560247 444
310 0 0 0 114.195068359375 0.51806640625 0.9889471380560247 444
320 0 0 0 114.195068359375 0.51806640625 0.9889471380560247 444
330 0 0 0 114.195068359375 0.51806640625 0.9889471380560247 444
340 0 0 0 114.195068359375 0.51806640625 0.9889471380560247 444
350 0 0 0 114.195068359375 0.51806640625 0.9889471380560247 444
360 0 0 0 114.195068359375 0.51806640625 0.9889471380560247 444
370 0 0 0 114.195068359375 0.51806640625 0.9889471380560247 444
380 0 0 0 114.195068359375 0.51806640625 0.9889471380560247 444
390 0 0 0 114.195068359375 0.51806640625 0.9889471380560247 444
400 0 0 0 114.195068359375 0.51806640625 0.9889471380560247 444
410 0 0 0 114.195068359375 0.51806640625 0.9889471380560247 444
420 0 0 0 114.195068359375 0.51806640625 0.9889471380560247 444
430 0 0 0 114.195068359375 0.51806640625 0.9889471380560247 444
440 0 0 0 114.195068359375 0.51806640625 0.9889471380560247 444
450 0 0 0 114.195068359375 0.51806640625 0.9889471380560247 444
460 0 0 0 114.195068359375 0.51806640625 0.9889471380560247 444
470 0 0 0 114.195068359375 0.51806640625 0.9889471380560247 444
480 0 0 0 114.195068359375 0.51806640625 0.9889471380560247 444
486 0 0 0 114.195068359375 0.51806640625 0.9889471380560247 444
