0 0.1 3.2007596464161776 0 3.2007596464161776 3.2007596464161776 0 0
10 0.1 2.8543307086614176 0.0 3.2007596464161776 2.8543307086614176 3.2007596464161776 1
20 0.1 1.7769002961500493 0.0 3.2007596464161776 1.7769002961500493 3.027545177538798 2
30 0.1 3.4482758620689653 0.0 3.4482758620689653 1.7769002961500493 2.6106635504092153 3
40 0.1 2.8543307086614176 0.0 3.4482758620689653 1.7769002961500493 2.8200666283241524 4
50 0.1 1.966568338249754 0.0 3.4482758620689653 1.7769002961500493 2.8269194443916055 5
60 0.1 2.75049115913556 0.0 3.4482758620689653 1.7769002961500493 2.683527593367964 6
70 0.1 4.2198233562316 0.0 4.2198233562316 1.7769002961500493 2.693093817049049 7
80 0.1 6.451612903225806 0.0 6.451612903225806 1.7769002961500493 2.883935009446868 8
90 0.1 6.341463414634147 0.0 6.451612903225806 1.7769002961500493 3.2803436643111943 9
100 0.1 8.712487899322362 0.0 8.712487899322362 1.7769002961500493 3.5864556393434897 10
110 0.1 9.602327837051407 0.0 9.602327837051407 1.7769002961500493 4.052458572068842 11
120 0.1 10.714285714285714 0.0 10.714285714285714 1.7769002961500493 4.514947677484055 12
130 0.1 7.789678675754626 0.0 10.714285714285714 1.7769002961500493 4.991819834161105 13
140 0.1 5.95703125 0.0 10.714285714285714 1.7769002961500493 5.1916668942749284 14
150 0.1 3.23846908734053 0.0 10.714285714285714 1.7769002961500493 5.242691184656599 15
160 0.1 2.1696252465483234 0.0 10.714285714285714 1.7769002961500493 5.117427303574345 16
170 0.1 2.2682445759368837 0.0 10.714285714285714 1.7769002961500493 4.944027182572815 17
180 0.1 2.2682445759368837 0.0 10.714285714285714 1.7769002961500493 4.795372593315263 18
190 0.1 2.1739130434782608 0.0 10.714285714285714 1.7769002961500493 4.662365855558507 19
200 0.1 2.1760633036597428 0.0 10.714285714285714 1.7769002961500493 4.5379432149544945 20
210 0.1 1.477832512315271 0.0 10.714285714285714 1.477832512315271 4.425472742988078 21
220 0.1 1.477832512315271 0.0 10.714285714285714 1.477832512315271 4.291489096139315 22
230 0.1 1.4822134387351777 0.0 10.714285714285714 1.477832512315271 4.169156201190444 23
240 0.1 1.9743336623889436 0.0 10.714285714285714 1.477832512315271 4.057200252754808 24
250 0.1 1.8645731108930326 0.0 10.714285714285714 1.477832512315271 3.9738855891401736 25
260 0.1 1.6798418972332017 0.0 10.714285714285714 1.477832512315271 3.8927581861306684 26
270 0.1 1.3793103448275863 0.0 10.714285714285714 1.3793103448275863 3.8107983235789105 27
280 0.1 2.6470588235294117 0.0 10.714285714285714 1.3793103448275863 3.7239594671949345 28
290 0.1 1.6748768472906401 0.0 10.714285714285714 1.3793103448275863 3.686824962240951 29
300 0.1 1.966568338249754 0.0 10.714285714285714 1.3793103448275863 3.6197600250759403 30
310 0.1 2.4630541871921183 0.0 10.714285714285714 1.3793103448275863 3.566431260984773 31
320 0.1 1.87192118226601 0.0 10.714285714285714 1.3793103448275863 3.5319507274287525 32
330 0.1 1.282051282051282 0.0 10.714285714285714 1.282051282051282 3.48164680181776 33
340 0.1 1.574803149606299 0.0 10.714285714285714 1.282051282051282 3.4169528159422757 34
350 0.1 1.7751479289940828 0.0 10.714285714285714 1.282051282051282 3.3643199683326763 35
360 0.1 1.6765285996055226 0.0 10.714285714285714 1.282051282051282 3.320176300573271 36
370 0.1 1.6798418972332017 0.0 10.714285714285714 1.282051282051282 3.275753389736305 37
380 0.1 1.87192118226601 0.0 10.714285714285714 1.282051282051282 3.2337557188809605 38
390 0.1 1.7733990147783252 0.0 10.714285714285714 1.282051282051282 3.1988368846087822 39
400 0.1 1.6748768472906401 0.0 10.714285714285714 1.282051282051282 3.163200937863021 40
410 0.1 1.8682399213372665 0.0 10.714285714285714 1.282051282051282 3.1269003502880848 41
420 0.1 1.7699115044247788 0.0 10.714285714285714 1.282051282051282 3.096932244836875 42
430 0.1 1.9627085377821394 0.0 10.714285714285714 1.282051282051282 3.0660712973854314 43
440 0.1 1.6765285996055226 0.0 10.714285714285714 1.282051282051282 3.040994871030811 44
450 0.1 1.966568338249754 0.0 10.714285714285714 1.282051282051282 3.010673398332471 45
460 0.1 1.8700787401574805 0.0 10.714285714285714 1.282051282051282 2.9879754622437162 46
470 0.1 1.4792899408284024 0.0 10.714285714285714 1.282051282051282 2.9641904256035834 47
480 0.1 1.7786561264822136 0.0 10.714285714285714 1.282051282051282 2.933254998837434 48
