0 0 0
10 0 0
20 0 0
30 0 0
40 0 0
50 0 0
60 0 0
70 0.1 1
80 0.5 6
90 1.7 23
100 3.9 62
110 4.6 108
120 8.2 190
130 8.1 271
140 3.5 306
150 1.9 325
160 0.5 330
170 0.1 331
180 0.5 336
190 0.4 340
200 0.6 346
210 0 346
220 0 346
230 0.2 348
240 0 348
250 0.2 350
260 0.3 353
270 0.2 355
280 0 355
290 0.5 360
300 0.3 363
310 0.6 369
320 0.5 374
330 0.3 377
340 0.3 380
350 0.1 381
360 0.2 383
370 0.8 391
380 0.6 397
390 0.4 401
400 0.4 405
410 0.5 410
420 0.3 413
430 0.2 415
440 0.1 416
450 0.7 423
460 0.3 426
470 1.1 437
480 0.6 443
486 0.1 444
