0 0.1 3158.828125 0 3158.828125 3158.828125 0 0
10 0.1 3156.37109375 0.0 3158.828125 3156.37109375 3158.828125 1
20 0.1 3155.79296875 0.0 3158.828125 3155.79296875 3157.599609375 2
30 0.1 3154.08203125 0.0 3158.828125 3154.08203125 3156.9973958333335 3
40 0.1 3153.046875 0.0 3158.828125 3153.046875 3156.2685546875 4
50 0.1 3152.81640625 0.0 3158.828125 3152.81640625 3155.62421875 5
60 0.1 3151.1171875 0.0 3158.828125 3151.1171875 3155.15625 6
70 0.1 3146.91015625 0.0 3158.828125 3146.91015625 3154.5792410714284 7
80 0.1 3140.29296875 0.0 3158.828125 3140.29296875 3153.62060546875 8
90 0.1 3138.3046875 0.0 3158.828125 3138.3046875 3152.1397569444443 9
100 0.1 3135.171875 0.0 3158.828125 3135.171875 3150.75625 10
110 0.1 3132.4609375 0.0 3158.828125 3132.4609375 3149.3394886363635 11
120 0.1 3131.55078125 0.0 3158.828125 3131.55078125 3147.9329427083335 12
130 0.1 3131.43359375 0.0 3158.828125 3131.43359375 3146.6727764423076 13
140 0.1 3131.07421875 0.0 3158.828125 3131.07421875 3145.5842633928573 14
150 0.1 3130.96484375 0.0 3158.828125 3130.96484375 3144.6169270833334 15
160 0.1 3130.99609375 0.0 3158.828125 3130.96484375 3143.763671875 16
170 0.1 3131.01171875 0.0 3158.828125 3130.96484375 3143.012637867647 17
180 0.1 3131.01953125 0.0 3158.828125 3130.96484375 3142.3459201388887 18
190 0.1 3130.87890625 0.0 3158.828125 3130.87890625 3141.7497944078946 19
200 0.1 3130.625 0.0 3158.828125 3130.625 3141.20625 20
210 0.1 3130.68359375 0.0 3158.828125 3130.625 3140.7023809523807 21
220 0.1 3130.68359375 0.0 3158.828125 3130.625 3140.246981534091 22
230 0.1 3130.6875 0.0 3158.828125 3130.625 3139.8311820652175 23
240 0.1 3130.7109375 0.0 3158.828125 3130.625 3139.4501953125 24
250 0.1 3130.5703125 0.0 3158.828125 3130.5703125 3139.100625 25
260 0.1 3129.2265625 0.0 3158.828125 3129.2265625 3138.7725360576924 26
270 0.1 3129.6484375 0.0 3158.828125 3129.2265625 3138.4189814814813 27
280 0.1 3129.484375 0.0 3158.828125 3129.2265625 3138.1057477678573 28
290 0.1 3129.28515625 0.0 3158.828125 3129.2265625 3137.808459051724 29
300 0.1 3129.26171875 0.0 3158.828125 3129.2265625 3137.524348958333 30
310 0.1 3129.2109375 0.0 3158.828125 3129.2109375 3137.2578125 31
320 0.1 3129.25390625 0.0 3158.828125 3129.2109375 3137.00634765625 32
330 0.1 3129.21875 0.0 3158.828125 3129.2109375 3136.771425189394 33
340 0.1 3129.12890625 0.0 3158.828125 3129.12890625 3136.5492876838234 34
350 0.1 3129.63671875 0.0 3158.828125 3129.12890625 3136.3372767857145 35
360 0.1 3129.6953125 0.0 3158.828125 3129.12890625 3136.1511501736113 36
370 0.1 3129.56640625 0.0 3158.828125 3129.12890625 3135.976668074324 37
380 0.1 3129.77734375 0.0 3158.828125 3129.12890625 3135.807976973684 38
390 0.1 3129.78515625 0.0 3158.828125 3129.12890625 3135.653345352564 39
400 0.1 3129.796875 0.0 3158.828125 3129.12890625 3135.506640625 40
410 0.1 3129.796875 0.0 3158.828125 3129.12890625 3135.3673780487807 41
420 0.1 3129.81640625 0.0 3158.828125 3129.12890625 3135.2347470238096 42
430 0.1 3129.82421875 0.0 3158.828125 3129.12890625 3135.1087390988373 43
440 0.1 3129.86328125 0.0 3158.828125 3129.12890625 3134.9886363636365 44
450 0.1 3129.96875 0.0 3158.828125 3129.12890625 3134.8747395833334 45
460 0.1 3129.9765625 0.0 3158.828125 3129.12890625 3134.7680876358695 46
470 0.1 3130.0546875 0.0 3158.828125 3129.12890625 3134.6661402925533 47
480 0.1 3133.2890625 0.0 3158.828125 3129.12890625 3134.570068359375 48
