0 0.1 0.0 0 0.0 0.0 0 0
10 0.1 0.0 0.0 0.0 0.0 0.0 1
20 0.1 0.0 0.0 0.0 0.0 0.0 2
30 0.1 0.0 0.0 0.0 0.0 0.0 3
40 0.1 0.0 0.0 0.0 0.0 0.0 4
50 0.1 0.0 0.0 0.0 0.0 0.0 5
60 0.1 0.0 0.0 0.0 0.0 0.0 6
70 0.1 0.0 0.0 0.0 0.0 0.0 7
80 0.1 0.0 0.0 0.0 0.0 0.0 8
90 0.1 0.0 0.0 0.0 0.0 0.0 9
100 0.1 0.0 0.0 0.0 0.0 0.0 10
110 0.1 0.0 0.0 0.0 0.0 0.0 11
120 0.1 0.1484375 0.0 0.1484375 0.0 0.0 12
130 0.1 0.19921875 0.0 0.19921875 0.0 0.01141826923076923 13
140 0.1 0.171875 0.0 0.19921875 0.0 0.024832589285714284 14
150 0.1 0.140625 0.0 0.19921875 0.0 0.03463541666666667 15
160 0.1 0.12109375 0.0 0.19921875 0.0 0.041259765625 16
170 0.1 0.1015625 0.0 0.19921875 0.0 0.04595588235294118 17
180 0.1 0.08984375 0.0 0.19921875 0.0 0.04904513888888889 18
190 0.1 0.0703125 0.0 0.19921875 0.0 0.051192434210526314 19
200 0.1 0.05859375 0.0 0.19921875 0.0 0.0521484375 20
210 0.1 0.05078125 0.0 0.19921875 0.0 0.052455357142857144 21
220 0.1 0.0390625 0.0 0.19921875 0.0 0.05237926136363636 22
230 0.1 0.0390625 0.0 0.19921875 0.0 0.05180027173913043 23
240 0.1 0.03125 0.0 0.19921875 0.0 0.05126953125 24
250 0.1 0.03125 0.0 0.19921875 0.0 0.05046875 25
260 0.1 0.01953125 0.0 0.19921875 0.0 0.049729567307692304 26
270 0.1 0.01953125 0.0 0.19921875 0.0 0.04861111111111111 27
280 0.1 0.01953125 0.0 0.19921875 0.0 0.047572544642857144 28
290 0.1 0.01171875 0.0 0.19921875 0.0 0.04660560344827586 29
300 0.1 0.01171875 0.0 0.19921875 0.0 0.04544270833333333 30
310 0.1 0.01171875 0.0 0.19921875 0.0 0.04435483870967742 31
320 0.1 0.01171875 0.0 0.19921875 0.0 0.0433349609375 32
330 0.1 0.01171875 0.0 0.19921875 0.0 0.042376893939393936 33
340 0.1 0.01171875 0.0 0.19921875 0.0 0.04147518382352941 34
350 0.1 0.01171875 0.0 0.19921875 0.0 0.040625 35
360 0.1 0.0 0.0 0.19921875 0.0 0.03982204861111111 36
370 0.1 0.0 0.0 0.19921875 0.0 0.03874577702702703 37
380 0.1 0.0 0.0 0.19921875 0.0 0.03772615131578947 38
390 0.1 0.0 0.0 0.19921875 0.0 0.0367588141025641 39
400 0.1 0.0 0.0 0.19921875 0.0 0.035839843749999996 40
410 0.1 0.0 0.0 0.19921875 0.0 0.03496570121951219 41
420 0.1 0.0 0.0 0.19921875 0.0 0.03413318452380952 42
430 0.1 0.0 0.0 0.19921875 0.0 0.03333938953488372 43
440 0.1 0.0 0.0 0.19921875 0.0 0.03258167613636363 44
450 0.1 0.0 0.0 0.19921875 0.0 0.03185763888888889 45
460 0.1 0.0 0.0 0.19921875 0.0 0.031165081521739132 46
470 0.1 0.0 0.0 0.19921875 0.0 0.030501994680851064 47
480 0.1 0.0 0.0 0.19921875 0.0 0.029866536458333332 48
