70 0.1 74541.98608398438 0 74541.98608398438 74541.98608398438 0 0
80 0.5 69547.7419921875 16995.62063715157 87024.05688476563 37018.18603515625 74541.98608398438 1
90 1.7 51837.23934397978 24692.276783039466 88696.11694335938 16417.22998046875 70380.11600748698 6
100 3.9 46660.5673452524 24453.234735746915 106325.080078125 10493.14794921875 56674.51151706861 23
110 4.6 45356.40491784136 27534.16605161206 106325.080078125 10493.14794921875 50375.41760253906 62
120 8.2 37917.533980206725 23637.033284899724 107996.08813476563 10493.14794921875 48237.68997757523 108
130 8.1 44942.853202160506 27233.022112601953 126803.91015625 10493.14794921875 43783.727915553034 190
140 3.5 51664.4517578125 27995.506190452754 126803.91015625 10493.14794921875 44130.182337011356 271
150 1.9 66634.59164268093 26099.82905877424 126803.91015625 10493.14794921875 44991.945179259856 306
160 0.5 106293.01220703125 35997.266291969085 149443.23706054688 10493.14794921875 46257.207587890625 325
170 0.1 103965.171875 0.0 149443.23706054688 10493.14794921875 47166.840991210935 330
180 0.5 124326.88872070312 28014.497090353736 158655.79418945313 10493.14794921875 47338.437157022985 331
190 0.4 100703.09197998047 33820.231812400496 158655.79418945313 10493.14794921875 48484.098638625364 336
200 0.6 133230.19079589844 35539.31647779143 180723.15209960938 10493.14794921875 49098.439736758955 340
210 0 0 0 180723.15209960938 10493.14794921875 50557.3718360504 346
220 0 0 0 180723.15209960938 10493.14794921875 50557.3718360504 346
230 0.2 131381.24340820313 6078.00537109375 180723.15209960938 10493.14794921875 50557.3718360504 346
240 0 0 0 180723.15209960938 10493.14794921875 51021.87684508576 348
250 0.2 148570.75244140625 1495.50341796875 180723.15209960938 10493.14794921875 51021.87684508576 348
260 0.3 172481.1746419271 7174.250749790839 181844.18505859375 10493.14794921875 51579.29899135045 350
270 0.2 177769.71655273438 4734.45654296875 182504.17309570313 10493.14794921875 52606.793685264696 353
280 0 0 0 182504.17309570313 10493.14794921875 53311.93691268706 355
290 0.5 193013.2587890625 7863.306916517957 205830.4091796875 10493.14794921875 53311.93691268706 355
300 0.3 192272.89933268228 2381.9488078125387 205830.4091796875 10493.14794921875 55252.23304985894 360
310 0.6 225015.5078125 13655.463907398407 253588.17504882813 10493.14794921875 56384.63525054343 363
320 0.5 230802.7865234375 23510.344445000366 266152.1540527344 10493.14794921875 59126.60065805492 369
330 0.3 245735.50838216147 27114.317705820176 276623.162109375 10493.14794921875 61421.73683272581 374
340 0.3 245473.3849283854 24866.737080771065 280406.1647949219 10493.14794921875 62888.424669989225 377
350 0.1 316914.2429199219 0.0 316914.2429199219 10493.14794921875 64329.88488255551 380
360 0.2 256000.63403320313 7934.4111328125 316914.2429199219 10493.14794921875 64992.83595351972 381
370 0.8 278566.7987976074 20562.879485793692 316914.2429199219 10493.14794921875 65990.26570850502 383
380 0.6 274744.3710123698 9021.20718129773 316914.2429199219 10493.14794921875 70339.65768986773 391
390 0.4 295453.15173339844 2019.6718066567094 316914.2429199219 10493.14794921875 73428.89768970403 397
400 0.4 312081.439453125 20217.748803866736 332306.22900390625 10493.14794921875 75643.60346570099 401
410 0.5 315182.5523925781 15148.892208128964 338911.9738769531 10493.14794921875 77978.79196928049 405
420 0.3 331908.5036621094 29740.879266981614 373928.1379394531 10493.14794921875 80871.52075493046 410
430 0.2 339840.23986816406 4926.9920654296875 373928.1379394531 10493.14794921875 82695.03394796081 413
440 0.1 346246.0681152344 0.0 373928.1379394531 10493.14794921875 83934.28795239552 415
450 0.7 360889.36289760045 15475.14439691307 389457.1320800781 10493.14794921875 84564.8451162485 416
460 0.3 357784.0974121094 9749.449320054478 389457.1320800781 10493.14794921875 89137.59127338672 423
470 1.1 369721.2042125355 14779.512041274971 410497.1950683594 10493.14794921875 91029.46807718053 426
480 0.6 379807.51037597656 8027.158852779131 410497.1950683594 10493.14794921875 98044.59187006133 437
486 0.1 393531.1911621094 0.0 410497.1950683594 10493.14794921875 101860.79392657484 443
