0 1 10
10 1.2 22
20 0.8 30
30 1.9 49
40 2.2 71
50 1.9 90
60 4.2 132
70 3.7 169
80 3.3 202
90 7.8 280
100 8.5 365
110 7 435
120 0.9 444
130 0 444
140 0 444
150 0 444
160 0 444
170 0 444
180 0 444
190 0 444
200 0 444
210 0 444
220 0 444
230 0 444
240 0 444
250 0 444
260 0 444
270 0 444
280 0 444
290 0 444
300 0 444
310 0 444
320 0 444
330 0 444
340 0 444
350 0 444
360 0 444
370 0 444
380 0 444
390 0 444
400 0 444
410 0 444
420 0 444
430 0 444
440 0 444
450 0 444
460 0 444
470 0 444
480 0 444
486 0 444
