0 0.7 20.440848214285715 46.793568512249266 135.06103515625 1.205078125 0 0
10 1.4 1.3809116908482142 0.23928155237108467 135.06103515625 1.157958984375 20.440848214285715 7
20 0.9 1.6968044704861112 1.0900753566305137 135.06103515625 1.0908203125 7.734223865327381 21
30 2.1 1.8778831845238095 1.1774264974406987 135.06103515625 1.077880859375 5.922998046875 30
40 1.5 1.7359049479166666 0.9515329852970362 135.06103515625 1.077880859375 4.257362515318627 51
50 2.2 1.7068980823863635 0.8062749818720444 135.06103515625 0.93994140625 3.684303977272727 66
60 3.8 4.4958753083881575 10.74167912480924 135.06103515625 0.89501953125 3.1899525035511362 88
70 4.6 1.4135901409646734 0.3824497606356105 135.06103515625 0.89501953125 3.583802238343254 126
80 3.7 1.5506162901182432 0.9685067618162492 135.06103515625 0.89501953125 3.0033966774164242 172
90 7 1.4681919642857146 0.591616478896035 135.06103515625 0.89501953125 2.746205891148325 209
100 8.9 1.5140476869733144 0.6460754599836815 135.06103515625 0.89501953125 2.4255572356630823 279
110 8.1 1.7403669945987654 1.1797487456807814 135.06103515625 0.89501953125 2.2051106328549595 368
120 0 0 0 135.06103515625 0.89501953125 2.121270466488029 449
130 0 0 0 135.06103515625 0.89501953125 2.121270466488029 449
140 0 0 0 135.06103515625 0.89501953125 2.121270466488029 449
150 0 0 0 135.06103515625 0.89501953125 2.121270466488029 449
160 0 0 0 135.06103515625 0.89501953125 2.121270466488029 449
170 0 0 0 135.06103515625 0.89501953125 2.121270466488029 449
180 0 0 0 135.06103515625 0.89501953125 2.121270466488029 449
190 0 0 0 135.06103515625 0.89501953125 2.121270466488029 449
199 0 0 0 135.06103515625 0.89501953125 2.121270466488029 449
