0 0.1 2.7864125311214805 0 2.7864125311214805 2.7864125311214805 0 0
10 0.1 2.4630541871921183 0.0 2.7864125311214805 2.4630541871921183 2.7864125311214805 1
20 0.1 2.857142857142857 0.0 2.857142857142857 2.4630541871921183 2.6247333591567994 2
30 0.1 3.216374269005848 0.0 3.216374269005848 2.4630541871921183 2.702203191818819 3
40 0.1 3.057199211045365 0.0 3.216374269005848 2.4630541871921183 2.830745961115576 4
50 0.1 3.353057199211045 0.0 3.353057199211045 2.4630541871921183 2.876036611101534 5
60 0.1 3.0632411067193677 0.0 3.353057199211045 2.4630541871921183 2.955540042453119 6
70 0.1 5.680705190989226 0.0 5.680705190989226 2.4630541871921183 2.9709259087768687 7
80 0.1 5.237154150197629 0.0 5.680705190989226 2.4630541871921183 3.309648319053413 8
90 0.1 5.658536585365854 0.0 5.680705190989226 2.4630541871921183 3.523815633624993 9
100 0.1 7.142857142857142 0.0 7.142857142857142 2.4630541871921183 3.737287728799079 10
110 0.1 6.607495069033531 0.0 7.142857142857142 2.4630541871921183 4.046884948258903 11
120 0.1 8.217821782178218 0.0 8.217821782178218 2.4630541871921183 4.2602691249901214 12
130 0.1 4.585365853658536 0.0 8.217821782178218 2.4630541871921183 4.564696252466129 13
140 0.1 4.536679536679537 0.0 8.217821782178218 2.4630541871921183 4.566172652551301 14
150 0.1 2.6548672566371683 0.0 8.217821782178218 2.4630541871921183 4.5642064448265165 15
160 0.1 3.645320197044335 0.0 8.217821782178218 2.4630541871921183 4.444872745564683 16
170 0.1 3.3333333333333335 0.0 8.217821782178218 2.4630541871921183 4.397840242710545 17
180 0.1 2.0689655172413794 0.0 8.217821782178218 2.0689655172413794 4.338700969967366 18
190 0.1 3.3398821218074657 0.0 8.217821782178218 2.0689655172413794 4.219241209297577 19
199 0.1 1.0869565217391304 0.0 8.217821782178218 1.0869565217391304 4.175273254923072 20
