0 0.1 0.08984375 0 0.08984375 0.08984375 0 0
10 0.1 0.078125 0.0 0.08984375 0.078125 0.08984375 1
20 0.1 0.0703125 0.0 0.08984375 0.0703125 0.083984375 2
30 0.1 0.05859375 0.0 0.08984375 0.05859375 0.07942708333333333 3
40 0.1 0.05078125 0.0 0.08984375 0.05078125 0.07421875 4
50 0.1 0.0390625 0.0 0.08984375 0.0390625 0.06953125 5
60 0.1 0.0390625 0.0 0.08984375 0.0390625 0.064453125 6
70 0.1 0.109375 0.0 0.109375 0.0390625 0.060825892857142856 7
80 0.1 0.08984375 0.0 0.109375 0.0390625 0.06689453125 8
90 0.1 0.078125 0.0 0.109375 0.0390625 0.06944444444444445 9
100 0.1 0.0703125 0.0 0.109375 0.0390625 0.0703125 10
110 0.1 0.05859375 0.0 0.109375 0.0390625 0.0703125 11
120 0.1 0.05078125 0.0 0.109375 0.0390625 0.0693359375 12
130 0.1 0.0390625 0.0 0.109375 0.0390625 0.06790865384615384 13
140 0.1 0.03125 0.0 0.109375 0.03125 0.06584821428571427 14
150 0.1 0.03125 0.0 0.109375 0.03125 0.06354166666666665 15
160 0.1 0.1015625 0.0 0.109375 0.03125 0.061523437499999986 16
170 0.1 0.078125 0.0 0.109375 0.03125 0.06387867647058822 17
180 0.1 0.0703125 0.0 0.109375 0.03125 0.06467013888888888 18
190 0.1 0.05859375 0.0 0.109375 0.03125 0.06496710526315788 19
199 0.1 0.05078125 0.0 0.109375 0.03125 0.06464843749999999 20
