0 1.6 31.00195312499999 35.464338391133374 146.613037109375 10.7529296875 0 0
10 3.8 282.78738563939146 1039.8984410078847 4722.569091796875 10.7529296875 31.00195312499999 16
20 4.4 790.8983931107953 1691.2975188543785 5278.822998046875 10.399169921875 208.1842945240162 54
30 5.1 455.7549833409926 1289.7960110988768 5278.822998046875 10.048095703125 469.81103266501907 98
40 5.6 384.26561192103793 1281.9332606977412 6030.14892578125 10.048095703125 464.9999016883389 149
50 9 438.59005533854156 1481.695568395176 7013.4130859375 8.9169921875 442.94565667873474 205
60 10.7 268.11448598130846 1031.39500692627 7013.4130859375 8.9169921875 441.6168291512182 295
70 14.8 321.02030656144433 1061.3617299493487 8956.034912109375 8.9169921875 395.43585721295864 402
80 12.5 1658.01993359375 2408.732973198403 11971.173828125 8.9169921875 375.41130903764207 550
90 8.8 3712.244229403409 3512.267059440813 13398.013916015625 8.9169921875 612.9314246961806 675
100 13.9 3412.631923757869 3004.431924187842 13414.052001953125 8.9169921875 970.3882095116932 763
110 29.3 6596.875424954674 4636.669052956817 17711.427001953125 1.952880859375 1346.7428395341083 902
120 3.8 11141.855243883634 3900.789562703214 25713.77001953125 1.952880859375 2634.0138416497784 1195
130 3.7 14427.499412742822 2306.1236470078147 25713.77001953125 1.952880859375 2896.2181995450637 1233
140 15.4 11062.809039227373 6610.900846808671 25713.77001953125 1.952880859375 3232.1689120555493 1270
150 6.5 13016.732542067308 4573.81748709195 31970.614990234375 1.952880859375 4079.021847156997 1424
160 1.7 21059.2970904182 1819.4815105332202 31970.614990234375 1.952880859375 4469.183831824002 1489
170 11.3 20704.611472880955 10844.376859740161 34083.552978515625 1.952880859375 4656.45602664213 1506
180 3.5 6788.8936802455355 11989.263872596171 41444.13916015625 1.952880859375 5776.55581998678 1619
190 6.1 10038.80584416624 9835.315428385875 41444.13916015625 1.952880859375 5797.977721503743 1654
199 0.1 11.6630859375 0.0 41444.13916015625 1.952880859375 5948.817672222351 1715
