0 0.1 7605.2978515625 0 7605.2978515625 7605.2978515625 0 0
10 0.8 4726.497863769531 4216.127158436305 10734.796875 513.14404296875 7605.2978515625 1
20 0.9 11566.195746527777 5031.255104862824 20588.966064453125 513.14404296875 5046.364529079861 9
30 1.3 7155.500319260817 5765.241049530242 20588.966064453125 133.10888671875 8306.28013780382 18
40 1.1 5693.952547940341 4688.240825067617 20588.966064453125 133.10888671875 7823.6950526083665 31
50 2.4 12980.268381754557 10365.349067513373 35525.048095703125 133.10888671875 7265.905349004836 42
60 2.7 10093.919189453125 11060.328833740346 50629.501953125 89.170166015625 9343.855542732008 66
70 3.2 7881.656684875489 7485.36651589272 50629.501953125 29.03515625 9561.615956296202 93
80 2.4 10628.577779134113 7639.722885152155 50629.501953125 29.03515625 9131.5463828125 125
90 2.1 12597.308035714286 10233.85524593548 50629.501953125 29.03515625 9372.678956716652 149
100 4.7 14123.867701753657 13747.37113877563 53711.342041015625 29.03515625 9771.015490004596 170
110 5.7 15541.381668893915 13112.797854575752 53711.342041015625 29.03515625 10713.799148770522 217
120 2.6 16400.79454627404 13138.39463809969 53711.342041015625 29.03515625 11718.077264270643 274
130 0.3 44078.561279296875 5441.250690947876 53711.342041015625 29.03515625 12123.91276204427 300
140 2.5 50018.16869140625 7947.458544653587 78264.87084960938 29.03515625 12440.29542063093 303
150 0.9 58407.168646918406 4750.416820296762 78264.87084960938 29.03515625 15304.462590659537 328
160 0.2 65521.93408203125 2388.75390625 78264.87084960938 29.03515625 16455.57343489197 337
170 2.9 73866.45905172414 8647.398744123979 97165.748046875 29.03515625 16745.050488857392 339
180 3.3 74526.51191850139 6967.22947564829 97165.748046875 29.03515625 21246.465837561565 368
190 4.7 82859.89619867851 6095.885437293427 102848.94189453125 29.03515625 25631.108033748635 401
199 0.1 95029.13989257813 0.0 102848.94189453125 29.03515625 31635.021077837264 448
