0 600.98125 600.98125
10 4494.66796875 5095.64921875
20 5526.96328125 10622.6125
30 4534.1953125 15156.8078125
40 4975.6234375 20132.43125
50 8155.62421875 28288.05546875
60 6290.89375 34578.94921875
70 9554.00390625 44132.953125
80 11164.228125 55297.18125
90 9962.28125 65259.4625
100 11341.95 76601.4125
110 21622.56015625 98223.97265625
120 5535.57109375 103759.54375
130 10747.0015625 114506.5453125
140 5919.93359375 120426.47890625
150 7310.65078125 127737.1296875
160 7125.39296875 134862.52265625
170 1771.3984375 136633.92109375
180 2885.96171875 139519.8828125
190 3007.18671875 142527.06953125
199 21.24921875 142548.31875
