0 0.9 13.205647786458334 35.07516904259851 112.4130859375 0.742919921875 0 0
10 0.8 0.767120361328125 0.034508013761182635 112.4130859375 0.701904296875 13.205647786458334 9
20 0.6 0.7611083984375 0.04076752481630858 112.4130859375 0.678955078125 7.352223115808823 17
30 1.9 0.7451685855263158 0.07344115223393888 112.4130859375 0.60400390625 5.632801885190218 23
40 2.6 0.8060678335336539 0.12968389777107636 112.4130859375 0.60400390625 3.4217296781994047 42
50 1.9 0.8049958881578947 0.2731516652527952 112.4130859375 0.574951171875 2.4216236787683822 68
60 3.4 0.7686767578125 0.1013873778323756 112.4130859375 0.574951171875 2.068567034841954 87
70 4.1 0.6966701600609756 0.06832919206156406 112.4130859375 0.552978515625 1.7033086098915289 121
80 3.4 0.7617833754595589 0.17893451776825015 112.4130859375 0.552978515625 1.4485420886381173 162
90 6 0.6750651041666667 0.0646822448823678 112.4130859375 0.51513671875 1.329410475127551 196
100 6.3 0.7333558097718254 0.5988002869329992 112.4130859375 0.490966796875 1.1760482788085938 256
110 8.9 0.6579233233848316 0.09500427825359742 112.4130859375 0.485107421875 1.0886199855505485 319
120 2.6 0.6166522686298077 0.0436448489027117 112.4130859375 0.485107421875 0.9946689979702819 408
130 0 0 0 112.4130859375 0.485107421875 0.9720228344614056 434
140 0 0 0 112.4130859375 0.485107421875 0.9720228344614056 434
150 0 0 0 112.4130859375 0.485107421875 0.9720228344614056 434
160 0 0 0 112.4130859375 0.485107421875 0.9720228344614056 434
170 0.1 0.760009765625 0.0 112.4130859375 0.485107421875 0.9720228344614056 434
180 0 0 0 112.4130859375 0.485107421875 0.9715354480962644 435
190 0 0 0 112.4130859375 0.485107421875 0.9715354480962644 435
200 0 0 0 112.4130859375 0.485107421875 0.9715354480962644 435
210 0.1 0.77587890625 0.0 112.4130859375 0.485107421875 0.9715354480962644 435
219 0 0 0 112.4130859375 0.485107421875 0.9710866945599197 436
