0 0.1 3.325303977407744 0 3.325303977407744 3.325303977407744 0 0
10 0.1 2.75049115913556 0.0 3.325303977407744 2.75049115913556 3.325303977407744 1
20 0.1 1.8700787401574805 0.0 3.325303977407744 1.8700787401574805 3.037897568271652 2
30 0.1 2.7450980392156863 0.0 3.325303977407744 1.8700787401574805 2.6486246255669283 3
40 0.1 3.645320197044335 0.0 3.645320197044335 1.8700787401574805 2.6727429789791177 4
50 0.1 2.649656526005888 0.0 3.645320197044335 1.8700787401574805 2.867258422592161 5
60 0.1 2.3738872403560833 0.0 3.645320197044335 1.8700787401574805 2.8309914398277822 6
70 0.1 3.831041257367387 0.0 3.831041257367387 1.8700787401574805 2.765690839903254 7
80 0.1 4.322200392927308 0.0 4.322200392927308 1.8700787401574805 2.8988596420862702 8
90 0.1 5.206286836935167 0.0 5.206286836935167 1.8700787401574805 3.057008614401941 9
100 0.1 7.32421875 0.0 7.32421875 1.8700787401574805 3.271936436655264 10
110 0.1 7.669902912621359 0.0 7.669902912621359 1.8700787401574805 3.6403257378684217 11
120 0.1 9.239653512993263 0.0 9.239653512993263 1.8700787401574805 3.9761238357645 12
130 0.1 7.953443258971872 0.0 9.239653512993263 1.8700787401574805 4.381010734012866 13
140 0.1 5.484818805093046 0.0 9.239653512993263 1.8700787401574805 4.636184485795653 14
150 0.1 3.902439024390244 0.0 9.239653512993263 1.8700787401574805 4.692760107082146 15
160 0.1 3.048180924287119 0.0 9.239653512993263 1.8700787401574805 4.643365039413902 16
170 0.1 2.564102564102564 0.0 9.239653512993263 1.8700787401574805 4.5495306797005615 17
180 0.1 3.257650542941757 0.0 9.239653512993263 1.8700787401574805 4.4392291177228955 18
190 0.1 3.2448377581120944 0.0 9.239653512993263 1.8700787401574805 4.377040771681783 19
200 0.1 1.678183613030602 0.0 9.239653512993263 1.678183613030602 4.3204306210032986 20
210 0.1 1.4749262536873156 0.0 9.239653512993263 1.4749262536873156 4.1946093349093605 21
219 0.1 1.2807881773399015 0.0 9.239653512993263 1.2807881773399015 4.070987376671995 22
