0 0.1 3147.98828125 0 3147.98828125 3147.98828125 0 0
10 0.1 3148.61328125 0.0 3148.61328125 3147.98828125 3147.98828125 1
20 0.1 3149.0234375 0.0 3149.0234375 3147.98828125 3148.30078125 2
30 0.1 3148.796875 0.0 3149.0234375 3147.98828125 3148.5416666666665 3
40 0.1 3145.65234375 0.0 3149.0234375 3145.65234375 3148.60546875 4
50 0.1 3146.4921875 0.0 3149.0234375 3145.65234375 3148.01484375 5
60 0.1 3145.36328125 0.0 3149.0234375 3145.36328125 3147.7610677083335 6
70 0.1 3145.23828125 0.0 3149.0234375 3145.23828125 3147.418526785714 7
80 0.1 3143.24609375 0.0 3149.0234375 3143.24609375 3147.14599609375 8
90 0.1 3141.05078125 0.0 3149.0234375 3141.05078125 3146.7126736111113 9
100 0.1 3137.21875 0.0 3149.0234375 3137.21875 3146.146484375 10
110 0.1 3136.1015625 0.0 3149.0234375 3136.1015625 3145.334872159091 11
120 0.1 3135.609375 0.0 3149.0234375 3135.609375 3144.5654296875 12
130 0.1 3135.50390625 0.0 3149.0234375 3135.50390625 3143.876502403846 13
140 0.1 3135.4140625 0.0 3149.0234375 3135.4140625 3143.2784598214284 14
150 0.1 3135.46484375 0.0 3149.0234375 3135.4140625 3142.7541666666666 15
160 0.1 3135.21875 0.0 3149.0234375 3135.21875 3142.298583984375 16
170 0.1 3135.26171875 0.0 3149.0234375 3135.21875 3141.882123161765 17
180 0.1 3135.1484375 0.0 3149.0234375 3135.1484375 3141.5143229166665 18
190 0.1 3135.21484375 0.0 3149.0234375 3135.1484375 3141.1792763157896 19
200 0.1 3135.34375 0.0 3149.0234375 3135.1484375 3140.8810546875 20
210 0.1 3135.41015625 0.0 3149.0234375 3135.1484375 3140.6173735119046 21
219 0.1 3135.4609375 0.0 3149.0234375 3135.1484375 3140.380681818182 22
