0 0.1 0.26953125 0 0.26953125 0.26953125 0 0
10 0.1 0.23046875 0.0 0.26953125 0.23046875 0.26953125 1
20 0.1 0.19140625 0.0 0.26953125 0.19140625 0.25 2
30 0.1 0.16015625 0.0 0.26953125 0.16015625 0.23046875 3
40 0.1 0.140625 0.0 0.26953125 0.140625 0.212890625 4
50 0.1 0.12109375 0.0 0.26953125 0.12109375 0.1984375 5
60 0.1 0.1015625 0.0 0.26953125 0.1015625 0.185546875 6
70 0.1 0.078125 0.0 0.26953125 0.078125 0.17354910714285715 7
80 0.1 0.0703125 0.0 0.26953125 0.0703125 0.16162109375 8
90 0.1 0.05859375 0.0 0.26953125 0.05859375 0.15147569444444445 9
100 0.1 0.05078125 0.0 0.26953125 0.05078125 0.1421875 10
110 0.1 0.0390625 0.0 0.26953125 0.0390625 0.1338778409090909 11
120 0.1 0.26953125 0.0 0.26953125 0.0390625 0.1259765625 12
130 0.1 0.23046875 0.0 0.26953125 0.0390625 0.13701923076923078 13
140 0.1 0.19140625 0.0 0.26953125 0.0390625 0.14369419642857142 14
150 0.1 0.16015625 0.0 0.26953125 0.0390625 0.146875 15
160 0.1 0.140625 0.0 0.26953125 0.0390625 0.147705078125 16
170 0.1 0.12109375 0.0 0.26953125 0.0390625 0.14728860294117646 17
180 0.1 0.1015625 0.0 0.26953125 0.0390625 0.14583333333333334 18
190 0.1 0.078125 0.0 0.26953125 0.0390625 0.1435032894736842 19
200 0.1 0.0703125 0.0 0.26953125 0.0390625 0.140234375 20
210 0.1 0.05859375 0.0 0.26953125 0.0390625 0.13690476190476192 21
219 0.1 0.05078125 0.0 0.26953125 0.0390625 0.13334517045454547 22
