10 0.1 2113 0 2113 2113 0 0
20 0.1 2701.0 0.0 2701 2113 2113.0 1
30 0.1 5503.0 0.0 5503 2113 2407.0 2
40 0.1 9379.0 0.0 9379 2113 3439.0 3
50 0.1 2679.0 0.0 9379 2113 4924.0 4
60 0.1 4648.0 0.0 9379 2113 4475.0 5
70 0.1 5536.0 0.0 9379 2113 4503.833333333333 6
80 0.1 7037.0 0.0 9379 2113 4651.285714285715 7
90 0.1 6634.0 0.0 9379 2113 4949.5 8
100 0.1 7873.0 0.0 9379 2113 5136.666666666667 9
110 0.1 4438.0 0.0 9379 2113 5410.3 10
120 0.1 3849.0 0.0 9379 2113 5321.909090909091 11
130 0.1 4515.0 0.0 9379 2113 5199.166666666667 12
140 0.1 4648.0 0.0 9379 2113 5146.538461538462 13
150 0.1 3254.0 0.0 9379 2113 5110.928571428572 14
160 0.1 4613.0 0.0 9379 2113 4987.133333333333 15
170 0.1 4045.0 0.0 9379 2113 4963.75 16
180 0.1 4227.0 0.0 9379 2113 4909.705882352941 17
190 0.1 5984.0 0.0 9379 2113 4871.777777777777 18
200 0.1 1007.0 0.0 9379 1007 4930.315789473684 19
210 0.1 126.0 0.0 9379 126 4734.15 20
219 0.1 159.0 0.0 9379 126 4514.714285714285 21
