0 2.3 197.23427946671197 783.318783554874 3868.663818359375 7.27783203125 0 0
10 1.7 43.77956973805147 41.78767356305587 3868.663818359375 7.27783203125 197.23427946671197 23
20 4.4 3443.2052889737215 3856.7585260842525 13382.544921875 7.27783203125 132.01602783203126 40
30 8.9 2353.007203520014 3245.9005060643644 16739.95703125 7.27783203125 1866.448497953869 84
40 2.3 5591.080959154211 4896.8725388608045 16739.95703125 7.27783203125 2116.7590459040825 173
50 6.7 8153.619596111244 1888.9252559386377 16739.95703125 7.27783203125 2524.4600867446593 196
60 5.7 10075.62845651727 4172.22054658954 20650.586181640625 1.63818359375 3958.50452449204 263
70 20.3 4738.305403084592 6668.29456097882 22887.869140625 0.697998046875 5048.117224884035 320
80 33.5 2845.9817506704762 6258.7179487818175 27134.60595703125 0.673095703125 4927.865217569911 523
90 49.7 2723.6558250872413 6095.528956804253 29146.73095703125 0.641845703125 4115.00861918843 858
100 66.6 1032.7633265589816 4329.7589171020645 30436.288818359375 0.631103515625 3604.674789912939 1355
110 85.7 708.3100329547116 3448.413751876368 30436.288818359375 0.631103515625 2757.127518961066 2021
120 79.5 1203.5194102545204 5387.957009817585 31568.2509765625 0.6162109375 2147.0383648584093 2878
130 50.1 1351.9199803517963 5943.618563512729 36204.114013671875 0.613037109375 1942.8190430751008 3673
140 24.1 5162.530400066456 11799.254112894194 38602.639892578125 0.613037109375 1871.8941675541676 4174
150 14.9 5464.818678887896 12619.077642053931 45703.26416015625 0.613037109375 2051.518931322109 4415
160 11.4 7448.884230228894 13903.93438560402 45703.26416015625 0.613037109375 2162.952249110738 4564
170 24 11379.411688232427 12184.616538622497 47595.18701171875 0.613037109375 2291.767179817765 4678
180 13 3432.043657977764 4997.619921514047 47595.18701171875 0.613037109375 2735.247188361791 4918
190 9.5 603.2354492187502 2686.879649617523 47595.18701171875 0.613037109375 2753.191629932725 5048
200 3.8 8.010761461759868 1.4409796376395725 47595.18701171875 0.613037109375 2713.4782647435695 5143
210 1.8 8.011895073784721 0.7650381023187052 47595.18701171875 0.613037109375 2693.6350365782137 5181
219 0.9 7.82177734375 0.5247651023749191 47595.18701171875 0.613037109375 2684.3368606699464 5199
