40 0.2 41889.87353515625 3680.9736328125 45570.84716796875 38208.89990234375 0 0
50 0.1 43464.614990234375 0.0 45570.84716796875 38208.89990234375 41889.87353515625 2
60 0.1 59017.85888671875 0.0 59017.85888671875 38208.89990234375 42414.787353515625 3
70 0.2 68394.99462890625 4131.321533203125 72526.31616210938 38208.89990234375 46565.555236816406 4
80 0.3 56936.16267903646 14740.452629376914 74883.00708007813 38208.89990234375 53842.03503417969 6
90 1 51073.72360839844 23474.330596416177 92784.71997070313 18283.083984375 54873.41091579861 9
100 2.2 46797.07103382457 17216.218167805946 92784.71997070313 14541.927001953125 52873.57549085115 19
110 5.3 54386.92989939564 25554.099288006233 105940.92407226563 9780.1279296875 49613.01212366616 41
120 5.9 39743.46652790651 24980.138300625717 120227.00415039063 9780.1279296875 52304.68916742852 94
130 7.1 44425.04033134352 24004.957541266307 120227.00415039063 9780.1279296875 47460.81899924683 153
140 4 48087.06273193359 22493.481550786117 120227.00415039063 9780.1279296875 46498.5855821882 224
150 2.2 62422.05963689631 27854.563633854697 120227.00415039063 9780.1279296875 46739.26393821023 264
160 1.9 65374.00681023849 26910.90713196553 151286.32299804688 9780.1279296875 47945.63283810916 286
170 4.5 83867.28778211806 25388.75907223547 163820.4189453125 9780.1279296875 49031.3348232582 305
180 4.3 87661.22243482013 22837.961306398778 163820.4189453125 9780.1279296875 53510.243060825895 350
190 2 88743.54705810548 16635.558520418508 163820.4189453125 9780.1279296875 57246.86421370567 393
200 1.3 94987.64888822116 17419.433134264316 163820.4189453125 9780.1279296875 58772.127305444155 413
210 0.5 116993.29125976563 28796.276386734342 173879.01391601563 9780.1279296875 59877.29580444909 426
219 0.3 116173.1786295573 5014.865838936016 173879.01391601563 9780.1279296875 60539.89435961517 431
