0 1920.16640625 1920.16640625
10 1799.39375 3719.56015625
20 7631.92265625 11351.4828125
30 8729.41171875 20080.89453125
40 3968.75625 24049.65078125
50 5534.21171875 29583.8625
60 4772.5609375 34356.4234375
70 8720.3078125 43076.73125
80 6969.259375 50045.990625
90 8062.5046875 58108.4953125
100 3179.12109375 61287.61640625
110 3697.4984375 64985.11484375
120 4773.3796875 69758.49453125
130 3204.67265625 72963.1671875
140 4817.43046875 77780.59765625
150 3335.01796875 81115.615625
160 3797.20390625 84912.81953125
170 6116.53671875 91029.35625
180 3450.54140625 94479.89765625
190 3877.765625 98357.66328125
200 171.86171875 98529.525
210 76.83046875 98606.35546875
219 38.41171875 98644.7671875
