0 1.1 11.06103515625 32.40709433747757 113.5400390625 0.6220703125 0 0
10 1 0.790771484375 0.06686966705449311 113.5400390625 0.6220703125 11.06103515625 11
20 0.8 0.77984619140625 0.0331048633441314 113.5400390625 0.6220703125 6.170433407738095 21
30 1.7 0.7208180147058824 0.05562361706346828 113.5400390625 0.597900390625 4.683374865301724 29
40 2.4 0.7376505533854166 0.1609732856078576 113.5400390625 0.529052734375 3.2189516813858696 46
50 2 0.76317138671875 0.05173123090954979 113.5400390625 0.529052734375 2.3682198660714286 70
60 3.1 0.793913810483871 0.22432901820431903 113.5400390625 0.529052734375 2.0115424262152777 90
70 3 0.7096435546875 0.08321572150214389 113.5400390625 0.529052734375 1.6995879874741735 121
80 4.6 0.6733451511548911 0.24156302930411647 113.5400390625 0.528076171875 1.5029102855960266 151
90 7.7 0.708270977069805 0.8902489619623565 113.5400390625 0.489013671875 1.3092047212087563 197
100 9.4 0.5929344664228723 0.048125707758583026 113.5400390625 0.489013671875 1.1403291799726278 274
110 7.2 0.6319105360243057 0.20822892608237834 113.5400390625 0.489013671875 1.0005055303158967 368
120 0 0 0 113.5400390625 0.489013671875 0.9401899857954545 440
130 0 0 0 113.5400390625 0.489013671875 0.9401899857954545 440
140 0 0 0 113.5400390625 0.489013671875 0.9401899857954545 440
150 0 0 0 113.5400390625 0.489013671875 0.9401899857954545 440
160 0 0 0 113.5400390625 0.489013671875 0.9401899857954545 440
170 0 0 0 113.5400390625 0.489013671875 0.9401899857954545 440
180 0 0 0 113.5400390625 0.489013671875 0.9401899857954545 440
190 0 0 0 113.5400390625 0.489013671875 0.9401899857954545 440
200 0 0 0 113.5400390625 0.489013671875 0.9401899857954545 440
210 0 0 0 113.5400390625 0.489013671875 0.9401899857954545 440
220 0.1 0.7470703125 0.0 113.5400390625 0.489013671875 0.9401899857954545 440
230 0.1 1.3779296875 0.0 113.5400390625 0.489013671875 0.9397520727040817 441
240 0 0 0 113.5400390625 0.489013671875 0.9407434247737556 442
250 0 0 0 113.5400390625 0.489013671875 0.9407434247737556 442
260 0 0 0 113.5400390625 0.489013671875 0.9407434247737556 442
270 0 0 0 113.5400390625 0.489013671875 0.9407434247737556 442
