0 0.1 0.0 0 0.0 0.0 0 0
10 0.1 0.0 0.0 0.0 0.0 0.0 1
20 0.1 0.078125 0.0 0.078125 0.0 0.0 2
30 0.1 0.1484375 0.0 0.1484375 0.0 0.026041666666666668 3
40 0.1 0.12890625 0.0 0.1484375 0.0 0.056640625 4
50 0.1 0.109375 0.0 0.1484375 0.0 0.07109375 5
60 0.1 0.078125 0.0 0.1484375 0.0 0.07747395833333333 6
70 0.1 0.0703125 0.0 0.1484375 0.0 0.07756696428571429 7
80 0.1 0.05859375 0.0 0.1484375 0.0 0.07666015625 8
90 0.1 0.05078125 0.0 0.1484375 0.0 0.07465277777777778 9
100 0.1 0.12109375 0.0 0.1484375 0.0 0.072265625 10
110 0.1 0.1796875 0.0 0.1796875 0.0 0.07670454545454546 11
120 0.1 0.16015625 0.0 0.1796875 0.0 0.08528645833333333 12
130 0.1 0.12890625 0.0 0.1796875 0.0 0.09104567307692307 13
140 0.1 0.109375 0.0 0.1796875 0.0 0.09375 14
150 0.1 0.08984375 0.0 0.1796875 0.0 0.09479166666666666 15
160 0.1 0.078125 0.0 0.1796875 0.0 0.094482421875 16
170 0.1 0.0703125 0.0 0.1796875 0.0 0.0935202205882353 17
180 0.1 0.05859375 0.0 0.1796875 0.0 0.09223090277777778 18
190 0.1 0.05078125 0.0 0.1796875 0.0 0.09046052631578948 19
200 0.1 0.0390625 0.0 0.1796875 0.0 0.0884765625 20
210 0.1 0.0390625 0.0 0.1796875 0.0 0.0861235119047619 21
220 0.1 0.03125 0.0 0.1796875 0.0 0.083984375 22
230 0.1 0.03125 0.0 0.1796875 0.0 0.08169157608695653 23
240 0.1 0.01953125 0.0 0.1796875 0.0 0.07958984375000001 24
250 0.1 0.01953125 0.0 0.1796875 0.0 0.07718750000000002 25
260 0.1 0.01953125 0.0 0.1796875 0.0 0.07496995192307694 26
270 0.1 0.01171875 0.0 0.1796875 0.0 0.07291666666666669 27
