0 9.21484375 9.21484375
10 6.9140625 16.12890625
20 2.02421875 18.153125
30 32.67734375 50.83046875
40 12.25859375 63.0890625
50 7.9984375 71.0875
60 10.25234375 81.33984375
70 21.153125 102.49296875
80 61.690625 164.18359375
90 96.64140625 260.825
100 153.30625 414.13125
110 212.55234375 626.68359375
120 153.165625 779.84921875
130 130.72734375 910.5765625
140 98.17734375 1008.75390625
150 54.16640625 1062.9203125
160 34.0484375 1096.96875
170 10.39765625 1107.36640625
180 21.02734375 1128.39375
190 4.6859375 1133.0796875
200 15.33984375 1148.41953125
210 10.48828125 1158.9078125
220 5.203125 1164.1109375
230 47.18125 1211.2921875
240 13.81171875 1225.10390625
250 25.225 1250.32890625
260 20.7921875 1271.12109375
270 5.2609375 1276.38203125
