0 0.9 15.48752170138889 39.31336358488333 126.676025390625 1.081787109375 0 0
10 0.9 1.54248046875 0.4141993746260523 126.676025390625 1.081787109375 15.48752170138889 9
20 0.3 1.5043131510416667 0.39356772898397124 126.676025390625 1.081787109375 8.515001085069445 18
30 1 1.61337890625 0.5805215208317727 126.676025390625 1.073974609375 7.513474237351191 21
40 2 1.6959228515625 0.4497299171944887 126.676025390625 1.073974609375 5.610217678931452 31
50 2.3 2.019223420516304 1.039763058806829 126.676025390625 1.073974609375 4.075200099571078 51
60 2.4 2.4853006998697915 4.27285888270613 126.676025390625 0.963134765625 3.436180320945946 74
70 4.9 1.8997329400510203 1.5978564733355496 126.676025390625 0.8818359375 3.203311842315051 98
80 3.5 1.982638113839285 1.6245668114426008 126.676025390625 0.8818359375 2.768785541560374 147
90 6.4 2.0091285705566406 1.591389137901496 126.676025390625 0.8818359375 2.6176033439217035 182
100 9 1.9047037760416667 1.2236448500652484 126.676025390625 0.8818359375 2.459300963859248 246
110 8.6 1.7984761082848837 1.4877694992332382 126.676025390625 0.8818359375 2.3107481456938244 336
120 1.5 3.0177897135416667 5.5499945693996615 126.676025390625 0.8818359375 2.2063514745630926 422
130 0 0 0 126.676025390625 0.8818359375 2.2342040456950802 437
140 0 0 0 126.676025390625 0.8818359375 2.2342040456950802 437
150 0 0 0 126.676025390625 0.8818359375 2.2342040456950802 437
160 0 0 0 126.676025390625 0.8818359375 2.2342040456950802 437
170 0 0 0 126.676025390625 0.8818359375 2.2342040456950802 437
180 0 0 0 126.676025390625 0.8818359375 2.2342040456950802 437
190 0 0 0 126.676025390625 0.8818359375 2.2342040456950802 437
200 0 0 0 126.676025390625 0.8818359375 2.2342040456950802 437
210 0 0 0 126.676025390625 0.8818359375 2.2342040456950802 437
220 0 0 0 126.676025390625 0.8818359375 2.2342040456950802 437
230 0 0 0 126.676025390625 0.8818359375 2.2342040456950802 437
240 0 0 0 126.676025390625 0.8818359375 2.2342040456950802 437
250 0 0 0 126.676025390625 0.8818359375 2.2342040456950802 437
260 0 0 0 126.676025390625 0.8818359375 2.2342040456950802 437
270 0 0 0 126.676025390625 0.8818359375 2.2342040456950802 437
280 0 0 0 126.676025390625 0.8818359375 2.2342040456950802 437
290 0 0 0 126.676025390625 0.8818359375 2.2342040456950802 437
300 0 0 0 126.676025390625 0.8818359375 2.2342040456950802 437
310 0 0 0 126.676025390625 0.8818359375 2.2342040456950802 437
320 0 0 0 126.676025390625 0.8818359375 2.2342040456950802 437
330 0 0 0 126.676025390625 0.8818359375 2.2342040456950802 437
340 0 0 0 126.676025390625 0.8818359375 2.2342040456950802 437
350 0 0 0 126.676025390625 0.8818359375 2.2342040456950802 437
360 0 0 0 126.676025390625 0.8818359375 2.2342040456950802 437
370 0 0 0 126.676025390625 0.8818359375 2.2342040456950802 437
380 0 0 0 126.676025390625 0.8818359375 2.2342040456950802 437
390 0 0 0 126.676025390625 0.8818359375 2.2342040456950802 437
400 0 0 0 126.676025390625 0.8818359375 2.2342040456950802 437
410 0 0 0 126.676025390625 0.8818359375 2.2342040456950802 437
420 0 0 0 126.676025390625 0.8818359375 2.2342040456950802 437
430 0 0 0 126.676025390625 0.8818359375 2.2342040456950802 437
440 0 0 0 126.676025390625 0.8818359375 2.2342040456950802 437
450 0 0 0 126.676025390625 0.8818359375 2.2342040456950802 437
460 0 0 0 126.676025390625 0.8818359375 2.2342040456950802 437
470 0 0 0 126.676025390625 0.8818359375 2.2342040456950802 437
480 0 0 0 126.676025390625 0.8818359375 2.2342040456950802 437
490 0 0 0 126.676025390625 0.8818359375 2.2342040456950802 437
497 0 0 0 126.676025390625 0.8818359375 2.2342040456950802 437
