0 0.1 3.250331059917007 0 3.250331059917007 3.250331059917007 0 0
10 0.1 2.949852507374631 0.0 3.250331059917007 2.949852507374631 3.250331059917007 1
20 0.1 4.738400789733465 0.0 4.738400789733465 2.949852507374631 3.1000917836458193 2
30 0.1 5.009823182711198 0.0 5.009823182711198 2.949852507374631 3.6461947856750343 3
40 0.1 5.899705014749262 0.0 5.899705014749262 2.949852507374631 3.9871018849340754 4
50 0.1 7.5322101090188305 0.0 7.5322101090188305 2.949852507374631 4.369622510897113 5
60 0.1 8.69140625 0.0 8.69140625 2.949852507374631 4.896720443917399 6
70 0.1 12.124151309408342 0.0 12.124151309408342 2.949852507374631 5.438818416214914 7
80 0.1 13.026444662095985 0.0 13.026444662095985 2.949852507374631 6.274485027864092 8
90 0.1 11.023622047244094 0.0 13.026444662095985 2.949852507374631 7.024702765000969 9
100 0.1 15.310077519379844 0.0 15.310077519379844 2.949852507374631 7.424594693225281 10
110 0.1 17.65853658536585 0.0 17.65853658536585 2.949852507374631 8.141456768330242 11
120 0.1 17.85028790786948 0.0 17.85028790786948 2.949852507374631 8.93454675308321 12
130 0.1 8.7426326129666 0.0 17.85028790786948 2.949852507374631 9.620372995759075 13
140 0.1 11.448140900195694 0.0 17.85028790786948 2.949852507374631 9.55767725413104 14
150 0.1 14.147286821705427 0.0 17.85028790786948 2.949852507374631 9.683708163868683 15
160 0.1 12.855740922473014 0.0 17.85028790786948 2.949852507374631 9.96268182998348 16
170 0.1 9.617271835132483 0.0 17.85028790786948 2.949852507374631 10.13286177660051 17
180 0.1 8.797653958944283 0.0 17.85028790786948 2.949852507374631 10.104217890963398 18
190 0.1 8.840864440078585 0.0 17.85028790786948 2.949852507374631 10.03545136822555 19
200 0.1 8.259587020648967 0.0 17.85028790786948 2.949852507374631 9.975722021818202 20
210 0.1 11.328125 0.0 17.85028790786948 2.949852507374631 9.89400130747681 21
220 0.1 11.133004926108374 0.0 17.85028790786948 2.949852507374631 9.959188748046046 22
230 0.1 10.433070866141732 0.0 17.85028790786948 2.949852507374631 10.010224234048756 23
240 0.1 13.030602171767027 0.0 17.85028790786948 2.949852507374631 10.027842843719297 24
250 0.1 7.462686567164178 0.0 17.85028790786948 2.949852507374631 10.147953216841206 25
260 0.1 8.227228207639568 0.0 17.85028790786948 2.949852507374631 10.044673730315166 26
270 0.1 10.422812192723697 0.0 17.85028790786948 2.949852507374631 9.977360933179032 27
280 0.1 11.851126346718903 0.0 17.85028790786948 2.949852507374631 9.993269906734199 28
290 0.1 9.744094488188976 0.0 17.85028790786948 2.949852507374631 10.057333921906086 29
300 0.1 10.392156862745098 0.0 17.85028790786948 2.949852507374631 10.046892607448848 30
310 0.1 8.529411764705882 0.0 17.85028790786948 2.949852507374631 10.058030164071306 31
320 0.1 8.860759493670885 0.0 17.85028790786948 2.949852507374631 10.010260839091137 32
330 0.1 8.81188118811881 0.0 17.85028790786948 2.949852507374631 9.975427464987494 33
340 0.1 6.03960396039604 0.0 17.85028790786948 2.949852507374631 9.941205515667827 34
350 0.1 4.129793510324483 0.0 17.85028790786948 2.949852507374631 9.829731185517204 35
360 0.1 2.3645320197044337 0.0 17.85028790786948 2.3645320197044337 9.671399583428517 36
370 0.1 2.665350444225074 0.0 17.85028790786948 2.3645320197044337 9.47391667630084 37
380 0.1 2.955665024630542 0.0 17.85028790786948 2.3645320197044337 9.294743880719897 38
390 0.1 4.339250493096647 0.0 17.85028790786948 2.3645320197044337 9.132203397230427 39
400 0.1 3.3596837944664033 0.0 17.85028790786948 2.3645320197044337 9.012379574627081 40
410 0.1 2.9615004935834155 0.0 17.85028790786948 2.3645320197044337 8.874508945842674 41
420 0.1 4.117647058823529 0.0 17.85028790786948 2.3645320197044337 8.733723030312692 42
430 0.1 2.9644268774703555 0.0 17.85028790786948 2.3645320197044337 8.626372426324572 43
440 0.1 2.3506366307541624 0.0 17.85028790786948 2.3506366307541624 8.497691845668795 44
450 0.1 1.8645731108930326 0.0 17.85028790786948 1.8645731108930326 8.361090618670692 45
460 0.1 1.582591493570722 0.0 17.85028790786948 1.582591493570722 8.219861977197265 46
470 0.1 1.3779527559055118 0.0 17.85028790786948 1.3779527559055118 8.07864345626904 47
480 0.1 2.1739130434782608 0.0 17.85028790786948 1.3779527559055118 7.939045733344801 48
490 0.1 2.3622047244094486 0.0 17.85028790786948 1.3779527559055118 7.821389964163851 49
497 0.1 1.085883514313919 0.0 17.85028790786948 1.085883514313919 7.712206259368762 50
