0 0.1 0.078125 0 0.078125 0.078125 0 0
10 0.1 0.0703125 0.0 0.078125 0.0703125 0.078125 1
20 0.1 0.05859375 0.0 0.078125 0.05859375 0.07421875 2
30 0.1 0.05078125 0.0 0.078125 0.05078125 0.06901041666666667 3
40 0.1 0.0390625 0.0 0.078125 0.0390625 0.064453125 4
50 0.1 0.0390625 0.0 0.078125 0.0390625 0.059375 5
60 0.1 0.03125 0.0 0.078125 0.03125 0.055989583333333336 6
70 0.1 0.03125 0.0 0.078125 0.03125 0.052455357142857144 7
80 0.1 0.01953125 0.0 0.078125 0.01953125 0.0498046875 8
90 0.1 0.01953125 0.0 0.078125 0.01953125 0.046440972222222224 9
100 0.1 0.01953125 0.0 0.078125 0.01953125 0.04375 10
110 0.1 0.01171875 0.0 0.078125 0.01171875 0.041548295454545456 11
120 0.1 0.01171875 0.0 0.078125 0.01171875 0.0390625 12
130 0.1 0.01171875 0.0 0.078125 0.01171875 0.036959134615384616 13
140 0.1 0.01171875 0.0 0.078125 0.01171875 0.03515625 14
150 0.1 0.01171875 0.0 0.078125 0.01171875 0.03359375 15
160 0.1 0.01171875 0.0 0.078125 0.01171875 0.0322265625 16
170 0.1 0.0 0.0 0.078125 0.0 0.031020220588235295 17
180 0.1 0.0 0.0 0.078125 0.0 0.029296875 18
190 0.1 0.0 0.0 0.078125 0.0 0.027754934210526317 19
200 0.1 0.0 0.0 0.078125 0.0 0.0263671875 20
210 0.1 0.0 0.0 0.078125 0.0 0.025111607142857144 21
220 0.1 0.0 0.0 0.078125 0.0 0.023970170454545456 22
230 0.1 0.0 0.0 0.078125 0.0 0.022927989130434784 23
240 0.1 0.0 0.0 0.078125 0.0 0.02197265625 24
250 0.1 0.0 0.0 0.078125 0.0 0.02109375 25
260 0.1 0.078125 0.0 0.078125 0.0 0.020282451923076924 26
270 0.1 0.140625 0.0 0.140625 0.0 0.022424768518518517 27
280 0.1 0.12109375 0.0 0.140625 0.0 0.026646205357142856 28
290 0.1 0.1015625 0.0 0.140625 0.0 0.02990301724137931 29
300 0.1 0.08984375 0.0 0.140625 0.0 0.03229166666666667 30
310 0.1 0.0703125 0.0 0.140625 0.0 0.03414818548387097 31
320 0.1 0.12890625 0.0 0.140625 0.0 0.0352783203125 32
330 0.1 0.109375 0.0 0.140625 0.0 0.038115530303030304 33
340 0.1 0.08984375 0.0 0.140625 0.0 0.04021139705882353 34
350 0.1 0.078125 0.0 0.140625 0.0 0.041629464285714284 35
360 0.1 0.05859375 0.0 0.140625 0.0 0.042643229166666664 36
370 0.1 0.05078125 0.0 0.140625 0.0 0.04307432432432432 37
380 0.1 0.05078125 0.0 0.140625 0.0 0.04327713815789474 38
390 0.1 0.0390625 0.0 0.140625 0.0 0.04346955128205128 39
400 0.1 0.03125 0.0 0.140625 0.0 0.043359375 40
410 0.1 0.03125 0.0 0.140625 0.0 0.0430640243902439 41
420 0.1 0.01953125 0.0 0.140625 0.0 0.04278273809523809 42
430 0.1 0.01953125 0.0 0.140625 0.0 0.04224200581395348 43
440 0.1 0.01953125 0.0 0.140625 0.0 0.041725852272727265 44
450 0.1 0.01171875 0.0 0.140625 0.0 0.04123263888888888 45
460 0.1 0.01171875 0.0 0.140625 0.0 0.04059103260869564 46
470 0.1 0.01171875 0.0 0.140625 0.0 0.03997672872340425 47
480 0.1 0.01171875 0.0 0.140625 0.0 0.03938802083333333 48
490 0.1 0.01171875 0.0 0.140625 0.0 0.03882334183673469 49
497 0.1 0.01171875 0.0 0.140625 0.0 0.03828125 50
