10 0.1 2998 0 2998 2998 0 0
20 0.1 12346.0 0.0 12346 2998 2998.0 1
30 0.1 12738.0 0.0 12738 2998 7672.0 2
40 0.1 15127.0 0.0 15127 2998 9360.666666666666 3
50 0.1 21722.0 0.0 21722 2998 10802.25 4
60 0.1 21728.0 0.0 21728 2998 12986.2 5
70 0.1 35738.0 0.0 35738 2998 14443.166666666666 6
80 0.1 35130.0 0.0 35738 2998 17485.285714285714 7
90 0.1 31007.0 0.0 35738 2998 19690.875 8
100 0.1 41680.0 0.0 41680 2998 20948.222222222223 9
110 0.1 46435.0 0.0 46435 2998 23021.4 10
120 0.1 48968.0 0.0 48968 2998 25149.909090909092 11
130 0.1 25575.0 0.0 48968 2998 27134.75 12
140 0.1 33197.0 0.0 48968 2998 27014.76923076923 13
150 0.1 43645.0 0.0 48968 2998 27456.35714285714 14
160 0.1 39872.0 0.0 48968 2998 28535.6 15
170 0.1 27451.0 0.0 48968 2998 29244.125 16
180 0.1 26835.0 0.0 48968 2998 29138.647058823528 17
190 0.1 25399.0 0.0 48968 2998 29010.666666666668 18
200 0.1 26167.0 0.0 48968 2998 28820.57894736842 19
210 0.1 34004.0 0.0 48968 2998 28687.9 20
220 0.1 34587.0 0.0 48968 2998 28941.04761904762 21
230 0.1 30392.0 0.0 48968 2998 29197.68181818182 22
240 0.1 39940.0 0.0 48968 2998 29249.608695652172 23
250 0.1 25636.0 0.0 48968 2998 29695.041666666668 24
260 0.1 25764.0 0.0 48968 2998 29532.68 25
270 0.1 31799.0 0.0 48968 2998 29387.73076923077 26
280 0.1 35526.0 0.0 48968 2998 29477.037037037036 27
290 0.1 28497.0 0.0 48968 2998 29693.071428571428 28
300 0.1 30992.0 0.0 48968 2998 29651.827586206895 29
310 0.1 23651.0 0.0 48968 2998 29696.5 30
320 0.1 25368.0 0.0 48968 2998 29501.483870967742 31
330 0.1 25415.0 0.0 48968 2998 29372.3125 32
340 0.1 16567.0 0.0 48968 2998 29252.39393939394 33
350 0.1 8840.0 0.0 48968 2998 28879.29411764706 34
360 0.1 3939.0 0.0 48968 2998 28306.742857142857 35
370 0.1 5327.0 0.0 48968 2998 27629.86111111111 36
380 0.1 5958.0 0.0 48968 2998 27027.08108108108 37
390 0.1 8296.0 0.0 48968 2998 26472.63157894737 38
400 0.1 7971.0 0.0 48968 2998 26006.564102564105 39
410 0.1 6143.0 0.0 48968 2998 25555.675000000003 40
420 0.1 7478.0 0.0 48968 2998 25082.195121951223 41
430 0.1 6159.0 0.0 48968 2998 24663.047619047622 42
440 0.1 3521.0 0.0 48968 2998 24232.72093023256 43
450 0.1 2378.0 0.0 48968 2378 23762.000000000004 44
460 0.1 2070.0 0.0 48968 2070 23286.800000000003 45
470 0.1 889.0 0.0 48968 889 22825.565217391304 46
480 0.1 3477.0 0.0 48968 889 22358.82978723404 47
490 0.1 3473.0 0.0 48968 889 21965.458333333332 48
497 0.1 47.0 0.0 48968 47 21588.061224489797 49
