10 0.1 1548 0 1548 1548 0 0
20 0.1 6237.0 0.0 6237 1548 1548.0 1
30 0.1 6353.0 0.0 6353 1548 3892.5 2
40 0.1 7314.0 0.0 7314 1548 4712.666666666667 3
50 0.1 10723.0 0.0 10723 1548 5363.0 4
60 0.1 11046.0 0.0 11046 1548 6435.0 5
70 0.1 17124.0 0.0 17124 1548 7203.5 6
80 0.1 17726.0 0.0 17726 1548 8620.714285714286 7
90 0.1 15520.0 0.0 17726 1548 9758.875 8
100 0.1 20884.0 0.0 20884 1548 10399.0 9
110 0.1 23541.0 0.0 23541 1548 11447.5 10
120 0.1 24537.0 0.0 24537 1548 12546.90909090909 11
130 0.1 12523.0 0.0 24537 1548 13546.083333333334 12
140 0.1 16508.0 0.0 24537 1548 13467.384615384615 13
150 0.1 21138.0 0.0 24537 1548 13684.57142857143 14
160 0.1 19384.0 0.0 24537 1548 14181.466666666667 15
170 0.1 13499.0 0.0 24537 1548 14506.625 16
180 0.1 13097.0 0.0 24537 1548 14447.35294117647 17
190 0.1 12599.0 0.0 24537 1548 14372.333333333334 18
200 0.1 12776.0 0.0 24537 1548 14279.0 19
210 0.1 16830.0 0.0 24537 1548 14203.85 20
220 0.1 17143.0 0.0 24537 1548 14328.904761904761 21
230 0.1 15048.0 0.0 24537 1548 14456.818181818182 22
240 0.1 19880.0 0.0 24537 1548 14482.521739130434 23
250 0.1 12151.0 0.0 24537 1548 14707.416666666666 24
260 0.1 12654.0 0.0 24537 1548 14605.16 25
270 0.1 15776.0 0.0 24537 1548 14530.115384615385 26
280 0.1 17548.0 0.0 24537 1548 14576.25925925926 27
290 0.1 14196.0 0.0 24537 1548 14682.392857142857 28
300 0.1 14863.0 0.0 24537 1548 14665.620689655172 29
310 0.1 11570.0 0.0 24537 1548 14672.2 30
320 0.1 12522.0 0.0 24537 1548 14572.129032258064 31
330 0.1 12949.0 0.0 24537 1548 14508.0625 32
340 0.1 8411.0 0.0 24537 1548 14460.818181818182 33
350 0.1 4466.0 0.0 24537 1548 14282.882352941177 34
360 0.1 2006.0 0.0 24537 1548 14002.4 35
370 0.1 2.7e3 0.0 24537 1548 13669.166666666666 36
380 0.1 3116.0 0.0 24537 1548 13372.702702702703 37
390 0.1 4378.0 0.0 24537 1548 13102.78947368421 38
400 0.1 4128.0 0.0 24537 1548 12879.076923076924 39
410 0.1 3124.0 0.0 24537 1548 12660.3 40
420 0.1 3871.0 0.0 24537 1548 12427.707317073171 41
430 0.1 3212.0 0.0 24537 1548 12223.97619047619 42
440 0.1 1693.0 0.0 24537 1548 12014.39534883721 43
450 0.1 1177.0 0.0 24537 1177 11779.818181818182 44
460 0.1 1064.0 0.0 24537 1064 11544.2 45
470 0.1 480.0 0.0 24537 480 11316.369565217392 46
480 0.1 1861.0 0.0 24537 480 11085.808510638299 47
490 0.1 1802.0 0.0 24537 480 10893.625000000002 48
497 0.1 36.0 0.0 24537 36 10708.081632653064 49
