0 3231.05625 3231.05625
10 12580.51875 15811.575
20 13533.15234375 29344.72734375
30 14925.88359375 44270.6109375
40 22329.40234375 66600.01328125
50 27170.0078125 93770.02109375
60 33358.1390625 127128.16015625
70 41056.7375 168184.89765625
80 36940.1640625 205125.06171875
90 38219.90625 243344.96796875
100 59507.60703125 302852.575
110 49471.85703125 352324.43203125
120 29921.8375 382246.26953125
130 38388.9609375 420635.23046875
140 47325.51015625 467960.740625
150 41330.26640625 509291.00703125
160 33527.128125 542818.13515625
170 27385.18203125 570203.3171875
180 32578.046875 602781.3640625
190 26608.796875 629390.1609375
200 36888.47890625 666278.63984375
210 29576.8953125 695855.53515625
220 44491.659375 740347.19453125
230 41877.746875 782224.94140625
240 25174.6671875 807399.60859375
250 30410.36484375 837809.9734375
260 28796.86953125 866606.84296875
270 42277.9859375 908884.82890625
280 37523.66484375 946408.49375
290 31702.940625 978111.434375
300 27358.58984375 1005470.02421875
310 26728.975 1032198.99921875
320 34702.375 1066901.37421875
330 17751.3546875 1084652.72890625
340 15852.64140625 1100505.3703125
350 5168.56640625 1105673.93671875
360 6155.12421875 1111829.0609375
370 5530.96953125 1117360.03046875
380 6892.89609375 1124252.9265625
390 7639.640625 1131892.5671875
400 11181.37734375 1143073.94453125
410 8879.46796875 1151953.4125
420 6562.81640625 1158516.22890625
430 2588.684375 1161104.91328125
440 4687.5984375 1165792.51171875
450 2967.95625 1168760.46796875
460 1733.56875 1170494.03671875
470 2011.71953125 1172505.75625
480 2559.2984375 1175065.0546875
490 3673.55625 1178738.6109375
497 21.26171875 1178759.87265625
