0 11.1640625 11.1640625
10 22.49921875 33.66328125
20 31.87421875 65.5375
30 42.846875 108.384375
40 55.28828125 163.67265625
50 71.0875 234.76015625
60 87.81171875 322.571875
70 116.778125 439.35
80 99.734375 539.084375
90 94.58671875 633.67109375
100 193.6 827.27109375
110 133.96171875 961.2328125
120 103.36328125 1064.59609375
130 73.26015625 1137.85625
140 114.85703125 1252.71328125
150 105.07734375 1357.790625
160 90.77734375 1448.56796875
170 61.4890625 1510.05703125
180 54.17109375 1564.228125
190 55.68515625 1619.91328125
200 73.3015625 1693.21484375
210 87.825 1781.03984375
220 97.971875 1879.01171875
230 87.7984375 1966.81015625
240 71.259375 2038.06953125
250 61.08671875 2099.15625
260 65.2109375 2164.3671875
270 94.140625 2258.5078125
280 80.90078125 2339.40859375
290 63.9953125 2403.40390625
300 63.26953125 2466.6734375
310 54.09296875 2520.76640625
320 46.3734375 2567.13984375
330 28.91875 2596.05859375
340 31.8265625 2627.88515625
350 12.1578125 2640.04296875
360 7.36953125 2647.4125
370 16.6890625 2664.1015625
380 16.6453125 2680.746875
390 22.31171875 2703.05859375
400 25.00625 2728.06484375
410 11.08125 2739.14609375
420 10.15 2749.29609375
430 11.5078125 2760.80390625
440 3.271875 2764.07578125
450 2.18125 2766.25703125
460 4.2703125 2770.52734375
470 2.7265625 2773.25390625
480 3.2421875 2776.49609375
490 3.271875 2779.76796875
497 0.5453125 2780.31328125
