0 0.9 9
10 0.9 18
20 0.3 21
30 1 31
40 2.1 52
50 2.2 74
60 2.5 99
70 4.8 147
80 3.7 184
90 6.2 246
100 9.1 337
110 8.7 424
120 1.3 437
130 0 437
140 0 437
150 0 437
160 0 437
170 0 437
180 0 437
190 0 437
200 0 437
210 0 437
220 0 437
230 0 437
240 0 437
250 0 437
260 0 437
270 0 437
280 0 437
290 0 437
300 0 437
310 0 437
320 0 437
330 0 437
340 0 437
350 0 437
360 0 437
370 0 437
380 0 437
390 0 437
400 0 437
410 0 437
420 0 437
430 0 437
440 0 437
450 0 437
460 0 437
470 0 437
480 0 437
490 0 437
497 0 437
