0 0.1 3.1932908070365773 0 3.1932908070365773 3.1932908070365773 0 0
10 0.1 2.549019607843137 0.0 3.1932908070365773 2.549019607843137 3.1932908070365773 1
20 0.1 1.0848126232741617 0.0 3.1932908070365773 1.0848126232741617 2.871155207439857 2
30 0.1 1.085883514313919 0.0 3.1932908070365773 1.0848126232741617 2.275707679384625 3
40 0.1 1.5763546798029555 0.0 3.1932908070365773 1.0848126232741617 1.9782516381169484 4
50 0.1 1.8700787401574805 0.0 3.1932908070365773 1.0848126232741617 1.8978722464541498 5
60 0.1 1.6798418972332017 0.0 3.1932908070365773 1.0848126232741617 1.893239995404705 6
70 0.1 2.0710059171597637 0.0 3.1932908070365773 1.0848126232741617 1.8627545528087759 7
80 0.1 2.0689655172413794 0.0 3.1932908070365773 1.0848126232741617 1.8887859733526495 8
90 0.1 1.8737672583826428 0.0 3.1932908070365773 1.0848126232741617 1.9088059226736196 9
100 0.1 3.054187192118227 0.0 3.1932908070365773 1.0848126232741617 1.905302056244522 10
110 0.1 3.1620553359683794 0.0 3.1932908070365773 1.0848126232741617 2.009746159505768 11
120 0.1 3.7475345167652856 0.0 3.7475345167652856 1.0848126232741617 2.1057719242109854 12
130 0.1 5.615763546798029 0.0 5.615763546798029 1.0848126232741617 2.23206135440747 13
140 0.1 5.88235294117647 0.0 5.88235294117647 1.0848126232741617 2.4737543681496525 14
150 0.1 5.986261040235525 0.0 5.986261040235525 1.0848126232741617 2.700994273018107 15
160 0.1 10.097087378640776 0.0 10.097087378640776 1.0848126232741617 2.906323445969196 16
170 0.1 11.295034079844205 0.0 11.295034079844205 1.0848126232741617 3.329309559655759 17
180 0.1 11.445198836081474 0.0 11.445198836081474 1.0848126232741617 3.771849810777339 18
190 0.1 18.761904761904763 0.0 18.761904761904763 1.0848126232741617 4.175710285793346 19
200 0.1 18.86429258902791 0.0 18.86429258902791 1.0848126232741617 4.905020009598917 20
210 0.1 20.0 0.0 20.0 1.0848126232741617 5.569747275286012 21
220 0.1 30.64066852367688 0.0 30.64066852367688 1.0848126232741617 6.225667853682102 22
230 0.1 30.61611374407583 0.0 30.64066852367688 1.0848126232741617 7.287189621942745 23
240 0.1 34.64711274060495 0.0 34.64711274060495 1.0848126232741617 8.259228127031623 24
250 0.1 45.938628158844764 0.0 45.938628158844764 1.0848126232741617 9.314743511574557 25
260 0.1 46.89165186500888 0.0 46.89165186500888 1.0848126232741617 10.723354459546488 26
270 0.1 48.06866952789699 0.0 48.06866952789699 1.0848126232741617 12.06292103011917 27
280 0.1 50.0 0.0 50.0 1.0848126232741617 13.34884061932552 28
290 0.1 49.680511182108624 0.0 50.0 1.0848126232741617 14.612673701417744 29
300 0.1 43.44885883347422 0.0 50.0 1.0848126232741617 15.781601617440773 30
308 0.1 2.5691699604743086 0.0 50.0 1.0848126232741617 16.674093785699917 31
