0 0.1 3159.59375 0 3159.59375 3159.59375 0 0
10 0.1 3158.49609375 0.0 3159.59375 3158.49609375 3159.59375 1
20 0.1 3158.5390625 0.0 3159.59375 3158.49609375 3159.044921875 2
30 0.1 3158.58203125 0.0 3159.59375 3158.49609375 3158.8763020833335 3
40 0.1 3158.3203125 0.0 3159.59375 3158.3203125 3158.802734375 4
50 0.1 3157.984375 0.0 3159.59375 3157.984375 3158.70625 5
60 0.1 3157.87109375 0.0 3159.59375 3157.87109375 3158.5859375 6
70 0.1 3157.765625 0.0 3159.59375 3157.765625 3158.483816964286 7
80 0.1 3157.3203125 0.0 3159.59375 3157.3203125 3158.39404296875 8
90 0.1 3157.171875 0.0 3159.59375 3157.171875 3158.2747395833335 9
100 0.1 3156.8046875 0.0 3159.59375 3156.8046875 3158.164453125 10
110 0.1 3155.8203125 0.0 3159.59375 3155.8203125 3158.040838068182 11
120 0.1 3156.40625 0.0 3159.59375 3155.8203125 3157.8557942708335 12
130 0.1 3154.28515625 0.0 3159.59375 3154.28515625 3157.7442908653848 13
140 0.1 3152.75390625 0.0 3159.59375 3152.75390625 3157.4972098214284 14
150 0.1 3153.06640625 0.0 3159.59375 3152.75390625 3157.1809895833335 15
160 0.1 3149.3828125 0.0 3159.59375 3149.3828125 3156.923828125 16
170 0.1 3148.03515625 0.0 3159.59375 3148.03515625 3156.4802389705883 17
180 0.1 3146.65625 0.0 3159.59375 3146.65625 3156.0110677083335 18
190 0.1 3138.65234375 0.0 3159.59375 3138.65234375 3155.5187088815787 19
200 0.1 3135.51171875 0.0 3159.59375 3135.51171875 3154.6753906249996 20
210 0.1 3133.7421875 0.0 3159.59375 3133.7421875 3153.7628348214284 21
220 0.1 3120.8671875 0.0 3159.59375 3120.8671875 3152.8528053977275 22
230 0.1 3119.6015625 0.0 3159.59375 3119.6015625 3151.4621263586955 23
240 0.1 3099.859375 0.0 3159.59375 3099.859375 3150.1346028645835 24
250 0.1 3073.93359375 0.0 3159.59375 3073.93359375 3148.12359375 25
260 0.1 3061.3203125 0.0 3159.59375 3061.3203125 3145.2701322115386 26
270 0.1 3003.125 0.0 3159.59375 3003.125 3142.1608796296296 27
280 0.1 2950.54296875 0.0 3159.59375 2950.54296875 3137.1953125 28
290 0.1 2936.2890625 0.0 3159.59375 2936.2890625 3130.759024784483 29
300 0.1 2936.34765625 0.0 3159.59375 2936.2890625 3124.2766927083335 30
308 0.1 3013.1171875 0.0 3159.59375 2936.2890625 3118.2144657258063 31
