0 0.9 19.676350911458332 33.7497471640971 115.095947265625 7.160888671875 0 0
10 0.7 7.372000558035714 0.1247302765398944 115.095947265625 7.160888671875 19.676350911458332 9
20 0.3 7.385579427083333 0.17323027059326035 115.095947265625 7.14697265625 14.293197631835938 16
30 1.3 7.456768329326923 0.33509507384850834 115.095947265625 7.14697265625 13.20252107319079 19
40 2.6 7.2998046875 0.2351548547505946 115.095947265625 6.717041015625 10.868309020996094 32
50 2.4 7.43487548828125 0.44414625346012415 115.095947265625 6.717041015625 9.268634664601294 58
60 2.9 7.429131869612069 0.7298759966135182 115.095947265625 6.703857421875 8.731924661775915 82
70 4.3 7.259351153706396 0.6358720754263198 115.095947265625 5.94189453125 8.391555373733109 111
80 2.5 7.325703125 0.5845597609291929 115.095947265625 5.94189453125 8.075420429180195 154
90 6.2 7.29228751890121 0.6039803320206458 115.095947265625 5.94189453125 7.970711308484637 179
100 7.4 7.09973804370777 0.29995549174381475 115.095947265625 5.94189453125 7.796179047264004 241
110 8.5 7.2359288832720585 0.6347227175992639 115.095947265625 5.848876953125 7.6325706845238095 315
120 14.1 7.0801698941711 0.8925921040218585 115.095947265625 5.823974609375 7.548284301757812 400
130 16.5 7.194304865056818 0.9168599239600193 115.095947265625 5.823974609375 7.426280361887708 541
140 14.6 7.176033751605308 0.728777555341223 115.095947265625 5.823974609375 7.372065125376239 706
150 27.5 7.184998224431818 1.0752010539707981 115.095947265625 5.72705078125 7.338472894659624 852
160 33.1 7.12211087967334 0.9383705641588654 115.095947265625 5.72705078125 7.30102344096606 1127
170 32.8 7.211308921255717 1.9343925522367214 115.095947265625 5.72705078125 7.260406117380401 1458
180 54.5 9.976531590452982 16.86051975598597 175.053955078125 5.65087890625 7.251389387073068 1786
190 63.9 7.381594089275233 1.7048570287819929 175.053955078125 5.65087890625 7.888541897086819 2331
200 61.1 7.29469371739464 1.4970261198338979 175.053955078125 5.65087890625 7.7794713081334175 2970
210 103.6 7.670586898980456 2.7396915873482874 175.053955078125 5.65087890625 7.696757231634844 3581
220 118 7.3592127913135625 1.61754832044341 175.053955078125 5.65087890625 7.690884919607565 4617
230 116 7.517994637324892 1.6901310589820913 175.053955078125 5.65087890625 7.623371876415064 5797
240 208.6 9.055000575825455 3.757460683249689 175.053955078125 5.65087890625 7.605801429764985 6957
250 230.9 9.369176468946236 3.675280971130413 175.053955078125 5.65087890625 7.940096400314818 9043
260 236.1 9.73946400326929 4.190387448026637 175.053955078125 5.65087890625 8.230771689115906 11352
270 326.9 15.407163081456485 7.032927094473391 175.053955078125 5.65087890625 8.49052685237093 13713
280 349.2 16.200807132262167 6.693797506903844 175.053955078125 5.65087890625 9.821965071242717 16982
290 345.4 16.64951718964879 6.978658950985577 175.053955078125 5.65087890625 10.909926215966752 20474
300 81.5 16.085969552818234 5.689144104718407 175.053955078125 5.65087890625 11.738434541906981 23928
308 0 0 0 175.053955078125 5.65087890625 11.881636297308212 24743
