10 0.1 227 0 227 227 0 0
20 0.1 135.0 0.0 227 135 227.0 1
30 0.1 110.0 0.0 227 110 181.0 2
40 0.1 339.0 0.0 339 110 157.33333333333334 3
50 0.1 564.0 0.0 564 110 202.75 4
60 0.1 480.0 0.0 564 110 275.0 5
70 0.1 807.0 0.0 807 110 309.1666666666667 6
80 0.1 911.0 0.0 911 110 380.2857142857143 7
90 0.1 554.0 0.0 911 110 446.625 8
100 0.1 1603.0 0.0 1603 110 458.55555555555554 9
110 0.1 1638.0 0.0 1638 110 573.0 10
120 0.1 1976.0 0.0 1976 110 669.8181818181819 11
130 0.1 3555.0 0.0 3555 110 778.6666666666666 12
140 0.1 3584.0 0.0 3584 110 992.2307692307693 13
150 0.1 3388.0 0.0 3584 110 1177.357142857143 14
160 0.1 7007.0 0.0 7007 110 1324.7333333333333 15
170 0.1 7492.0 0.0 7492 110 1679.875 16
180 0.1 7504.0 0.0 7504 110 2021.764705882353 17
190 0.1 13818.0 0.0 13818 110 2326.3333333333335 18
200 0.1 14670.0 0.0 14670 110 2931.157894736842 19
210 0.1 14958.0 0.0 14958 110 3518.1 20
220 0.1 26344.0 0.0 26344 110 4062.8571428571427 21
230 0.1 25946.0 0.0 26344 110 5075.636363636364 22
240 0.1 30051.0 0.0 30051 110 5983.04347826087 23
250 0.1 50612.0 0.0 50612 110 6985.875 24
260 0.1 51971.0 0.0 51971 110 8730.92 25
270 0.1 58097.0 0.0 58097 110 10394.0 26
280 0.1 77271.0 0.0 77271 110 12160.777777777777 27
290 0.1 75252.0 0.0 77271 110 14486.142857142857 28
300 0.1 57846.0 0.0 77271 110 16581.51724137931 29
308 0.1 358.0 0.0 77271 110 17957.0 30
