10 0.1 165 0 165 165 0 0
20 0.1 86.0 0.0 165 86 165.0 1
30 0.1 84.0 0.0 165 84 125.5 2
40 0.1 248.0 0.0 248 84 111.66666666666667 3
50 0.1 408.0 0.0 408 84 145.75 4
60 0.1 366.0 0.0 408 84 198.2 5
70 0.1 578.0 0.0 578 84 226.16666666666666 6
80 0.1 641.0 0.0 641 84 276.42857142857144 7
90 0.1 377.0 0.0 641 84 322.0 8
100 0.1 1149.0 0.0 1149 84 328.1111111111111 9
110 0.1 1184.0 0.0 1184 84 410.2 10
120 0.1 1436.0 0.0 1436 84 480.54545454545456 11
130 0.1 2567.0 0.0 2567 84 560.1666666666666 12
140 0.1 2621.0 0.0 2621 84 714.5384615384615 13
150 0.1 2531.0 0.0 2621 84 850.7142857142857 14
160 0.1 4977.0 0.0 4977 84 962.7333333333333 15
170 0.1 5387.0 0.0 5387 84 1213.625 16
180 0.1 5324.0 0.0 5387 84 1459.1176470588234 17
190 0.1 10010.0 0.0 10010 84 1673.8333333333333 18
200 0.1 10859.0 0.0 10859 84 2112.5789473684213 19
210 0.1 10660.0 0.0 10859 84 2549.9000000000005 20
220 0.1 18707.0 0.0 18707 84 2936.095238095239 21
230 0.1 18783.0 0.0 18783 84 3652.954545454547 22
240 0.1 21113.0 0.0 21113 84 4310.782608695654 23
250 0.1 35011.0 0.0 35011 84 5010.875000000002 24
260 0.1 34943.0 0.0 35011 84 6210.880000000002 25
270 0.1 38177.0 0.0 38177 84 7315.961538461541 26
280 0.1 42774.0 0.0 42774 84 8458.962962962965 27
290 0.1 41469.0 0.0 42774 84 9684.500000000002 28
300 0.1 32256.0 0.0 42774 84 10780.517241379312 29
308 0.1 546.0 0.0 42774 84 11496.366666666669 30
