0 173.125 173.125
10 134.64921875 307.77421875
20 57.71015625 365.484375
30 250.05546875 615.53984375
40 500.1125 1115.65234375
50 461.6625 1577.31484375
60 557.86015625 2135.175
70 827.16484375 2962.33984375
80 480.92265625 3443.2625
90 1192.69921875 4635.96171875
100 1423.50859375 6059.4703125
110 1635.103125 7694.5734375
120 2712.3890625 10406.9625
130 3174.0578125 13581.0203125
140 2808.5625 16389.5828125
150 5290.1296875 21679.7125
160 6367.31171875 28047.02421875
170 6309.65859375 34356.6828125
180 10484.1640625 44840.846875
190 12292.403125 57133.25
200 11753.9703125 68887.2203125
210 19929.78046875 88817.00078125
220 22699.9125 111516.91328125
230 22315.29921875 133832.2125
240 40129.36015625 173961.57265625
250 44419.1171875 218380.68984375
260 45419.79375 263800.48359375
270 62885.85234375 326686.3359375
280 67176.92109375 393863.25703125
290 66445.759375 460309.01640625
300 15678.49375 475987.51015625
308 0 475987.51015625
