0 0 0
10 0 0
20 0 0
30 0 0
40 0 0
50 0 0
60 0.1 1
70 0.1 2
80 0.4 6
90 2.4 30
100 4.2 72
110 4.9 121
120 7.3 194
130 5.9 253
140 5.4 307
150 1.1 318
160 1.1 329
170 0.6 335
180 0.4 339
190 0.5 344
200 0.1 345
210 0.2 347
220 0.3 350
230 0.3 353
240 0.3 356
250 0.4 360
260 0.3 363
270 0 363
280 0.4 367
290 0.4 371
300 0.3 374
310 0.3 377
320 0.5 382
330 0.3 385
340 0.9 394
350 0.2 396
360 0.5 401
370 0.1 402
380 0.3 405
390 0.9 414
400 0.2 416
410 0.6 422
420 0.4 426
430 0.7 433
440 0.3 436
450 1.2 448
452 0.1 449
