0 0.1 3158.796875 0 3158.796875 3158.796875 0 0
10 0.1 3158.125 0.0 3158.796875 3158.125 3158.796875 1
20 0.1 3155.59375 0.0 3158.796875 3155.59375 3158.4609375 2
30 0.1 3154.515625 0.0 3158.796875 3154.515625 3157.5052083333335 3
40 0.1 3154.16015625 0.0 3158.796875 3154.16015625 3156.7578125 4
50 0.1 3148.58984375 0.0 3158.796875 3148.58984375 3156.23828125 5
60 0.1 3146.44140625 0.0 3158.796875 3146.44140625 3154.9635416666665 6
70 0.1 3144.14453125 0.0 3158.796875 3144.14453125 3153.74609375 7
80 0.1 3140.984375 0.0 3158.796875 3140.984375 3152.5458984375 8
90 0.1 3138.765625 0.0 3158.796875 3138.765625 3151.261284722222 9
100 0.1 3136.453125 0.0 3158.796875 3136.453125 3150.01171875 10
110 0.1 3134.0625 0.0 3158.796875 3134.0625 3148.779119318182 11
120 0.1 3132.0703125 0.0 3158.796875 3132.0703125 3147.552734375 12
130 0.1 3131.71875 0.0 3158.796875 3131.71875 3146.361778846154 13
140 0.1 3131.484375 0.0 3158.796875 3131.484375 3145.315848214286 14
150 0.1 3131.36328125 0.0 3158.796875 3131.36328125 3144.39375 15
160 0.1 3131.2421875 0.0 3158.796875 3131.2421875 3143.579345703125 16
170 0.1 3131.125 0.0 3158.796875 3131.125 3142.853630514706 17
180 0.1 3131.015625 0.0 3158.796875 3131.015625 3142.2020399305557 18
190 0.1 3131.05859375 0.0 3158.796875 3131.015625 3141.61328125 19
200 0.1 3131.046875 0.0 3158.796875 3131.015625 3141.085546875 20
210 0.1 3131.01171875 0.0 3158.796875 3131.01171875 3140.6075148809523 21
220 0.1 3131.0703125 0.0 3158.796875 3131.01171875 3140.1713423295455 22
230 0.1 3130.81640625 0.0 3158.796875 3130.81640625 3139.775645380435 23
240 0.1 3130.85546875 0.0 3158.796875 3130.81640625 3139.40234375 24
250 0.1 3130.859375 0.0 3158.796875 3130.81640625 3139.06046875 25
260 0.1 3130.8671875 0.0 3158.796875 3130.81640625 3138.7450420673076 26
270 0.1 3130.875 0.0 3158.796875 3130.81640625 3138.453269675926 27
280 0.1 3130.25 0.0 3158.796875 3130.25 3138.1826171875 28
290 0.1 3130.26953125 0.0 3158.796875 3130.25 3137.909078663793 29
300 0.1 3130.13671875 0.0 3158.796875 3130.13671875 3137.6544270833333 30
310 0.1 3130.171875 0.0 3158.796875 3130.13671875 3137.4119203629034 31
320 0.1 3130.49609375 0.0 3158.796875 3130.13671875 3137.1856689453125 32
330 0.1 3130.66796875 0.0 3158.796875 3130.13671875 3136.9829545454545 33
340 0.1 3130.70703125 0.0 3158.796875 3130.13671875 3136.7972196691176 34
350 0.1 3130.75390625 0.0 3158.796875 3130.13671875 3136.6232142857143 35
360 0.1 3130.609375 0.0 3158.796875 3130.13671875 3136.4601779513887 36
370 0.1 3130.37109375 0.0 3158.796875 3130.13671875 3136.302048141892 37
380 0.1 3130.390625 0.0 3158.796875 3130.13671875 3136.145970394737 38
390 0.1 3131.3359375 0.0 3158.796875 3130.13671875 3135.998397435898 39
400 0.1 3131.25390625 0.0 3158.796875 3130.13671875 3135.8818359375005 40
410 0.1 3131.296875 0.0 3158.796875 3130.13671875 3135.768959603659 41
420 0.1 3131.33203125 0.0 3158.796875 3130.13671875 3135.6624813988096 42
430 0.1 3131.22265625 0.0 3158.796875 3130.13671875 3135.561773255814 43
440 0.1 3131.26171875 0.0 3158.796875 3130.13671875 3135.4631569602275 44
450 0.1 3131.3359375 0.0 3158.796875 3130.13671875 3135.3697916666665 45
