0 0.1 0.41015625 0 0.41015625 0.41015625 0 0
10 0.1 0.3515625 0.0 0.41015625 0.3515625 0.41015625 1
20 0.1 0.30078125 0.0 0.41015625 0.30078125 0.380859375 2
30 0.1 0.25 0.0 0.41015625 0.25 0.3541666666666667 3
40 0.1 0.2109375 0.0 0.41015625 0.2109375 0.328125 4
50 0.1 0.1796875 0.0 0.41015625 0.1796875 0.3046875 5
60 0.1 0.1484375 0.0 0.41015625 0.1484375 0.2838541666666667 6
70 0.1 0.12890625 0.0 0.41015625 0.12890625 0.26450892857142855 7
80 0.1 0.109375 0.0 0.41015625 0.109375 0.24755859374999997 8
90 0.1 0.08984375 0.0 0.41015625 0.08984375 0.2322048611111111 9
100 0.1 0.078125 0.0 0.41015625 0.078125 0.21796875 10
110 0.1 0.0703125 0.0 0.41015625 0.0703125 0.20525568181818182 11
120 0.1 0.12890625 0.0 0.41015625 0.0703125 0.19401041666666666 12
130 0.1 0.109375 0.0 0.41015625 0.0703125 0.18900240384615385 13
140 0.1 0.08984375 0.0 0.41015625 0.0703125 0.18331473214285715 14
150 0.1 0.078125 0.0 0.41015625 0.0703125 0.17708333333333334 15
160 0.1 0.0703125 0.0 0.41015625 0.0703125 0.1708984375 16
170 0.1 0.05859375 0.0 0.41015625 0.05859375 0.16498161764705882 17
180 0.1 0.05078125 0.0 0.41015625 0.05078125 0.15907118055555555 18
190 0.1 0.0390625 0.0 0.41015625 0.0390625 0.1533717105263158 19
200 0.1 0.03125 0.0 0.41015625 0.03125 0.14765625 20
210 0.1 0.03125 0.0 0.41015625 0.03125 0.14211309523809523 21
220 0.1 0.01953125 0.0 0.41015625 0.01953125 0.13707386363636365 22
230 0.1 0.01953125 0.0 0.41015625 0.01953125 0.1319633152173913 23
240 0.1 0.01953125 0.0 0.41015625 0.01953125 0.12727864583333334 24
250 0.1 0.01171875 0.0 0.41015625 0.01171875 0.12296875 25
260 0.1 0.01171875 0.0 0.41015625 0.01171875 0.11868990384615384 26
270 0.1 0.01171875 0.0 0.41015625 0.01171875 0.11472800925925926 27
280 0.1 0.01171875 0.0 0.41015625 0.01171875 0.11104910714285714 28
290 0.1 0.01171875 0.0 0.41015625 0.01171875 0.10762392241379311 29
300 0.1 0.01171875 0.0 0.41015625 0.01171875 0.10442708333333334 30
310 0.1 0.01171875 0.0 0.41015625 0.01171875 0.10143649193548387 31
320 0.1 0.0 0.0 0.41015625 0.0 0.0986328125 32
330 0.1 0.0 0.0 0.41015625 0.0 0.09564393939393939 33
340 0.1 0.0 0.0 0.41015625 0.0 0.09283088235294118 34
350 0.1 0.0 0.0 0.41015625 0.0 0.09017857142857143 35
360 0.1 0.0 0.0 0.41015625 0.0 0.0876736111111111 36
370 0.1 0.0 0.0 0.41015625 0.0 0.08530405405405406 37
380 0.1 0.078125 0.0 0.41015625 0.0 0.08305921052631579 38
390 0.1 0.0703125 0.0 0.41015625 0.0 0.0829326923076923 39
400 0.1 0.05859375 0.0 0.41015625 0.0 0.0826171875 40
410 0.1 0.05078125 0.0 0.41015625 0.0 0.08203125 41
420 0.1 0.12109375 0.0 0.41015625 0.0 0.08128720238095238 42
430 0.1 0.1015625 0.0 0.41015625 0.0 0.08221293604651163 43
440 0.1 0.08984375 0.0 0.41015625 0.0 0.08265269886363637 44
450 0.1 0.0703125 0.0 0.41015625 0.0 0.0828125 45
