0 0.9 45.67371961805556 33.171159920953514 120.680908203125 13.16796875 0 0
10 3.6 963.7490776909722 2114.6756578215136 7168.7919921875 13.16796875 45.67371961805556 9
20 3.2 625.8107528686523 1767.0750637853507 8633.31005859375 13.16796875 780.1340060763889 45
30 1.1 10509.328946200285 1488.9590053996399 12602.6748046875 13.16796875 715.9996670809659 77
40 6.6 11612.041478012547 4876.166564642591 21975.947998046875 13.16796875 1940.1658269708807 88
50 4 7439.2959411621105 6822.718275668075 29171.39794921875 13.16796875 6085.255391703024 154
60 10.5 7668.784747023814 3954.836448736961 29171.39794921875 0.97900390625 6364.439010148196 194
70 19.6 1728.1261073521202 4641.005751751187 29171.39794921875 0.705810546875 6822.486844168062 299
80 42.5 260.4264769071691 2408.6887525091697 29171.39794921875 0.6669921875 4805.325825145992 495
90 60.3 861.4709241876562 5090.333477345516 34811.02197265625 0.6640625 2705.7799305791445 920
100 79.8 484.5915273413021 4294.880106412823 40708.092041015625 0.635986328125 1975.5643489284107 1523
110 104 729.5265664907605 5836.020766601559 53227.6240234375 0.635986328125 1462.9420690376255 2321
120 89.1 2175.016489767468 10926.803268212001 62775.319091796875 0.635986328125 1236.0000509927759 3361
130 50.5 1794.9353249729272 10283.454535243416 68724.373046875 0.635986328125 1432.7694881866262 4252
140 25.5 9158.893008003983 20225.010212405814 72199.123046875 0.635986328125 1471.2167758841417 4757
150 13.9 3108.3434900517086 12938.254534306549 72199.123046875 0.635986328125 1862.349545076193 5012
160 10.1 7618.678672261757 17211.810380212803 72199.123046875 0.635986328125 1895.9727557831618 5151
170 5.6 15576.255453927177 21837.005201181837 72199.123046875 0.635986328125 2006.0247926385193 5252
180 3.5 28810.203062220986 23786.192088754087 72199.123046875 0.635986328125 2149.1922600522657 5308
190 2 42294.40440673828 18239.923911105303 72199.123046875 0.635986328125 2323.8385969558603 5343
200 1.8 57892.54273817274 2401.5733573923485 72199.123046875 0.635986328125 2472.899069862004 5363
210 2.1 56081.24060639881 4315.435384078919 72199.123046875 0.635986328125 2658.2834939522463 5381
220 2.8 55016.414175851 7683.590582561337 72199.123046875 0.635986328125 2865.962520120587 5402
230 1.5 52898.28118489583 7324.784037577121 72199.123046875 0.635986328125 3134.8782929309837 5430
240 2.2 51014.90849165483 5401.81769140718 72199.123046875 0.635986328125 3271.9675570961763 5445
250 1 52612.63212890625 6619.705174628818 72199.123046875 0.635986328125 3464.0920678992293 5467
260 1.8 49758.518310546875 4981.862899336158 72199.123046875 0.635986328125 3553.8283104791212 5477
270 1.8 52700.63684082031 3262.027794140993 72199.123046875 0.635986328125 3705.1812531545024 5495
280 2 53510.22202148438 5015.3948745206435 72199.123046875 0.635986328125 3865.151904447444 5513
290 1.9 52134.124935752465 7626.326890902801 72199.123046875 0.635986328125 4044.602727209189 5533
300 1.6 48475.01184082031 6199.513945271288 72199.123046875 0.635986328125 4209.174218917101 5552
310 1.8 48070.23513454861 5033.55671322214 72199.123046875 0.635986328125 4336.374901738662 5568
320 1.7 44134.422277113976 7215.880950081091 72199.123046875 0.635986328125 4477.300337504967 5586
330 2.2 44030.34345037287 5815.189751582928 72199.123046875 0.635986328125 4597.623570232675 5603
340 2.2 36791.22727272727 10887.795292871231 72199.123046875 0.635986328125 4751.849319097223 5625
350 1.2 37257.01989746094 4960.670291228642 72199.123046875 0.635986328125 4876.670695930915 5647
360 1.7 35986.80280618107 5717.262773189221 72199.123046875 0.635986328125 4945.333744246582 5659
370 1.2 38099.355712890625 4898.026612455289 72199.123046875 0.635986328125 5038.305022268584 5676
380 2.5 33673.008193359376 7087.440361305693 72199.123046875 0.635986328125 5108.054074358504 5688
390 1.3 24687.052490234375 11967.431961778506 72199.123046875 0.635986328125 5233.053873583959 5713
400 1.5 23796.837760416667 8064.021906009425 72199.123046875 0.635986328125 5277.221177463885 5726
410 2.8 17015.970886230465 8175.646131903167 72199.123046875 0.635986328125 5325.608958119571 5741
420 1.6 15491.092819213867 8965.33495566393 72199.123046875 0.635986328125 5382.348450923715 5769
430 2 12421.091284179687 5535.987919369163 72199.123046875 0.635986328125 5410.306948744397 5785
440 1.6 8427.832580566406 6834.243402645502 72199.123046875 0.635986328125 5434.461244473718 5805
450 1.6 5910.855773925781 7067.288361682338 72199.123046875 0.635986328125 5442.689030314205 5821
452 0 0 0 72199.123046875 0.635986328125 5443.972338160323 5837
