60 0.1 66083.56909179688 0 66083.56909179688 66083.56909179688 0 0
70 0.1 65376.111083984375 0.0 66083.56909179688 65376.111083984375 66083.56909179688 1
80 0.4 38550.37390136719 24707.763148535978 66083.56909179688 10280.121826171875 65729.84008789063 2
90 2.4 31534.983367919922 17623.546009756486 69787.02685546875 10280.121826171875 47610.195963541664 6
100 4.2 40010.34980701265 24673.141200902377 102246.09399414063 10280.121826171875 34750.02588704427 30
110 4.9 37629.09188655932 25615.99431123723 106036.1650390625 10280.121826171875 37818.54817369249 72
120 7.3 32288.833843910532 21778.34283745033 119675.80786132813 10280.121826171875 37741.82620617575 121
130 5.9 37014.12490482652 27354.955248477163 123916.11401367188 10280.121826171875 35689.927018313065 194
140 5.4 50933.113661024305 33030.811674214136 128270.19091796875 10280.121826171875 35998.732059041504 253
150 1.1 72475.0576837713 26787.330482722253 128270.19091796875 10280.121826171875 38625.62654277789 307
160 1.1 82639.51928710938 23935.996884892018 129817.17700195313 10280.121826171875 39796.51881495062 318
170 0.6 78912.18400065105 15748.050289322447 129817.17700195313 10280.121826171875 41228.95956022036 329
180 0.4 76558.81573486328 7835.7730073793955 129817.17700195313 10280.121826171875 41903.88298303405 335
190 0.5 105292.18657226562 23611.06327309276 129817.17700195313 10280.121826171875 42312.79074411758 339
200 0.1 189715.20092773438 0.0 189715.20092773438 10280.121826171875 43228.18893929415 344
210 0.2 114233.6875 22581.449462890625 189715.20092773438 10280.121826171875 43652.78897404325 345
220 0.3 138958.18562825522 29716.586445811587 189715.20092773438 10280.121826171875 44059.59530560496 347
230 0.3 151153.20239257813 19867.778997395668 189715.20092773438 10280.121826171875 44873.01179408482 350
240 0.3 189113.51302083334 15710.25943838579 211006.18310546875 10280.121826171875 45776.24287565842 353
250 0.4 202635.44372558594 34613.610200089795 240347.13305664063 10280.121826171875 46984.14121957843 356
260 0.3 233205.5096028646 6194.645223699512 241895.1337890625 10280.121826171875 48713.60013631185 360
270 0 0 0 241895.1337890625 10280.121826171875 50238.32666082881 363
280 0.4 190876.69244384766 8636.9554204978 241895.1337890625 10280.121826171875 50238.32666082881 363
290 0.4 186675.91571044922 5790.80970045602 241895.1337890625 10280.121826171875 51771.16988462194 367
300 0.3 204975.50935872397 19490.60479413485 241895.1337890625 10280.121826171875 53225.66849190848 371
310 0.3 225774.53442382813 19605.298829390234 242381.18505859375 10280.121826171875 54442.9132047439 374
320 0.5 257431.92612304687 27178.039849614604 293369.7800292969 10280.121826171875 55806.29480595677 377
330 0.3 230463.23819986978 7393.548823404843 293369.7800292969 10280.121826171875 58445.37374989774 382
340 0.9 266292.339328342 31937.92220076716 307043.06396484375 10280.121826171875 59785.772693663755 385
350 0.2 281037.1630859375 30671.93896484375 311709.10205078125 10280.121826171875 64502.92776907519 394
360 0.5 276459.80659179686 21257.626752887907 318761.1689453125 10280.121826171875 65596.53501815026 396
370 0.1 327542.171875 0.0 327542.171875 10280.121826171875 68225.75286819573 401
380 0.3 287736.5510253906 25082.081158881032 327542.171875 10280.121826171875 68870.81858711813 402
390 0.9 294449.84242078994 21874.600007429744 344073.1369628906 10280.121826171875 70492.04623480904 405
400 0.2 347692.5245361328 12831.462524414063 360523.9870605469 10280.121826171875 75360.69397798253 414
410 0.6 336291.53291829425 21678.873019102295 373556.171875 10280.121826171875 76669.98162489673 416
420 0.4 333199.2182006836 28279.87283099387 373556.171875 10280.121826171875 80361.28330205404 422
430 0.7 340400.73786272324 27263.428256927113 401621.0529785156 10280.121826171875 82735.34841847309 426
440 0.3 360123.5446777344 30987.60465267667 402995.1579589844 10280.121826171875 86900.83970279123 433
450 1.2 363998.12386067706 19651.08884039958 402995.1579589844 10280.121826171875 88780.8124434445 436
452 0.1 358713.2238769531 0.0 402995.1579589844 10280.121826171875 96152.70471354896 448
