0 3.63125 3.63125
10 10.303125 13.934375
20 17.47734375 31.41171875
30 6.77109375 38.1828125
40 17.7140625 55.896875
50 22.56875 78.465625
60 40.740625 119.20625
70 33.2359375 152.4421875
80 79 231.4421875
90 99.15390625 330.59609375
100 121.61484375 452.2109375
110 153.3 605.5109375
120 142.50390625 748.01484375
130 111.6484375 859.66328125
140 69.840625 929.50390625
150 50.671875 980.17578125
160 35.275 1015.45078125
170 21.03203125 1036.4828125
180 12.65546875 1049.13828125
190 5.55859375 1054.696875
200 5.6328125 1060.3296875
210 9.19609375 1069.52578125
220 6.9375 1076.46328125
230 6.34609375 1082.809375
240 4.471875 1087.28125
250 3.71328125 1090.99453125
260 5.93125 1096.92578125
270 7.40625 1104.33203125
280 5.90234375 1110.234375
290 4.85546875 1115.08984375
300 4.52890625 1119.61875
310 3.7375 1123.35625
320 7.38515625 1130.74140625
330 5.59453125 1136.3359375
340 6.6546875 1142.990625
350 2.67578125 1145.66640625
360 4.49609375 1150.1625
370 4.83984375 1155.00234375
380 2.95 1157.95234375
390 6.2890625 1164.24140625
400 4.50625 1168.74765625
410 7.771875 1176.51953125
420 5.6234375 1182.14296875
430 3.7671875 1185.91015625
440 3.76640625 1189.6765625
450 3.9234375 1193.6
452 0 1193.6
