0 0.1 2.156552762796592 0 2.156552762796592 2.156552762796592 0 0
10 0.1 2.359882005899705 0.0 2.359882005899705 2.156552762796592 2.156552762796592 1
20 0.1 1.673228346456693 0.0 2.359882005899705 1.673228346456693 2.2582173843481486 2
30 0.1 2.2615535889872174 0.0 2.359882005899705 1.673228346456693 2.0632210383843304 3
40 0.1 2.549019607843137 0.0 2.549019607843137 1.673228346456693 2.112804176035052 4
50 0.1 2.2660098522167487 0.0 2.549019607843137 1.673228346456693 2.200047262396669 5
60 0.1 2.9469548133595285 0.0 2.9469548133595285 1.673228346456693 2.2110410273666825 6
70 0.1 2.9585798816568047 0.0 2.9585798816568047 1.673228346456693 2.3161715682228032 7
80 0.1 4.027504911591356 0.0 4.027504911591356 1.673228346456693 2.3964726074020533 8
90 0.1 3.9254170755642788 0.0 4.027504911591356 1.673228346456693 2.5776984189786427 9
100 0.1 3.5467980295566504 0.0 4.027504911591356 1.673228346456693 2.7124702846372064 10
110 0.1 4.305283757338552 0.0 4.305283757338552 1.673228346456693 2.788318261448065 11
120 0.1 6.35386119257087 0.0 6.35386119257087 1.673228346456693 2.914732052772272 12
130 0.1 3.4448818897637796 0.0 6.35386119257087 1.673228346456693 3.179280448141395 13
140 0.1 3.353057199211045 0.0 6.35386119257087 1.673228346456693 3.1982519796858506 14
150 0.1 1.968503937007874 0.0 6.35386119257087 1.673228346456693 3.208572327654197 15
160 0.1 1.7751479289940828 0.0 6.35386119257087 1.673228346456693 3.1310680532388018 16
170 0.1 1.1869436201780417 0.0 6.35386119257087 1.1869436201780417 3.0513080459302886 17
180 0.1 1.678183613030602 0.0 6.35386119257087 1.1869436201780417 2.9477322444996084 18
190 0.1 2.0648967551622417 0.0 6.35386119257087 1.1869436201780417 2.880913895474924 19
200 0.1 2.156862745098039 0.0 6.35386119257087 1.1869436201780417 2.84011303845929 20
210 0.1 2.75049115913556 0.0 6.35386119257087 1.1869436201780417 2.8075773102039925 21
