0 1 26.165234375 34.33333296353763 116.8310546875 7.202880859375 0 0
10 1.6 273.76312255859375 947.8253676635346 3941.945068359375 7.10693359375 26.165234375 10
20 3.9 253.28379782652243 1018.9703214990736 4690.5078125 6.7451171875 178.53316556490384 26
30 4 641.9791198730469 1663.6365629327129 6033.548828125 6.7451171875 223.383544921875 65
40 4.7 238.92545919215425 994.3783116243815 6033.548828125 6.7451171875 382.84852585565477 105
50 4.9 682.9708824936224 1989.6232876267363 8186.906005859375 6.7451171875 338.3459986636513 152
60 6 604.3050252278646 1677.3808797380223 8507.399169921875 6.7451171875 422.3590300450871 201
70 10 1743.0055029296877 2413.426191885805 12013.972900390625 6.7451171875 464.1856956043463 261
80 8.5 4775.618169806985 2683.2135101512463 13210.160888671875 6.7451171875 818.429409544884 361
90 5.1 7637.785275926777 3524.919538342509 18715.052978515625 6.7451171875 1572.6021553347464 446
100 12.8 4396.760433197022 4644.056509608501 18715.052978515625 0.708984375 2194.9851314920775 497
110 20.7 6983.502982761549 6016.677554067001 20725.4609375 0.7080078125 2645.90871328125 625
120 15.9 1995.3025731500593 4999.024038428942 23207.154052734375 0.69091796875 3725.093826000507 832
130 10.2 14357.056690889243 5130.14481367888 23207.154052734375 0.69091796875 3447.559205210173 991
140 4.1 14848.588545636432 6441.250641410618 29659.130126953125 0.69091796875 4465.645887313801 1093
150 2.7 21063.120885778357 4403.829706838631 29659.130126953125 0.69091796875 4841.043285013297 1134
160 1.3 26799.88897235577 3161.0539561684977 33433.324951171875 0.69091796875 5218.30090363574 1161
170 2.8 28178.956970214844 6459.105047033497 40967.875 0.69091796875 5457.279306440987 1174
180 4 26833.77764892578 10143.174834337675 42640.806884765625 0.69091796875 5986.569634715253 1202
190 2.5 24243.672626953125 7639.399511220541 43264.93896484375 0.69091796875 6657.9773002292795 1242
200 6 13590.635034179688 11245.78069043584 43264.93896484375 0.69091796875 7004.972077788945 1267
210 1 2794.2403076171877 8359.434574947249 43264.93896484375 0.69091796875 7302.741314701865 1327
212 0 0 0 43264.93896484375 0.69091796875 7269.020289966752 1337
