0 2.22578125 2.22578125
10 3.96171875 6.1875
20 14.284375 20.471875
30 10.96328125 31.43515625
40 16.43515625 47.8703125
50 18.11015625 65.98046875
60 20.8984375 86.87890625
70 38.52109375 125.4
80 29.3671875 154.7671875
90 23.978125 178.7453125
100 41.84375 220.5890625
110 56.99609375 277.58515625
120 58.075 335.66015625
130 36.08046875 371.740625
140 13.7375 385.478125
150 9.26640625 394.74453125
160 9.78203125 404.5265625
170 9.965625 414.4921875
180 14.24609375 428.73828125
190 4.72109375 433.459375
200 8.92734375 442.38671875
210 3.76484375 446.1515625
212 0 446.1515625
